15 8 10
15 0 10 2 1 24 4 1 24 2 3 24 4 3 24 2 6 24 4 6 24 2 8 24 4 8 24 2 10 24 4 10 24 0 30 1 1 63 2 1 63 3 1 63 5 1 63 6 1 63 7 1 63 1 2 63 2 2 63 3 2 63 5 2 63 6 2 63 7 2 63 1 3 63 2 3 63 3 3 63 5 3 63 6 3 63 7 3 63 1 5 63 2 5 63 3 5 63 5 5 63 6 5 63 7 5 63 1 8 63 2 8 63 3 8 63 5 8 63 6 8 63 7 8 63 0 10 2 1 29 3 1 29 2 4 29 3 4 29 2 6 29 3 6 29 2 8 29 3 8 29 2 10 29 3 10 29 1 5 3 83 4 83 5 83 8 83 9 83 0 20 2 1 23 4 1 23 5 1 23 8 1 23 2 3 23 4 3 23 5 3 23 8 3 23 2 7 23 4 7 23 5 7 23 8 7 23 2 8 23 4 8 23 5 8 23 8 8 23 2 10 23 4 10 23 5 10 23 8 10 23 0 25 1 1 66 4 1 66 5 1 66 6 1 66 8 1 66 1 2 66 4 2 66 5 2 66 6 2 66 8 2 66 1 3 66 4 3 66 5 3 66 6 3 66 8 3 66 1 7 66 4 7 66 5 7 66 6 7 66 8 7 66 1 10 66 4 10 66 5 10 66 6 10 66 8 10 66 0 10 2 3 29 5 3 29 2 4 29 5 4 29 2 7 29 5 7 29 2 9 29 5 9 29 2 10 29 5 10 29 0 15 1 2 11 2 2 11 8 2 11 1 5 11 2 5 11 8 5 11 1 8 11 2 8 11 8 8 11 1 9 11 2 9 11 8 9 11 1 10 11 2 10 11 8 10 11 0 30 1 1 62 2 1 62 3 1 62 5 1 62 7 1 62 8 1 62 1 6 62 2 6 62 3 6 62 5 6 62 7 6 62 8 6 62 1 8 62 2 8 62 3 8 62 5 8 62 7 8 62 8 8 62 1 9 62 2 9 62 3 9 62 5 9 62 7 9 62 8 9 62 1 10 62 2 10 62 3 10 62 5 10 62 7 10 62 8 10 62 0 25 1 1 94 2 1 94 4 1 94 6 1 94 8 1 94 1 3 94 2 3 94 4 3 94 6 3 94 8 3 94 1 8 94 2 8 94 4 8 94 6 8 94 8 8 94 1 9 94 2 9 94 4 9 94 6 9 94 8 9 94 1 10 94 2 10 94 4 10 94 6 10 94 8 10 94 0 35 1 1 41 2 1 41 3 1 41 4 1 41 5 1 41 7 1 41 8 1 41 1 5 41 2 5 41 3 5 41 4 5 41 5 5 41 7 5 41 8 5 41 1 6 41 2 6 41 3 6 41 4 6 41 5 6 41 7 6 41 8 6 41 1 7 41 2 7 41 3 7 41 4 7 41 5 7 41 7 7 41 8 7 41 1 9 41 2 9 41 3 9 41 4 9 41 5 9 41 7 9 41 8 9 41 0 10 3 1 90 4 1 90 3 5 90 4 5 90 3 7 90 4 7 90 3 8 90 4 8 90 3 10 90 4 10 90 0 10 4 4 63 7 4 63 4 6 63 7 6 63 4 7 63 7 7 63 4 9 63 7 9 63 4 10 63 7 10 63 1 5 1 45 5 45 7 45 8 45 9 45 0 20 3 3 91 6 3 91 7 3 91 8 3 91 3 5 91 6 5 91 7 5 91 8 5 91 3 6 91 6 6 91 7 6 91 8 6 91 3 9 91 6 9 91 7 9 91 8 9 91 3 10 91 6 10 91 7 10 91 8 10 91 
20 1 5 4 73 7 73 8 73 9 73 10 73 0 20 1 1 31 2 1 31 3 1 31 5 1 31 1 3 31 2 3 31 3 3 31 5 3 31 1 4 31 2 4 31 3 4 31 5 4 31 1 8 31 2 8 31 3 8 31 5 8 31 1 9 31 2 9 31 3 9 31 5 9 31 0 15 1 3 97 4 3 97 6 3 97 1 7 97 4 7 97 6 7 97 1 8 97 4 8 97 6 8 97 1 9 97 4 9 97 6 9 97 1 10 97 4 10 97 6 10 97 0 25 1 1 11 2 1 11 3 1 11 6 1 11 8 1 11 1 3 11 2 3 11 3 3 11 6 3 11 8 3 11 1 7 11 2 7 11 3 7 11 6 7 11 8 7 11 1 8 11 2 8 11 3 8 11 6 8 11 8 8 11 1 10 11 2 10 11 3 10 11 6 10 11 8 10 11 0 20 3 1 20 6 1 20 7 1 20 8 1 20 3 3 20 6 3 20 7 3 20 8 3 20 3 5 20 6 5 20 7 5 20 8 5 20 3 6 20 6 6 20 7 6 20 8 6 20 3 9 20 6 9 20 7 9 20 8 9 20 0 30 1 2 90 2 2 90 4 2 90 5 2 90 6 2 90 8 2 90 1 3 90 2 3 90 4 3 90 5 3 90 6 3 90 8 3 90 1 4 90 2 4 90 4 4 90 5 4 90 6 4 90 8 4 90 1 7 90 2 7 90 4 7 90 5 7 90 6 7 90 8 7 90 1 8 90 2 8 90 4 8 90 5 8 90 6 8 90 8 8 90 0 25 1 1 21 2 1 21 4 1 21 7 1 21 8 1 21 1 3 21 2 3 21 4 3 21 7 3 21 8 3 21 1 6 21 2 6 21 4 6 21 7 6 21 8 6 21 1 7 21 2 7 21 4 7 21 7 7 21 8 7 21 1 8 21 2 8 21 4 8 21 7 8 21 8 8 21 0 20 1 1 78 3 1 78 4 1 78 8 1 78 1 3 78 3 3 78 4 3 78 8 3 78 1 4 78 3 4 78 4 4 78 8 4 78 1 5 78 3 5 78 4 5 78 8 5 78 1 9 78 3 9 78 4 9 78 8 9 78 0 10 1 1 37 5 1 37 1 4 37 5 4 37 1 5 37 5 5 37 1 6 37 5 6 37 1 8 37 5 8 37 1 5 2 68 3 68 7 68 8 68 10 68 0 15 5 1 48 6 1 48 8 1 48 5 3 48 6 3 48 8 3 48 5 4 48 6 4 48 8 4 48 5 5 48 6 5 48 8 5 48 5 6 48 6 6 48 8 6 48 0 15 2 4 55 5 4 55 7 4 55 2 5 55 5 5 55 7 5 55 2 6 55 5 6 55 7 6 55 2 8 55 5 8 55 7 8 55 2 10 55 5 10 55 7 10 55 1 5 1 38 2 38 5 38 6 38 10 38 1 5 1 49 3 49 5 49 7 49 9 49 0 20 2 1 69 5 1 69 6 1 69 8 1 69 2 3 69 5 3 69 6 3 69 8 3 69 2 6 69 5 6 69 6 6 69 8 6 69 2 8 69 5 8 69 6 8 69 8 8 69 2 9 69 5 9 69 6 9 69 8 9 69 0 20 4 2 73 5 2 73 6 2 73 7 2 73 4 5 73 5 5 73 6 5 73 7 5 73 4 7 73 5 7 73 6 7 73 7 7 73 4 8 73 5 8 73 6 8 73 7 8 73 4 9 73 5 9 73 6 9 73 7 9 73 0 10 4 1 80 6 1 80 4 2 80 6 2 80 4 4 80 6 4 80 4 5 80 6 5 80 4 7 80 6 7 80 0 30 2 2 83 3 2 83 5 2 83 6 2 83 7 2 83 8 2 83 2 4 83 3 4 83 5 4 83 6 4 83 7 4 83 8 4 83 2 5 83 3 5 83 5 5 83 6 5 83 7 5 83 8 5 83 2 6 83 3 6 83 5 6 83 6 6 83 7 6 83 8 6 83 2 8 83 3 8 83 5 8 83 6 8 83 7 8 83 8 8 83 0 30 2 2 39 3 2 39 5 2 39 6 2 39 7 2 39 8 2 39 2 3 39 3 3 39 5 3 39 6 3 39 7 3 39 8 3 39 2 4 39 3 4 39 5 4 39 6 4 39 7 4 39 8 4 39 2 6 39 3 6 39 5 6 39 6 6 39 7 6 39 8 6 39 2 8 39 3 8 39 5 8 39 6 8 39 7 8 39 8 8 39 0 25 1 2 98 2 2 98 3 2 98 6 2 98 8 2 98 1 3 98 2 3 98 3 3 98 6 3 98 8 3 98 1 4 98 2 4 98 3 4 98 6 4 98 8 4 98 1 6 98 2 6 98 3 6 98 6 6 98 8 6 98 1 7 98 2 7 98 3 7 98 6 7 98 8 7 98 
23 0 15 4 3 71 6 3 71 8 3 71 4 4 71 6 4 71 8 4 71 4 6 71 6 6 71 8 6 71 4 7 71 6 7 71 8 7 71 4 8 71 6 8 71 8 8 71 1 5 2 24 4 24 5 24 6 24 8 24 1 5 1 89 2 89 6 89 9 89 10 89 0 25 1 3 73 2 3 73 3 3 73 6 3 73 7 3 73 1 5 73 2 5 73 3 5 73 6 5 73 7 5 73 1 6 73 2 6 73 3 6 73 6 6 73 7 6 73 1 7 73 2 7 73 3 7 73 6 7 73 7 7 73 1 10 73 2 10 73 3 10 73 6 10 73 7 10 73 0 25 1 1 44 2 1 44 3 1 44 4 1 44 7 1 44 1 3 44 2 3 44 3 3 44 4 3 44 7 3 44 1 4 44 2 4 44 3 4 44 4 4 44 7 4 44 1 5 44 2 5 44 3 5 44 4 5 44 7 5 44 1 9 44 2 9 44 3 9 44 4 9 44 7 9 44 0 10 1 3 61 5 3 61 1 4 61 5 4 61 1 5 61 5 5 61 1 7 61 5 7 61 1 9 61 5 9 61 0 15 1 1 53 3 1 53 4 1 53 1 4 53 3 4 53 4 4 53 1 6 53 3 6 53 4 6 53 1 9 53 3 9 53 4 9 53 1 10 53 3 10 53 4 10 53 0 20 2 2 35 3 2 35 4 2 35 5 2 35 2 4 35 3 4 35 4 4 35 5 4 35 2 5 35 3 5 35 4 5 35 5 5 35 2 8 35 3 8 35 4 8 35 5 8 35 2 10 35 3 10 35 4 10 35 5 10 35 0 15 5 1 95 6 1 95 7 1 95 5 5 95 6 5 95 7 5 95 5 7 95 6 7 95 7 7 95 5 8 95 6 8 95 7 8 95 5 9 95 6 9 95 7 9 95 0 30 1 2 33 2 2 33 4 2 33 5 2 33 7 2 33 8 2 33 1 3 33 2 3 33 4 3 33 5 3 33 7 3 33 8 3 33 1 4 33 2 4 33 4 4 33 5 4 33 7 4 33 8 4 33 1 5 33 2 5 33 4 5 33 5 5 33 7 5 33 8 5 33 1 10 33 2 10 33 4 10 33 5 10 33 7 10 33 8 10 33 0 10 2 3 59 6 3 59 2 4 59 6 4 59 2 5 59 6 5 59 2 6 59 6 6 59 2 7 59 6 7 59 0 20 3 1 68 5 1 68 7 1 68 8 1 68 3 3 68 5 3 68 7 3 68 8 3 68 3 6 68 5 6 68 7 6 68 8 6 68 3 7 68 5 7 68 7 7 68 8 7 68 3 8 68 5 8 68 7 8 68 8 8 68 0 15 4 3 61 5 3 61 8 3 61 4 5 61 5 5 61 8 5 61 4 7 61 5 7 61 8 7 61 4 8 61 5 8 61 8 8 61 4 9 61 5 9 61 8 9 61 0 30 2 2 56 3 2 56 5 2 56 6 2 56 7 2 56 8 2 56 2 5 56 3 5 56 5 5 56 6 5 56 7 5 56 8 5 56 2 6 56 3 6 56 5 6 56 6 6 56 7 6 56 8 6 56 2 7 56 3 7 56 5 7 56 6 7 56 7 7 56 8 7 56 2 10 56 3 10 56 5 10 56 6 10 56 7 10 56 8 10 56 0 5 7 2 28 7 3 28 7 4 28 7 8 28 7 10 28 1 5 3 18 4 18 5 18 8 18 9 18 0 20 1 2 35 2 2 35 4 2 35 7 2 35 1 3 35 2 3 35 4 3 35 7 3 35 1 4 35 2 4 35 4 4 35 7 4 35 1 8 35 2 8 35 4 8 35 7 8 35 1 10 35 2 10 35 4 10 35 7 10 35 0 30 1 2 73 3 2 73 4 2 73 5 2 73 6 2 73 7 2 73 1 3 73 3 3 73 4 3 73 5 3 73 6 3 73 7 3 73 1 4 73 3 4 73 4 4 73 5 4 73 6 4 73 7 4 73 1 8 73 3 8 73 4 8 73 5 8 73 6 8 73 7 8 73 1 9 73 3 9 73 4 9 73 5 9 73 6 9 73 7 9 73 0 35 1 1 78 2 1 78 3 1 78 4 1 78 5 1 78 7 1 78 8 1 78 1 3 78 2 3 78 3 3 78 4 3 78 5 3 78 7 3 78 8 3 78 1 6 78 2 6 78 3 6 78 4 6 78 5 6 78 7 6 78 8 6 78 1 7 78 2 7 78 3 7 78 4 7 78 5 7 78 7 7 78 8 7 78 1 9 78 2 9 78 3 9 78 4 9 78 5 9 78 7 9 78 8 9 78 0 5 8 2 70 8 3 70 8 4 70 8 8 70 8 10 70 0 30 1 4 65 2 4 65 3 4 65 4 4 65 5 4 65 6 4 65 1 6 65 2 6 65 3 6 65 4 6 65 5 6 65 6 6 65 1 7 65 2 7 65 3 7 65 4 7 65 5 7 65 6 7 65 1 9 65 2 9 65 3 9 65 4 9 65 5 9 65 6 9 65 1 10 65 2 10 65 3 10 65 4 10 65 5 10 65 6 10 65 0 25 1 5 44 4 5 44 6 5 44 7 5 44 8 5 44 1 6 44 4 6 44 6 6 44 7 6 44 8 6 44 1 7 44 4 7 44 6 7 44 7 7 44 8 7 44 1 9 44 4 9 44 6 9 44 7 9 44 8 9 44 1 10 44 4 10 44 6 10 44 7 10 44 8 10 44 0 30 1 1 56 2 1 56 3 1 56 4 1 56 5 1 56 8 1 56 1 3 56 2 3 56 3 3 56 4 3 56 5 3 56 8 3 56 1 4 56 2 4 56 3 4 56 4 4 56 5 4 56 8 4 56 1 5 56 2 5 56 3 5 56 4 5 56 5 5 56 8 5 56 1 6 56 2 6 56 3 6 56 4 6 56 5 6 56 8 6 56 
18 0 20 3 6 60 5 6 60 6 6 60 7 6 60 3 7 60 5 7 60 6 7 60 7 7 60 3 8 60 5 8 60 6 8 60 7 8 60 3 9 60 5 9 60 6 9 60 7 9 60 3 10 60 5 10 60 6 10 60 7 10 60 0 15 2 2 69 4 2 69 7 2 69 2 3 69 4 3 69 7 3 69 2 5 69 4 5 69 7 5 69 2 6 69 4 6 69 7 6 69 2 8 69 4 8 69 7 8 69 0 25 2 3 94 3 3 94 4 3 94 6 3 94 8 3 94 2 4 94 3 4 94 4 4 94 6 4 94 8 4 94 2 5 94 3 5 94 4 5 94 6 5 94 8 5 94 2 7 94 3 7 94 4 7 94 6 7 94 8 7 94 2 8 94 3 8 94 4 8 94 6 8 94 8 8 94 0 35 1 1 28 2 1 28 3 1 28 4 1 28 6 1 28 7 1 28 8 1 28 1 2 28 2 2 28 3 2 28 4 2 28 6 2 28 7 2 28 8 2 28 1 4 28 2 4 28 3 4 28 4 4 28 6 4 28 7 4 28 8 4 28 1 5 28 2 5 28 3 5 28 4 5 28 6 5 28 7 5 28 8 5 28 1 8 28 2 8 28 3 8 28 4 8 28 6 8 28 7 8 28 8 8 28 0 5 5 2 63 5 3 63 5 4 63 5 6 63 5 10 63 0 5 1 3 17 1 4 17 1 5 17 1 6 17 1 9 17 0 20 1 4 61 2 4 61 4 4 61 8 4 61 1 6 61 2 6 61 4 6 61 8 6 61 1 7 61 2 7 61 4 7 61 8 7 61 1 8 61 2 8 61 4 8 61 8 8 61 1 9 61 2 9 61 4 9 61 8 9 61 0 15 5 3 34 7 3 34 8 3 34 5 6 34 7 6 34 8 6 34 5 7 34 7 7 34 8 7 34 5 8 34 7 8 34 8 8 34 5 9 34 7 9 34 8 9 34 0 20 3 5 96 5 5 96 7 5 96 8 5 96 3 6 96 5 6 96 7 6 96 8 6 96 3 8 96 5 8 96 7 8 96 8 8 96 3 9 96 5 9 96 7 9 96 8 9 96 3 10 96 5 10 96 7 10 96 8 10 96 0 25 1 3 31 3 3 31 5 3 31 6 3 31 7 3 31 1 5 31 3 5 31 5 5 31 6 5 31 7 5 31 1 6 31 3 6 31 5 6 31 6 6 31 7 6 31 1 7 31 3 7 31 5 7 31 6 7 31 7 7 31 1 9 31 3 9 31 5 9 31 6 9 31 7 9 31 0 25 1 2 82 2 2 82 4 2 82 7 2 82 8 2 82 1 4 82 2 4 82 4 4 82 7 4 82 8 4 82 1 5 82 2 5 82 4 5 82 7 5 82 8 5 82 1 7 82 2 7 82 4 7 82 7 7 82 8 7 82 1 9 82 2 9 82 4 9 82 7 9 82 8 9 82 0 10 6 3 40 8 3 40 6 7 40 8 7 40 6 8 40 8 8 40 6 9 40 8 9 40 6 10 40 8 10 40 1 5 1 63 3 63 5 63 9 63 10 63 0 25 1 5 95 2 5 95 5 5 95 7 5 95 8 5 95 1 6 95 2 6 95 5 6 95 7 6 95 8 6 95 1 7 95 2 7 95 5 7 95 7 7 95 8 7 95 1 8 95 2 8 95 5 8 95 7 8 95 8 8 95 1 10 95 2 10 95 5 10 95 7 10 95 8 10 95 0 5 5 1 68 5 2 68 5 5 68 5 7 68 5 8 68 0 20 2 1 91 4 1 91 5 1 91 7 1 91 2 3 91 4 3 91 5 3 91 7 3 91 2 5 91 4 5 91 5 5 91 7 5 91 2 8 91 4 8 91 5 8 91 7 8 91 2 9 91 4 9 91 5 9 91 7 9 91 1 5 3 43 4 43 6 43 7 43 9 43 0 20 1 1 32 3 1 32 5 1 32 8 1 32 1 2 32 3 2 32 5 2 32 8 2 32 1 6 32 3 6 32 5 6 32 8 6 32 1 7 32 3 7 32 5 7 32 8 7 32 1 10 32 3 10 32 5 10 32 8 10 32 
21 0 25 1 1 54 3 1 54 5 1 54 6 1 54 7 1 54 1 2 54 3 2 54 5 2 54 6 2 54 7 2 54 1 4 54 3 4 54 5 4 54 6 4 54 7 4 54 1 6 54 3 6 54 5 6 54 6 6 54 7 6 54 1 8 54 3 8 54 5 8 54 6 8 54 7 8 54 0 30 1 3 92 2 3 92 3 3 92 6 3 92 7 3 92 8 3 92 1 4 92 2 4 92 3 4 92 6 4 92 7 4 92 8 4 92 1 7 92 2 7 92 3 7 92 6 7 92 7 7 92 8 7 92 1 9 92 2 9 92 3 9 92 6 9 92 7 9 92 8 9 92 1 10 92 2 10 92 3 10 92 6 10 92 7 10 92 8 10 92 0 25 1 3 40 3 3 40 5 3 40 6 3 40 8 3 40 1 6 40 3 6 40 5 6 40 6 6 40 8 6 40 1 7 40 3 7 40 5 7 40 6 7 40 8 7 40 1 9 40 3 9 40 5 9 40 6 9 40 8 9 40 1 10 40 3 10 40 5 10 40 6 10 40 8 10 40 0 20 3 2 84 6 2 84 7 2 84 8 2 84 3 3 84 6 3 84 7 3 84 8 3 84 3 5 84 6 5 84 7 5 84 8 5 84 3 7 84 6 7 84 7 7 84 8 7 84 3 8 84 6 8 84 7 8 84 8 8 84 0 20 2 1 38 3 1 38 4 1 38 7 1 38 2 2 38 3 2 38 4 2 38 7 2 38 2 5 38 3 5 38 4 5 38 7 5 38 2 9 38 3 9 38 4 9 38 7 9 38 2 10 38 3 10 38 4 10 38 7 10 38 0 15 3 2 94 6 2 94 8 2 94 3 4 94 6 4 94 8 4 94 3 6 94 6 6 94 8 6 94 3 7 94 6 7 94 8 7 94 3 9 94 6 9 94 8 9 94 1 5 1 63 3 63 5 63 6 63 10 63 0 10 1 2 99 6 2 99 1 4 99 6 4 99 1 5 99 6 5 99 1 7 99 6 7 99 1 9 99 6 9 99 0 10 6 1 45 7 1 45 6 2 45 7 2 45 6 3 45 7 3 45 6 4 45 7 4 45 6 5 45 7 5 45 0 20 2 3 28 4 3 28 7 3 28 8 3 28 2 4 28 4 4 28 7 4 28 8 4 28 2 5 28 4 5 28 7 5 28 8 5 28 2 8 28 4 8 28 7 8 28 8 8 28 2 10 28 4 10 28 7 10 28 8 10 28 0 15 2 3 59 6 3 59 7 3 59 2 4 59 6 4 59 7 4 59 2 5 59 6 5 59 7 5 59 2 8 59 6 8 59 7 8 59 2 9 59 6 9 59 7 9 59 0 15 2 3 97 4 3 97 6 3 97 2 6 97 4 6 97 6 6 97 2 7 97 4 7 97 6 7 97 2 8 97 4 8 97 6 8 97 2 9 97 4 9 97 6 9 97 0 25 1 4 69 3 4 69 4 4 69 5 4 69 6 4 69 1 5 69 3 5 69 4 5 69 5 5 69 6 5 69 1 8 69 3 8 69 4 8 69 5 8 69 6 8 69 1 9 69 3 9 69 4 9 69 5 9 69 6 9 69 1 10 69 3 10 69 4 10 69 5 10 69 6 10 69 0 20 1 1 61 3 1 61 7 1 61 8 1 61 1 3 61 3 3 61 7 3 61 8 3 61 1 4 61 3 4 61 7 4 61 8 4 61 1 7 61 3 7 61 7 7 61 8 7 61 1 9 61 3 9 61 7 9 61 8 9 61 0 25 1 1 98 2 1 98 4 1 98 6 1 98 8 1 98 1 3 98 2 3 98 4 3 98 6 3 98 8 3 98 1 4 98 2 4 98 4 4 98 6 4 98 8 4 98 1 6 98 2 6 98 4 6 98 6 6 98 8 6 98 1 7 98 2 7 98 4 7 98 6 7 98 8 7 98 0 10 1 1 42 3 1 42 1 3 42 3 3 42 1 6 42 3 6 42 1 8 42 3 8 42 1 9 42 3 9 42 1 5 1 100 5 100 6 100 7 100 10 100 0 20 1 4 68 3 4 68 4 4 68 5 4 68 1 6 68 3 6 68 4 6 68 5 6 68 1 7 68 3 7 68 4 7 68 5 7 68 1 9 68 3 9 68 4 9 68 5 9 68 1 10 68 3 10 68 4 10 68 5 10 68 0 25 1 1 83 2 1 83 3 1 83 4 1 83 7 1 83 1 2 83 2 2 83 3 2 83 4 2 83 7 2 83 1 3 83 2 3 83 3 3 83 4 3 83 7 3 83 1 4 83 2 4 83 3 4 83 4 4 83 7 4 83 1 10 83 2 10 83 3 10 83 4 10 83 7 10 83 0 25 1 1 69 2 1 69 3 1 69 5 1 69 6 1 69 1 3 69 2 3 69 3 3 69 5 3 69 6 3 69 1 4 69 2 4 69 3 4 69 5 4 69 6 4 69 1 5 69 2 5 69 3 5 69 5 5 69 6 5 69 1 6 69 2 6 69 3 6 69 5 6 69 6 6 69 0 25 1 1 17 2 1 17 4 1 17 6 1 17 8 1 17 1 2 17 2 2 17 4 2 17 6 2 17 8 2 17 1 4 17 2 4 17 4 4 17 6 4 17 8 4 17 1 6 17 2 6 17 4 6 17 6 6 17 8 6 17 1 9 17 2 9 17 4 9 17 6 9 17 8 9 17 
15 0 15 1 1 26 3 1 26 7 1 26 1 3 26 3 3 26 7 3 26 1 4 26 3 4 26 7 4 26 1 6 26 3 6 26 7 6 26 1 9 26 3 9 26 7 9 26 0 30 1 1 29 3 1 29 5 1 29 6 1 29 7 1 29 8 1 29 1 3 29 3 3 29 5 3 29 6 3 29 7 3 29 8 3 29 1 5 29 3 5 29 5 5 29 6 5 29 7 5 29 8 5 29 1 9 29 3 9 29 5 9 29 6 9 29 7 9 29 8 9 29 1 10 29 3 10 29 5 10 29 6 10 29 7 10 29 8 10 29 1 5 2 20 4 20 6 20 8 20 9 20 0 20 2 1 100 3 1 100 6 1 100 8 1 100 2 5 100 3 5 100 6 5 100 8 5 100 2 6 100 3 6 100 6 6 100 8 6 100 2 8 100 3 8 100 6 8 100 8 8 100 2 9 100 3 9 100 6 9 100 8 9 100 0 15 3 3 87 5 3 87 7 3 87 3 4 87 5 4 87 7 4 87 3 5 87 5 5 87 7 5 87 3 6 87 5 6 87 7 6 87 3 7 87 5 7 87 7 7 87 1 5 1 67 2 67 3 67 6 67 10 67 0 20 3 1 16 4 1 16 5 1 16 8 1 16 3 3 16 4 3 16 5 3 16 8 3 16 3 4 16 4 4 16 5 4 16 8 4 16 3 9 16 4 9 16 5 9 16 8 9 16 3 10 16 4 10 16 5 10 16 8 10 16 0 35 1 1 86 2 1 86 3 1 86 4 1 86 5 1 86 6 1 86 8 1 86 1 2 86 2 2 86 3 2 86 4 2 86 5 2 86 6 2 86 8 2 86 1 4 86 2 4 86 3 4 86 4 4 86 5 4 86 6 4 86 8 4 86 1 8 86 2 8 86 3 8 86 4 8 86 5 8 86 6 8 86 8 8 86 1 9 86 2 9 86 3 9 86 4 9 86 5 9 86 6 9 86 8 9 86 0 15 2 1 36 4 1 36 8 1 36 2 2 36 4 2 36 8 2 36 2 4 36 4 4 36 8 4 36 2 5 36 4 5 36 8 5 36 2 8 36 4 8 36 8 8 36 0 15 2 3 73 3 3 73 5 3 73 2 4 73 3 4 73 5 4 73 2 5 73 3 5 73 5 5 73 2 9 73 3 9 73 5 9 73 2 10 73 3 10 73 5 10 73 0 25 1 3 41 2 3 41 4 3 41 5 3 41 7 3 41 1 4 41 2 4 41 4 4 41 5 4 41 7 4 41 1 6 41 2 6 41 4 6 41 5 6 41 7 6 41 1 8 41 2 8 41 4 8 41 5 8 41 7 8 41 1 10 41 2 10 41 4 10 41 5 10 41 7 10 41 0 30 1 1 100 3 1 100 5 1 100 6 1 100 7 1 100 8 1 100 1 7 100 3 7 100 5 7 100 6 7 100 7 7 100 8 7 100 1 8 100 3 8 100 5 8 100 6 8 100 7 8 100 8 8 100 1 9 100 3 9 100 5 9 100 6 9 100 7 9 100 8 9 100 1 10 100 3 10 100 5 10 100 6 10 100 7 10 100 8 10 100 0 20 1 1 23 2 1 23 5 1 23 6 1 23 1 3 23 2 3 23 5 3 23 6 3 23 1 5 23 2 5 23 5 5 23 6 5 23 1 8 23 2 8 23 5 8 23 6 8 23 1 10 23 2 10 23 5 10 23 6 10 23 0 20 2 1 33 3 1 33 5 1 33 8 1 33 2 2 33 3 2 33 5 2 33 8 2 33 2 5 33 3 5 33 5 5 33 8 5 33 2 8 33 3 8 33 5 8 33 8 8 33 2 10 33 3 10 33 5 10 33 8 10 33 0 25 3 1 92 4 1 92 6 1 92 7 1 92 8 1 92 3 3 92 4 3 92 6 3 92 7 3 92 8 3 92 3 6 92 4 6 92 6 6 92 7 6 92 8 6 92 3 7 92 4 7 92 6 7 92 7 7 92 8 7 92 3 10 92 4 10 92 6 10 92 7 10 92 8 10 92 
17 0 20 1 1 74 3 1 74 4 1 74 5 1 74 1 5 74 3 5 74 4 5 74 5 5 74 1 6 74 3 6 74 4 6 74 5 6 74 1 8 74 3 8 74 4 8 74 5 8 74 1 10 74 3 10 74 4 10 74 5 10 74 0 20 1 1 90 2 1 90 4 1 90 7 1 90 1 3 90 2 3 90 4 3 90 7 3 90 1 5 90 2 5 90 4 5 90 7 5 90 1 8 90 2 8 90 4 8 90 7 8 90 1 9 90 2 9 90 4 9 90 7 9 90 0 25 1 1 49 3 1 49 4 1 49 5 1 49 6 1 49 1 2 49 3 2 49 4 2 49 5 2 49 6 2 49 1 5 49 3 5 49 4 5 49 5 5 49 6 5 49 1 7 49 3 7 49 4 7 49 5 7 49 6 7 49 1 9 49 3 9 49 4 9 49 5 9 49 6 9 49 0 25 3 2 34 5 2 34 6 2 34 7 2 34 8 2 34 3 3 34 5 3 34 6 3 34 7 3 34 8 3 34 3 4 34 5 4 34 6 4 34 7 4 34 8 4 34 3 8 34 5 8 34 6 8 34 7 8 34 8 8 34 3 9 34 5 9 34 6 9 34 7 9 34 8 9 34 0 25 1 5 47 3 5 47 6 5 47 7 5 47 8 5 47 1 6 47 3 6 47 6 6 47 7 6 47 8 6 47 1 7 47 3 7 47 6 7 47 7 7 47 8 7 47 1 8 47 3 8 47 6 8 47 7 8 47 8 8 47 1 9 47 3 9 47 6 9 47 7 9 47 8 9 47 0 25 1 3 62 2 3 62 4 3 62 6 3 62 7 3 62 1 4 62 2 4 62 4 4 62 6 4 62 7 4 62 1 6 62 2 6 62 4 6 62 6 6 62 7 6 62 1 7 62 2 7 62 4 7 62 6 7 62 7 7 62 1 8 62 2 8 62 4 8 62 6 8 62 7 8 62 0 30 2 3 59 3 3 59 4 3 59 5 3 59 7 3 59 8 3 59 2 5 59 3 5 59 4 5 59 5 5 59 7 5 59 8 5 59 2 6 59 3 6 59 4 6 59 5 6 59 7 6 59 8 6 59 2 7 59 3 7 59 4 7 59 5 7 59 7 7 59 8 7 59 2 9 59 3 9 59 4 9 59 5 9 59 7 9 59 8 9 59 0 25 2 3 98 4 3 98 5 3 98 6 3 98 8 3 98 2 4 98 4 4 98 5 4 98 6 4 98 8 4 98 2 7 98 4 7 98 5 7 98 6 7 98 8 7 98 2 9 98 4 9 98 5 9 98 6 9 98 8 9 98 2 10 98 4 10 98 5 10 98 6 10 98 8 10 98 0 20 1 2 73 2 2 73 5 2 73 7 2 73 1 5 73 2 5 73 5 5 73 7 5 73 1 6 73 2 6 73 5 6 73 7 6 73 1 7 73 2 7 73 5 7 73 7 7 73 1 8 73 2 8 73 5 8 73 7 8 73 0 30 1 2 79 2 2 79 4 2 79 5 2 79 7 2 79 8 2 79 1 5 79 2 5 79 4 5 79 5 5 79 7 5 79 8 5 79 1 7 79 2 7 79 4 7 79 5 7 79 7 7 79 8 7 79 1 8 79 2 8 79 4 8 79 5 8 79 7 8 79 8 8 79 1 10 79 2 10 79 4 10 79 5 10 79 7 10 79 8 10 79 0 5 4 2 10 4 3 10 4 4 10 4 7 10 4 8 10 0 25 1 1 32 2 1 32 3 1 32 4 1 32 7 1 32 1 2 32 2 2 32 3 2 32 4 2 32 7 2 32 1 6 32 2 6 32 3 6 32 4 6 32 7 6 32 1 8 32 2 8 32 3 8 32 4 8 32 7 8 32 1 9 32 2 9 32 3 9 32 4 9 32 7 9 32 0 15 4 1 55 7 1 55 8 1 55 4 2 55 7 2 55 8 2 55 4 3 55 7 3 55 8 3 55 4 6 55 7 6 55 8 6 55 4 10 55 7 10 55 8 10 55 0 20 1 3 53 4 3 53 6 3 53 8 3 53 1 7 53 4 7 53 6 7 53 8 7 53 1 8 53 4 8 53 6 8 53 8 8 53 1 9 53 4 9 53 6 9 53 8 9 53 1 10 53 4 10 53 6 10 53 8 10 53 0 10 4 2 19 5 2 19 4 3 19 5 3 19 4 6 19 5 6 19 4 7 19 5 7 19 4 8 19 5 8 19 0 20 1 3 55 2 3 55 3 3 55 5 3 55 1 4 55 2 4 55 3 4 55 5 4 55 1 7 55 2 7 55 3 7 55 5 7 55 1 9 55 2 9 55 3 9 55 5 9 55 1 10 55 2 10 55 3 10 55 5 10 55 1 5 1 88 2 88 5 88 9 88 10 88 
25 0 10 4 1 46 8 1 46 4 2 46 8 2 46 4 4 46 8 4 46 4 5 46 8 5 46 4 7 46 8 7 46 0 30 1 1 73 2 1 73 4 1 73 5 1 73 6 1 73 7 1 73 1 3 73 2 3 73 4 3 73 5 3 73 6 3 73 7 3 73 1 5 73 2 5 73 4 5 73 5 5 73 6 5 73 7 5 73 1 6 73 2 6 73 4 6 73 5 6 73 6 6 73 7 6 73 1 8 73 2 8 73 4 8 73 5 8 73 6 8 73 7 8 73 0 25 2 1 30 3 1 30 4 1 30 7 1 30 8 1 30 2 2 30 3 2 30 4 2 30 7 2 30 8 2 30 2 5 30 3 5 30 4 5 30 7 5 30 8 5 30 2 8 30 3 8 30 4 8 30 7 8 30 8 8 30 2 10 30 3 10 30 4 10 30 7 10 30 8 10 30 0 15 2 1 48 4 1 48 6 1 48 2 2 48 4 2 48 6 2 48 2 4 48 4 4 48 6 4 48 2 9 48 4 9 48 6 9 48 2 10 48 4 10 48 6 10 48 0 20 1 1 50 6 1 50 7 1 50 8 1 50 1 2 50 6 2 50 7 2 50 8 2 50 1 3 50 6 3 50 7 3 50 8 3 50 1 4 50 6 4 50 7 4 50 8 4 50 1 8 50 6 8 50 7 8 50 8 8 50 0 15 4 1 37 5 1 37 8 1 37 4 2 37 5 2 37 8 2 37 4 4 37 5 4 37 8 4 37 4 6 37 5 6 37 8 6 37 4 10 37 5 10 37 8 10 37 0 30 1 2 75 2 2 75 3 2 75 6 2 75 7 2 75 8 2 75 1 4 75 2 4 75 3 4 75 6 4 75 7 4 75 8 4 75 1 6 75 2 6 75 3 6 75 6 6 75 7 6 75 8 6 75 1 7 75 2 7 75 3 7 75 6 7 75 7 7 75 8 7 75 1 10 75 2 10 75 3 10 75 6 10 75 7 10 75 8 10 75 0 15 3 2 36 4 2 36 6 2 36 3 5 36 4 5 36 6 5 36 3 7 36 4 7 36 6 7 36 3 8 36 4 8 36 6 8 36 3 9 36 4 9 36 6 9 36 0 15 4 2 71 5 2 71 7 2 71 4 3 71 5 3 71 7 3 71 4 4 71 5 4 71 7 4 71 4 7 71 5 7 71 7 7 71 4 9 71 5 9 71 7 9 71 0 15 1 4 66 4 4 66 6 4 66 1 6 66 4 6 66 6 6 66 1 7 66 4 7 66 6 7 66 1 8 66 4 8 66 6 8 66 1 10 66 4 10 66 6 10 66 1 5 2 39 3 39 4 39 8 39 9 39 0 25 1 2 17 2 2 17 3 2 17 6 2 17 8 2 17 1 4 17 2 4 17 3 4 17 6 4 17 8 4 17 1 5 17 2 5 17 3 5 17 6 5 17 8 5 17 1 8 17 2 8 17 3 8 17 6 8 17 8 8 17 1 10 17 2 10 17 3 10 17 6 10 17 8 10 17 0 15 3 1 30 5 1 30 7 1 30 3 5 30 5 5 30 7 5 30 3 6 30 5 6 30 7 6 30 3 7 30 5 7 30 7 7 30 3 9 30 5 9 30 7 9 30 0 20 1 2 42 2 2 42 4 2 42 5 2 42 1 5 42 2 5 42 4 5 42 5 5 42 1 6 42 2 6 42 4 6 42 5 6 42 1 8 42 2 8 42 4 8 42 5 8 42 1 9 42 2 9 42 4 9 42 5 9 42 1 5 1 94 2 94 6 94 8 94 9 94 0 20 1 4 59 2 4 59 5 4 59 7 4 59 1 5 59 2 5 59 5 5 59 7 5 59 1 6 59 2 6 59 5 6 59 7 6 59 1 7 59 2 7 59 5 7 59 7 7 59 1 10 59 2 10 59 5 10 59 7 10 59 0 15 1 2 36 4 2 36 7 2 36 1 7 36 4 7 36 7 7 36 1 8 36 4 8 36 7 8 36 1 9 36 4 9 36 7 9 36 1 10 36 4 10 36 7 10 36 0 25 1 1 68 4 1 68 6 1 68 7 1 68 8 1 68 1 2 68 4 2 68 6 2 68 7 2 68 8 2 68 1 3 68 4 3 68 6 3 68 7 3 68 8 3 68 1 5 68 4 5 68 6 5 68 7 5 68 8 5 68 1 7 68 4 7 68 6 7 68 7 7 68 8 7 68 0 25 1 4 21 2 4 21 3 4 21 4 4 21 7 4 21 1 6 21 2 6 21 3 6 21 4 6 21 7 6 21 1 7 21 2 7 21 3 7 21 4 7 21 7 7 21 1 9 21 2 9 21 3 9 21 4 9 21 7 9 21 1 10 21 2 10 21 3 10 21 4 10 21 7 10 21 0 30 1 2 25 2 2 25 5 2 25 6 2 25 7 2 25 8 2 25 1 3 25 2 3 25 5 3 25 6 3 25 7 3 25 8 3 25 1 5 25 2 5 25 5 5 25 6 5 25 7 5 25 8 5 25 1 6 25 2 6 25 5 6 25 6 6 25 7 6 25 8 6 25 1 10 25 2 10 25 5 10 25 6 10 25 7 10 25 8 10 25 0 15 1 2 65 2 2 65 6 2 65 1 3 65 2 3 65 6 3 65 1 5 65 2 5 65 6 5 65 1 8 65 2 8 65 6 8 65 1 9 65 2 9 65 6 9 65 0 15 3 1 58 4 1 58 6 1 58 3 3 58 4 3 58 6 3 58 3 6 58 4 6 58 6 6 58 3 7 58 4 7 58 6 7 58 3 9 58 4 9 58 6 9 58 0 20 2 1 65 3 1 65 5 1 65 8 1 65 2 2 65 3 2 65 5 2 65 8 2 65 2 5 65 3 5 65 5 5 65 8 5 65 2 6 65 3 6 65 5 6 65 8 6 65 2 9 65 3 9 65 5 9 65 8 9 65 0 15 1 1 36 4 1 36 6 1 36 1 5 36 4 5 36 6 5 36 1 7 36 4 7 36 6 7 36 1 8 36 4 8 36 6 8 36 1 10 36 4 10 36 6 10 36 1 5 1 45 2 45 3 45 4 45 10 45 
23 0 15 2 1 82 5 1 82 8 1 82 2 5 82 5 5 82 8 5 82 2 8 82 5 8 82 8 8 82 2 9 82 5 9 82 8 9 82 2 10 82 5 10 82 8 10 82 1 5 3 42 4 42 5 42 7 42 10 42 1 5 2 82 4 82 5 82 6 82 9 82 0 10 1 1 51 2 1 51 1 3 51 2 3 51 1 6 51 2 6 51 1 8 51 2 8 51 1 9 51 2 9 51 0 10 1 1 75 4 1 75 1 6 75 4 6 75 1 7 75 4 7 75 1 8 75 4 8 75 1 9 75 4 9 75 0 25 2 4 35 3 4 35 4 4 35 6 4 35 8 4 35 2 6 35 3 6 35 4 6 35 6 6 35 8 6 35 2 7 35 3 7 35 4 7 35 6 7 35 8 7 35 2 8 35 3 8 35 4 8 35 6 8 35 8 8 35 2 10 35 3 10 35 4 10 35 6 10 35 8 10 35 1 5 2 78 5 78 6 78 8 78 10 78 0 35 1 2 43 2 2 43 3 2 43 4 2 43 5 2 43 6 2 43 8 2 43 1 3 43 2 3 43 3 3 43 4 3 43 5 3 43 6 3 43 8 3 43 1 4 43 2 4 43 3 4 43 4 4 43 5 4 43 6 4 43 8 4 43 1 6 43 2 6 43 3 6 43 4 6 43 5 6 43 6 6 43 8 6 43 1 7 43 2 7 43 3 7 43 4 7 43 5 7 43 6 7 43 8 7 43 0 15 2 2 77 7 2 77 8 2 77 2 3 77 7 3 77 8 3 77 2 4 77 7 4 77 8 4 77 2 6 77 7 6 77 8 6 77 2 9 77 7 9 77 8 9 77 1 5 5 42 6 42 7 42 8 42 9 42 1 5 1 18 3 18 4 18 9 18 10 18 0 10 1 1 63 2 1 63 1 4 63 2 4 63 1 5 63 2 5 63 1 7 63 2 7 63 1 10 63 2 10 63 0 30 1 2 99 3 2 99 4 2 99 5 2 99 7 2 99 8 2 99 1 4 99 3 4 99 4 4 99 5 4 99 7 4 99 8 4 99 1 5 99 3 5 99 4 5 99 5 5 99 7 5 99 8 5 99 1 6 99 3 6 99 4 6 99 5 6 99 7 6 99 8 6 99 1 10 99 3 10 99 4 10 99 5 10 99 7 10 99 8 10 99 1 5 1 16 2 16 3 16 4 16 7 16 0 15 2 2 34 5 2 34 7 2 34 2 3 34 5 3 34 7 3 34 2 5 34 5 5 34 7 5 34 2 6 34 5 6 34 7 6 34 2 7 34 5 7 34 7 7 34 0 25 3 2 99 4 2 99 5 2 99 6 2 99 8 2 99 3 6 99 4 6 99 5 6 99 6 6 99 8 6 99 3 8 99 4 8 99 5 8 99 6 8 99 8 8 99 3 9 99 4 9 99 5 9 99 6 9 99 8 9 99 3 10 99 4 10 99 5 10 99 6 10 99 8 10 99 0 30 1 2 87 2 2 87 3 2 87 4 2 87 6 2 87 7 2 87 1 5 87 2 5 87 3 5 87 4 5 87 6 5 87 7 5 87 1 6 87 2 6 87 3 6 87 4 6 87 6 6 87 7 6 87 1 8 87 2 8 87 3 8 87 4 8 87 6 8 87 7 8 87 1 9 87 2 9 87 3 9 87 4 9 87 6 9 87 7 9 87 1 5 4 46 5 46 7 46 9 46 10 46 0 25 2 1 81 4 1 81 5 1 81 7 1 81 8 1 81 2 2 81 4 2 81 5 2 81 7 2 81 8 2 81 2 3 81 4 3 81 5 3 81 7 3 81 8 3 81 2 5 81 4 5 81 5 5 81 7 5 81 8 5 81 2 10 81 4 10 81 5 10 81 7 10 81 8 10 81 0 20 1 1 41 2 1 41 3 1 41 8 1 41 1 2 41 2 2 41 3 2 41 8 2 41 1 6 41 2 6 41 3 6 41 8 6 41 1 7 41 2 7 41 3 7 41 8 7 41 1 10 41 2 10 41 3 10 41 8 10 41 0 15 1 1 58 2 1 58 7 1 58 1 3 58 2 3 58 7 3 58 1 5 58 2 5 58 7 5 58 1 7 58 2 7 58 7 7 58 1 9 58 2 9 58 7 9 58 0 25 1 3 57 5 3 57 6 3 57 7 3 57 8 3 57 1 6 57 5 6 57 6 6 57 7 6 57 8 6 57 1 7 57 5 7 57 6 7 57 7 7 57 8 7 57 1 8 57 5 8 57 6 8 57 7 8 57 8 8 57 1 9 57 5 9 57 6 9 57 7 9 57 8 9 57 0 30 2 1 30 3 1 30 4 1 30 5 1 30 6 1 30 7 1 30 2 2 30 3 2 30 4 2 30 5 2 30 6 2 30 7 2 30 2 3 30 3 3 30 4 3 30 5 3 30 6 3 30 7 3 30 2 5 30 3 5 30 4 5 30 5 5 30 6 5 30 7 5 30 2 8 30 3 8 30 4 8 30 5 8 30 6 8 30 7 8 30 
19 1 5 1 60 4 60 5 60 9 60 10 60 0 10 2 1 52 5 1 52 2 2 52 5 2 52 2 5 52 5 5 52 2 6 52 5 6 52 2 10 52 5 10 52 0 25 2 1 92 3 1 92 4 1 92 6 1 92 8 1 92 2 4 92 3 4 92 4 4 92 6 4 92 8 4 92 2 5 92 3 5 92 4 5 92 6 5 92 8 5 92 2 7 92 3 7 92 4 7 92 6 7 92 8 7 92 2 10 92 3 10 92 4 10 92 6 10 92 8 10 92 0 20 1 2 32 2 2 32 4 2 32 5 2 32 1 3 32 2 3 32 4 3 32 5 3 32 1 5 32 2 5 32 4 5 32 5 5 32 1 6 32 2 6 32 4 6 32 5 6 32 1 10 32 2 10 32 4 10 32 5 10 32 0 25 2 3 80 4 3 80 5 3 80 7 3 80 8 3 80 2 4 80 4 4 80 5 4 80 7 4 80 8 4 80 2 5 80 4 5 80 5 5 80 7 5 80 8 5 80 2 7 80 4 7 80 5 7 80 7 7 80 8 7 80 2 10 80 4 10 80 5 10 80 7 10 80 8 10 80 0 15 1 1 42 4 1 42 8 1 42 1 2 42 4 2 42 8 2 42 1 8 42 4 8 42 8 8 42 1 9 42 4 9 42 8 9 42 1 10 42 4 10 42 8 10 42 0 25 1 1 33 2 1 33 3 1 33 6 1 33 7 1 33 1 3 33 2 3 33 3 3 33 6 3 33 7 3 33 1 5 33 2 5 33 3 5 33 6 5 33 7 5 33 1 9 33 2 9 33 3 9 33 6 9 33 7 9 33 1 10 33 2 10 33 3 10 33 6 10 33 7 10 33 0 35 1 1 40 2 1 40 3 1 40 4 1 40 5 1 40 6 1 40 8 1 40 1 2 40 2 2 40 3 2 40 4 2 40 5 2 40 6 2 40 8 2 40 1 4 40 2 4 40 3 4 40 4 4 40 5 4 40 6 4 40 8 4 40 1 9 40 2 9 40 3 9 40 4 9 40 5 9 40 6 9 40 8 9 40 1 10 40 2 10 40 3 10 40 4 10 40 5 10 40 6 10 40 8 10 40 0 20 4 2 80 5 2 80 7 2 80 8 2 80 4 3 80 5 3 80 7 3 80 8 3 80 4 5 80 5 5 80 7 5 80 8 5 80 4 9 80 5 9 80 7 9 80 8 9 80 4 10 80 5 10 80 7 10 80 8 10 80 0 25 2 2 72 3 2 72 4 2 72 6 2 72 7 2 72 2 3 72 3 3 72 4 3 72 6 3 72 7 3 72 2 8 72 3 8 72 4 8 72 6 8 72 7 8 72 2 9 72 3 9 72 4 9 72 6 9 72 7 9 72 2 10 72 3 10 72 4 10 72 6 10 72 7 10 72 0 15 1 1 64 2 1 64 3 1 64 1 3 64 2 3 64 3 3 64 1 5 64 2 5 64 3 5 64 1 7 64 2 7 64 3 7 64 1 9 64 2 9 64 3 9 64 0 15 1 3 77 4 3 77 7 3 77 1 4 77 4 4 77 7 4 77 1 5 77 4 5 77 7 5 77 1 6 77 4 6 77 7 6 77 1 10 77 4 10 77 7 10 77 0 25 1 1 23 3 1 23 5 1 23 6 1 23 8 1 23 1 2 23 3 2 23 5 2 23 6 2 23 8 2 23 1 3 23 3 3 23 5 3 23 6 3 23 8 3 23 1 8 23 3 8 23 5 8 23 6 8 23 8 8 23 1 9 23 3 9 23 5 9 23 6 9 23 8 9 23 0 25 2 1 50 3 1 50 4 1 50 5 1 50 7 1 50 2 4 50 3 4 50 4 4 50 5 4 50 7 4 50 2 5 50 3 5 50 4 5 50 5 5 50 7 5 50 2 6 50 3 6 50 4 6 50 5 6 50 7 6 50 2 7 50 3 7 50 4 7 50 5 7 50 7 7 50 0 20 1 1 13 2 1 13 3 1 13 7 1 13 1 2 13 2 2 13 3 2 13 7 2 13 1 4 13 2 4 13 3 4 13 7 4 13 1 7 13 2 7 13 3 7 13 7 7 13 1 8 13 2 8 13 3 8 13 7 8 13 0 25 2 1 38 3 1 38 5 1 38 6 1 38 7 1 38 2 3 38 3 3 38 5 3 38 6 3 38 7 3 38 2 5 38 3 5 38 5 5 38 6 5 38 7 5 38 2 8 38 3 8 38 5 8 38 6 8 38 7 8 38 2 9 38 3 9 38 5 9 38 6 9 38 7 9 38 0 5 7 3 21 7 4 21 7 7 21 7 9 21 7 10 21 0 15 2 1 77 3 1 77 5 1 77 2 2 77 3 2 77 5 2 77 2 8 77 3 8 77 5 8 77 2 9 77 3 9 77 5 9 77 2 10 77 3 10 77 5 10 77 0 25 1 2 95 2 2 95 3 2 95 5 2 95 7 2 95 1 6 95 2 6 95 3 6 95 5 6 95 7 6 95 1 8 95 2 8 95 3 8 95 5 8 95 7 8 95 1 9 95 2 9 95 3 9 95 5 9 95 7 9 95 1 10 95 2 10 95 3 10 95 5 10 95 7 10 95 
19 0 20 1 3 60 3 3 60 4 3 60 5 3 60 1 5 60 3 5 60 4 5 60 5 5 60 1 6 60 3 6 60 4 6 60 5 6 60 1 7 60 3 7 60 4 7 60 5 7 60 1 8 60 3 8 60 4 8 60 5 8 60 1 5 2 94 3 94 6 94 8 94 9 94 0 15 1 2 53 6 2 53 8 2 53 1 3 53 6 3 53 8 3 53 1 4 53 6 4 53 8 4 53 1 9 53 6 9 53 8 9 53 1 10 53 6 10 53 8 10 53 0 15 1 4 82 2 4 82 7 4 82 1 5 82 2 5 82 7 5 82 1 6 82 2 6 82 7 6 82 1 8 82 2 8 82 7 8 82 1 9 82 2 9 82 7 9 82 0 20 1 1 60 2 1 60 5 1 60 8 1 60 1 4 60 2 4 60 5 4 60 8 4 60 1 5 60 2 5 60 5 5 60 8 5 60 1 7 60 2 7 60 5 7 60 8 7 60 1 8 60 2 8 60 5 8 60 8 8 60 0 20 2 1 60 5 1 60 7 1 60 8 1 60 2 3 60 5 3 60 7 3 60 8 3 60 2 6 60 5 6 60 7 6 60 8 6 60 2 8 60 5 8 60 7 8 60 8 8 60 2 9 60 5 9 60 7 9 60 8 9 60 0 15 3 3 93 7 3 93 8 3 93 3 5 93 7 5 93 8 5 93 3 6 93 7 6 93 8 6 93 3 7 93 7 7 93 8 7 93 3 10 93 7 10 93 8 10 93 0 20 1 2 49 5 2 49 6 2 49 7 2 49 1 5 49 5 5 49 6 5 49 7 5 49 1 7 49 5 7 49 6 7 49 7 7 49 1 9 49 5 9 49 6 9 49 7 9 49 1 10 49 5 10 49 6 10 49 7 10 49 0 25 1 2 82 3 2 82 4 2 82 5 2 82 6 2 82 1 3 82 3 3 82 4 3 82 5 3 82 6 3 82 1 6 82 3 6 82 4 6 82 5 6 82 6 6 82 1 7 82 3 7 82 4 7 82 5 7 82 6 7 82 1 9 82 3 9 82 4 9 82 5 9 82 6 9 82 0 15 3 2 68 4 2 68 7 2 68 3 3 68 4 3 68 7 3 68 3 4 68 4 4 68 7 4 68 3 7 68 4 7 68 7 7 68 3 8 68 4 8 68 7 8 68 0 20 1 2 42 2 2 42 3 2 42 6 2 42 1 3 42 2 3 42 3 3 42 6 3 42 1 4 42 2 4 42 3 4 42 6 4 42 1 5 42 2 5 42 3 5 42 6 5 42 1 8 42 2 8 42 3 8 42 6 8 42 0 30 2 1 96 3 1 96 4 1 96 5 1 96 6 1 96 8 1 96 2 3 96 3 3 96 4 3 96 5 3 96 6 3 96 8 3 96 2 6 96 3 6 96 4 6 96 5 6 96 6 6 96 8 6 96 2 8 96 3 8 96 4 8 96 5 8 96 6 8 96 8 8 96 2 9 96 3 9 96 4 9 96 5 9 96 6 9 96 8 9 96 0 5 4 2 90 4 3 90 4 5 90 4 7 90 4 9 90 0 20 1 2 36 5 2 36 6 2 36 7 2 36 1 3 36 5 3 36 6 3 36 7 3 36 1 5 36 5 5 36 6 5 36 7 5 36 1 7 36 5 7 36 6 7 36 7 7 36 1 9 36 5 9 36 6 9 36 7 9 36 0 20 1 1 70 2 1 70 5 1 70 8 1 70 1 2 70 2 2 70 5 2 70 8 2 70 1 4 70 2 4 70 5 4 70 8 4 70 1 6 70 2 6 70 5 6 70 8 6 70 1 9 70 2 9 70 5 9 70 8 9 70 0 10 1 2 12 3 2 12 1 4 12 3 4 12 1 8 12 3 8 12 1 9 12 3 9 12 1 10 12 3 10 12 0 20 1 2 56 2 2 56 3 2 56 6 2 56 1 3 56 2 3 56 3 3 56 6 3 56 1 4 56 2 4 56 3 4 56 6 4 56 1 6 56 2 6 56 3 6 56 6 6 56 1 10 56 2 10 56 3 10 56 6 10 56 0 25 3 1 14 4 1 14 6 1 14 7 1 14 8 1 14 3 2 14 4 2 14 6 2 14 7 2 14 8 2 14 3 3 14 4 3 14 6 3 14 7 3 14 8 3 14 3 4 14 4 4 14 6 4 14 7 4 14 8 4 14 3 9 14 4 9 14 6 9 14 7 9 14 8 9 14 0 10 4 1 60 5 1 60 4 5 60 5 5 60 4 8 60 5 8 60 4 9 60 5 9 60 4 10 60 5 10 60 
21 0 30 1 1 18 2 1 18 3 1 18 4 1 18 6 1 18 7 1 18 1 4 18 2 4 18 3 4 18 4 4 18 6 4 18 7 4 18 1 5 18 2 5 18 3 5 18 4 5 18 6 5 18 7 5 18 1 6 18 2 6 18 3 6 18 4 6 18 6 6 18 7 6 18 1 7 18 2 7 18 3 7 18 4 7 18 6 7 18 7 7 18 0 15 3 3 88 5 3 88 7 3 88 3 4 88 5 4 88 7 4 88 3 5 88 5 5 88 7 5 88 3 8 88 5 8 88 7 8 88 3 10 88 5 10 88 7 10 88 0 10 2 1 19 3 1 19 2 2 19 3 2 19 2 4 19 3 4 19 2 7 19 3 7 19 2 10 19 3 10 19 1 5 1 87 4 87 6 87 7 87 8 87 0 15 1 5 50 5 5 50 8 5 50 1 6 50 5 6 50 8 6 50 1 7 50 5 7 50 8 7 50 1 8 50 5 8 50 8 8 50 1 9 50 5 9 50 8 9 50 0 20 2 1 50 4 1 50 5 1 50 8 1 50 2 4 50 4 4 50 5 4 50 8 4 50 2 5 50 4 5 50 5 5 50 8 5 50 2 9 50 4 9 50 5 9 50 8 9 50 2 10 50 4 10 50 5 10 50 8 10 50 1 5 1 63 3 63 7 63 8 63 10 63 0 20 1 1 16 2 1 16 6 1 16 7 1 16 1 2 16 2 2 16 6 2 16 7 2 16 1 3 16 2 3 16 6 3 16 7 3 16 1 6 16 2 6 16 6 6 16 7 6 16 1 8 16 2 8 16 6 8 16 7 8 16 0 20 2 2 65 3 2 65 7 2 65 8 2 65 2 4 65 3 4 65 7 4 65 8 4 65 2 5 65 3 5 65 7 5 65 8 5 65 2 7 65 3 7 65 7 7 65 8 7 65 2 9 65 3 9 65 7 9 65 8 9 65 0 25 2 2 71 3 2 71 4 2 71 6 2 71 7 2 71 2 3 71 3 3 71 4 3 71 6 3 71 7 3 71 2 4 71 3 4 71 4 4 71 6 4 71 7 4 71 2 5 71 3 5 71 4 5 71 6 5 71 7 5 71 2 7 71 3 7 71 4 7 71 6 7 71 7 7 71 0 25 1 1 44 2 1 44 5 1 44 6 1 44 7 1 44 1 5 44 2 5 44 5 5 44 6 5 44 7 5 44 1 6 44 2 6 44 5 6 44 6 6 44 7 6 44 1 7 44 2 7 44 5 7 44 6 7 44 7 7 44 1 8 44 2 8 44 5 8 44 6 8 44 7 8 44 0 25 4 1 46 5 1 46 6 1 46 7 1 46 8 1 46 4 3 46 5 3 46 6 3 46 7 3 46 8 3 46 4 6 46 5 6 46 6 6 46 7 6 46 8 6 46 4 8 46 5 8 46 6 8 46 7 8 46 8 8 46 4 10 46 5 10 46 6 10 46 7 10 46 8 10 46 0 20 1 1 35 4 1 35 5 1 35 6 1 35 1 4 35 4 4 35 5 4 35 6 4 35 1 7 35 4 7 35 5 7 35 6 7 35 1 9 35 4 9 35 5 9 35 6 9 35 1 10 35 4 10 35 5 10 35 6 10 35 1 5 3 11 4 11 6 11 8 11 10 11 0 25 2 3 83 3 3 83 4 3 83 5 3 83 7 3 83 2 4 83 3 4 83 4 4 83 5 4 83 7 4 83 2 6 83 3 6 83 4 6 83 5 6 83 7 6 83 2 7 83 3 7 83 4 7 83 5 7 83 7 7 83 2 9 83 3 9 83 4 9 83 5 9 83 7 9 83 1 5 1 12 2 12 5 12 7 12 8 12 0 20 2 1 98 4 1 98 6 1 98 8 1 98 2 2 98 4 2 98 6 2 98 8 2 98 2 6 98 4 6 98 6 6 98 8 6 98 2 9 98 4 9 98 6 9 98 8 9 98 2 10 98 4 10 98 6 10 98 8 10 98 0 30 3 2 25 4 2 25 5 2 25 6 2 25 7 2 25 8 2 25 3 4 25 4 4 25 5 4 25 6 4 25 7 4 25 8 4 25 3 5 25 4 5 25 5 5 25 6 5 25 7 5 25 8 5 25 3 7 25 4 7 25 5 7 25 6 7 25 7 7 25 8 7 25 3 9 25 4 9 25 5 9 25 6 9 25 7 9 25 8 9 25 0 25 2 1 84 3 1 84 5 1 84 6 1 84 8 1 84 2 2 84 3 2 84 5 2 84 6 2 84 8 2 84 2 5 84 3 5 84 5 5 84 6 5 84 8 5 84 2 6 84 3 6 84 5 6 84 6 6 84 8 6 84 2 9 84 3 9 84 5 9 84 6 9 84 8 9 84 0 20 1 1 36 2 1 36 5 1 36 7 1 36 1 2 36 2 2 36 5 2 36 7 2 36 1 3 36 2 3 36 5 3 36 7 3 36 1 4 36 2 4 36 5 4 36 7 4 36 1 7 36 2 7 36 5 7 36 7 7 36 0 25 1 1 41 2 1 41 5 1 41 6 1 41 8 1 41 1 3 41 2 3 41 5 3 41 6 3 41 8 3 41 1 6 41 2 6 41 5 6 41 6 6 41 8 6 41 1 9 41 2 9 41 5 9 41 6 9 41 8 9 41 1 10 41 2 10 41 5 10 41 6 10 41 8 10 41 
16 0 15 1 3 44 4 3 44 6 3 44 1 4 44 4 4 44 6 4 44 1 5 44 4 5 44 6 5 44 1 8 44 4 8 44 6 8 44 1 9 44 4 9 44 6 9 44 0 25 1 2 51 2 2 51 4 2 51 5 2 51 8 2 51 1 3 51 2 3 51 4 3 51 5 3 51 8 3 51 1 5 51 2 5 51 4 5 51 5 5 51 8 5 51 1 6 51 2 6 51 4 6 51 5 6 51 8 6 51 1 8 51 2 8 51 4 8 51 5 8 51 8 8 51 0 25 3 1 58 4 1 58 5 1 58 6 1 58 7 1 58 3 3 58 4 3 58 5 3 58 6 3 58 7 3 58 3 5 58 4 5 58 5 5 58 6 5 58 7 5 58 3 6 58 4 6 58 5 6 58 6 6 58 7 6 58 3 10 58 4 10 58 5 10 58 6 10 58 7 10 58 1 5 1 56 3 56 5 56 9 56 10 56 0 15 1 1 27 3 1 27 8 1 27 1 2 27 3 2 27 8 2 27 1 4 27 3 4 27 8 4 27 1 8 27 3 8 27 8 8 27 1 10 27 3 10 27 8 10 27 1 5 1 97 2 97 6 97 7 97 10 97 0 30 1 1 93 3 1 93 4 1 93 6 1 93 7 1 93 8 1 93 1 2 93 3 2 93 4 2 93 6 2 93 7 2 93 8 2 93 1 4 93 3 4 93 4 4 93 6 4 93 7 4 93 8 4 93 1 5 93 3 5 93 4 5 93 6 5 93 7 5 93 8 5 93 1 8 93 3 8 93 4 8 93 6 8 93 7 8 93 8 8 93 0 30 3 1 41 4 1 41 5 1 41 6 1 41 7 1 41 8 1 41 3 2 41 4 2 41 5 2 41 6 2 41 7 2 41 8 2 41 3 4 41 4 4 41 5 4 41 6 4 41 7 4 41 8 4 41 3 5 41 4 5 41 5 5 41 6 5 41 7 5 41 8 5 41 3 6 41 4 6 41 5 6 41 6 6 41 7 6 41 8 6 41 0 10 1 5 59 5 5 59 1 6 59 5 6 59 1 7 59 5 7 59 1 8 59 5 8 59 1 9 59 5 9 59 1 5 3 83 5 83 6 83 7 83 8 83 0 10 6 1 99 7 1 99 6 4 99 7 4 99 6 6 99 7 6 99 6 7 99 7 7 99 6 9 99 7 9 99 0 10 4 3 90 5 3 90 4 4 90 5 4 90 4 6 90 5 6 90 4 7 90 5 7 90 4 9 90 5 9 90 0 20 1 1 90 3 1 90 5 1 90 8 1 90 1 4 90 3 4 90 5 4 90 8 4 90 1 6 90 3 6 90 5 6 90 8 6 90 1 7 90 3 7 90 5 7 90 8 7 90 1 8 90 3 8 90 5 8 90 8 8 90 0 15 1 1 58 3 1 58 4 1 58 1 2 58 3 2 58 4 2 58 1 6 58 3 6 58 4 6 58 1 7 58 3 7 58 4 7 58 1 8 58 3 8 58 4 8 58 0 25 3 2 15 5 2 15 6 2 15 7 2 15 8 2 15 3 4 15 5 4 15 6 4 15 7 4 15 8 4 15 3 8 15 5 8 15 6 8 15 7 8 15 8 8 15 3 9 15 5 9 15 6 9 15 7 9 15 8 9 15 3 10 15 5 10 15 6 10 15 7 10 15 8 10 15 1 5 2 95 3 95 4 95 7 95 8 95 
16 0 25 3 1 65 5 1 65 6 1 65 7 1 65 8 1 65 3 2 65 5 2 65 6 2 65 7 2 65 8 2 65 3 4 65 5 4 65 6 4 65 7 4 65 8 4 65 3 5 65 5 5 65 6 5 65 7 5 65 8 5 65 3 8 65 5 8 65 6 8 65 7 8 65 8 8 65 0 25 1 1 73 3 1 73 6 1 73 7 1 73 8 1 73 1 3 73 3 3 73 6 3 73 7 3 73 8 3 73 1 6 73 3 6 73 6 6 73 7 6 73 8 6 73 1 7 73 3 7 73 6 7 73 7 7 73 8 7 73 1 8 73 3 8 73 6 8 73 7 8 73 8 8 73 0 20 1 2 96 2 2 96 7 2 96 8 2 96 1 5 96 2 5 96 7 5 96 8 5 96 1 6 96 2 6 96 7 6 96 8 6 96 1 9 96 2 9 96 7 9 96 8 9 96 1 10 96 2 10 96 7 10 96 8 10 96 0 20 4 4 42 5 4 42 7 4 42 8 4 42 4 5 42 5 5 42 7 5 42 8 5 42 4 6 42 5 6 42 7 6 42 8 6 42 4 7 42 5 7 42 7 7 42 8 7 42 4 8 42 5 8 42 7 8 42 8 8 42 0 40 1 1 53 2 1 53 3 1 53 4 1 53 5 1 53 6 1 53 7 1 53 8 1 53 1 3 53 2 3 53 3 3 53 4 3 53 5 3 53 6 3 53 7 3 53 8 3 53 1 4 53 2 4 53 3 4 53 4 4 53 5 4 53 6 4 53 7 4 53 8 4 53 1 8 53 2 8 53 3 8 53 4 8 53 5 8 53 6 8 53 7 8 53 8 8 53 1 9 53 2 9 53 3 9 53 4 9 53 5 9 53 6 9 53 7 9 53 8 9 53 0 30 1 1 61 2 1 61 3 1 61 4 1 61 6 1 61 8 1 61 1 4 61 2 4 61 3 4 61 4 4 61 6 4 61 8 4 61 1 7 61 2 7 61 3 7 61 4 7 61 6 7 61 8 7 61 1 8 61 2 8 61 3 8 61 4 8 61 6 8 61 8 8 61 1 10 61 2 10 61 3 10 61 4 10 61 6 10 61 8 10 61 0 15 3 1 24 4 1 24 5 1 24 3 4 24 4 4 24 5 4 24 3 6 24 4 6 24 5 6 24 3 8 24 4 8 24 5 8 24 3 10 24 4 10 24 5 10 24 0 20 3 1 90 6 1 90 7 1 90 8 1 90 3 2 90 6 2 90 7 2 90 8 2 90 3 5 90 6 5 90 7 5 90 8 5 90 3 7 90 6 7 90 7 7 90 8 7 90 3 9 90 6 9 90 7 9 90 8 9 90 0 25 2 1 11 3 1 11 4 1 11 5 1 11 7 1 11 2 2 11 3 2 11 4 2 11 5 2 11 7 2 11 2 6 11 3 6 11 4 6 11 5 6 11 7 6 11 2 7 11 3 7 11 4 7 11 5 7 11 7 7 11 2 8 11 3 8 11 4 8 11 5 8 11 7 8 11 0 20 1 2 12 3 2 12 5 2 12 6 2 12 1 3 12 3 3 12 5 3 12 6 3 12 1 5 12 3 5 12 5 5 12 6 5 12 1 7 12 3 7 12 5 7 12 6 7 12 1 9 12 3 9 12 5 9 12 6 9 12 0 25 1 1 68 2 1 68 4 1 68 5 1 68 8 1 68 1 2 68 2 2 68 4 2 68 5 2 68 8 2 68 1 6 68 2 6 68 4 6 68 5 6 68 8 6 68 1 7 68 2 7 68 4 7 68 5 7 68 8 7 68 1 10 68 2 10 68 4 10 68 5 10 68 8 10 68 0 25 1 1 61 3 1 61 5 1 61 6 1 61 8 1 61 1 5 61 3 5 61 5 5 61 6 5 61 8 5 61 1 8 61 3 8 61 5 8 61 6 8 61 8 8 61 1 9 61 3 9 61 5 9 61 6 9 61 8 9 61 1 10 61 3 10 61 5 10 61 6 10 61 8 10 61 0 30 2 3 40 3 3 40 4 3 40 5 3 40 6 3 40 7 3 40 2 4 40 3 4 40 4 4 40 5 4 40 6 4 40 7 4 40 2 6 40 3 6 40 4 6 40 5 6 40 6 6 40 7 6 40 2 7 40 3 7 40 4 7 40 5 7 40 6 7 40 7 7 40 2 8 40 3 8 40 4 8 40 5 8 40 6 8 40 7 8 40 0 10 6 2 70 7 2 70 6 3 70 7 3 70 6 6 70 7 6 70 6 9 70 7 9 70 6 10 70 7 10 70 0 25 1 2 76 3 2 76 5 2 76 6 2 76 8 2 76 1 3 76 3 3 76 5 3 76 6 3 76 8 3 76 1 6 76 3 6 76 5 6 76 6 6 76 8 6 76 1 7 76 3 7 76 5 7 76 6 7 76 8 7 76 1 10 76 3 10 76 5 10 76 6 10 76 8 10 76 0 25 1 4 48 2 4 48 4 4 48 5 4 48 7 4 48 1 5 48 2 5 48 4 5 48 5 5 48 7 5 48 1 6 48 2 6 48 4 6 48 5 6 48 7 6 48 1 9 48 2 9 48 4 9 48 5 9 48 7 9 48 1 10 48 2 10 48 4 10 48 5 10 48 7 10 48 
25 0 25 1 1 19 2 1 19 3 1 19 5 1 19 6 1 19 1 4 19 2 4 19 3 4 19 5 4 19 6 4 19 1 7 19 2 7 19 3 7 19 5 7 19 6 7 19 1 9 19 2 9 19 3 9 19 5 9 19 6 9 19 1 10 19 2 10 19 3 10 19 5 10 19 6 10 19 1 5 3 49 4 49 6 49 8 49 9 49 0 15 3 1 76 4 1 76 5 1 76 3 3 76 4 3 76 5 3 76 3 6 76 4 6 76 5 6 76 3 8 76 4 8 76 5 8 76 3 9 76 4 9 76 5 9 76 0 25 1 3 24 2 3 24 3 3 24 5 3 24 7 3 24 1 4 24 2 4 24 3 4 24 5 4 24 7 4 24 1 6 24 2 6 24 3 6 24 5 6 24 7 6 24 1 9 24 2 9 24 3 9 24 5 9 24 7 9 24 1 10 24 2 10 24 3 10 24 5 10 24 7 10 24 1 5 1 35 2 35 6 35 8 35 10 35 1 5 1 10 3 10 4 10 7 10 9 10 0 20 1 3 46 3 3 46 5 3 46 7 3 46 1 4 46 3 4 46 5 4 46 7 4 46 1 5 46 3 5 46 5 5 46 7 5 46 1 6 46 3 6 46 5 6 46 7 6 46 1 10 46 3 10 46 5 10 46 7 10 46 0 15 1 3 18 7 3 18 8 3 18 1 4 18 7 4 18 8 4 18 1 5 18 7 5 18 8 5 18 1 7 18 7 7 18 8 7 18 1 10 18 7 10 18 8 10 18 0 20 2 2 72 3 2 72 4 2 72 5 2 72 2 5 72 3 5 72 4 5 72 5 5 72 2 6 72 3 6 72 4 6 72 5 6 72 2 7 72 3 7 72 4 7 72 5 7 72 2 8 72 3 8 72 4 8 72 5 8 72 1 5 1 32 3 32 5 32 6 32 9 32 0 30 1 2 92 2 2 92 3 2 92 4 2 92 5 2 92 6 2 92 1 5 92 2 5 92 3 5 92 4 5 92 5 5 92 6 5 92 1 6 92 2 6 92 3 6 92 4 6 92 5 6 92 6 6 92 1 7 92 2 7 92 3 7 92 4 7 92 5 7 92 6 7 92 1 8 92 2 8 92 3 8 92 4 8 92 5 8 92 6 8 92 0 10 5 2 14 7 2 14 5 3 14 7 3 14 5 4 14 7 4 14 5 9 14 7 9 14 5 10 14 7 10 14 0 35 1 1 53 3 1 53 4 1 53 5 1 53 6 1 53 7 1 53 8 1 53 1 3 53 3 3 53 4 3 53 5 3 53 6 3 53 7 3 53 8 3 53 1 6 53 3 6 53 4 6 53 5 6 53 6 6 53 7 6 53 8 6 53 1 8 53 3 8 53 4 8 53 5 8 53 6 8 53 7 8 53 8 8 53 1 9 53 3 9 53 4 9 53 5 9 53 6 9 53 7 9 53 8 9 53 0 10 3 1 49 7 1 49 3 5 49 7 5 49 3 7 49 7 7 49 3 8 49 7 8 49 3 10 49 7 10 49 1 5 3 83 4 83 6 83 7 83 8 83 0 15 5 1 81 7 1 81 8 1 81 5 2 81 7 2 81 8 2 81 5 4 81 7 4 81 8 4 81 5 6 81 7 6 81 8 6 81 5 7 81 7 7 81 8 7 81 1 5 2 76 3 76 5 76 9 76 10 76 0 5 1 2 88 1 3 88 1 5 88 1 8 88 1 10 88 1 5 1 34 4 34 5 34 7 34 8 34 0 30 1 2 54 2 2 54 3 2 54 5 2 54 6 2 54 8 2 54 1 4 54 2 4 54 3 4 54 5 4 54 6 4 54 8 4 54 1 5 54 2 5 54 3 5 54 5 5 54 6 5 54 8 5 54 1 8 54 2 8 54 3 8 54 5 8 54 6 8 54 8 8 54 1 10 54 2 10 54 3 10 54 5 10 54 6 10 54 8 10 54 0 20 2 1 22 4 1 22 5 1 22 8 1 22 2 3 22 4 3 22 5 3 22 8 3 22 2 4 22 4 4 22 5 4 22 8 4 22 2 6 22 4 6 22 5 6 22 8 6 22 2 8 22 4 8 22 5 8 22 8 8 22 0 20 1 5 47 4 5 47 5 5 47 7 5 47 1 6 47 4 6 47 5 6 47 7 6 47 1 7 47 4 7 47 5 7 47 7 7 47 1 8 47 4 8 47 5 8 47 7 8 47 1 10 47 4 10 47 5 10 47 7 10 47 0 25 1 1 31 3 1 31 5 1 31 6 1 31 8 1 31 1 2 31 3 2 31 5 2 31 6 2 31 8 2 31 1 5 31 3 5 31 5 5 31 6 5 31 8 5 31 1 8 31 3 8 31 5 8 31 6 8 31 8 8 31 1 10 31 3 10 31 5 10 31 6 10 31 8 10 31 0 20 2 1 43 3 1 43 5 1 43 8 1 43 2 7 43 3 7 43 5 7 43 8 7 43 2 8 43 3 8 43 5 8 43 8 8 43 2 9 43 3 9 43 5 9 43 8 9 43 2 10 43 3 10 43 5 10 43 8 10 43 1 5 1 29 4 29 5 29 7 29 10 29 
