15 8 10
15 1 5 1 32 6 32 8 32 9 32 10 32 0 20 1 3 62 2 3 62 3 3 65 7 3 67 1 4 62 2 4 62 3 4 65 7 4 67 1 6 62 2 6 62 3 6 65 7 6 67 1 8 62 2 8 62 3 8 65 7 8 67 1 9 62 2 9 62 3 9 65 7 9 67 1 5 2 30 3 30 4 30 6 30 8 30 0 15 1 4 79 2 4 80 4 4 77 1 6 79 2 6 80 4 6 77 1 7 79 2 7 80 4 7 77 1 8 79 2 8 80 4 8 77 1 9 79 2 9 80 4 9 77 1 5 2 25 3 25 5 25 8 25 9 25 0 15 1 1 64 4 1 66 6 1 64 1 4 64 4 4 66 6 4 64 1 5 64 4 5 66 6 5 64 1 6 64 4 6 66 6 6 64 1 10 64 4 10 66 6 10 64 1 5 1 37 5 37 6 37 9 37 10 37 0 10 1 4 16 8 4 12 1 5 16 8 5 12 1 7 16 8 7 12 1 9 16 8 9 12 1 10 16 8 10 12 0 25 1 2 56 2 2 60 5 2 61 7 2 65 8 2 60 1 4 56 2 4 60 5 4 61 7 4 65 8 4 60 1 5 56 2 5 60 5 5 61 7 5 65 8 5 60 1 8 56 2 8 60 5 8 61 7 8 65 8 8 60 1 9 56 2 9 60 5 9 61 7 9 65 8 9 60 0 15 2 2 90 4 2 90 8 2 92 2 3 90 4 3 90 8 3 92 2 5 90 4 5 90 8 5 92 2 9 90 4 9 90 8 9 92 2 10 90 4 10 90 8 10 92 1 5 2 43 5 43 6 43 8 43 10 43 0 5 5 1 89 5 2 89 5 3 89 5 4 89 5 10 89 0 10 6 1 65 8 1 60 6 4 65 8 4 60 6 6 65 8 6 60 6 7 65 8 7 60 6 9 65 8 9 60 0 20 1 1 43 2 1 44 4 1 50 6 1 45 1 4 43 2 4 44 4 4 50 6 4 45 1 5 43 2 5 44 4 5 50 6 5 45 1 6 43 2 6 44 4 6 50 6 6 45 1 10 43 2 10 44 4 10 50 6 10 45 0 10 6 2 91 8 2 88 6 3 91 8 3 88 6 5 91 8 5 88 6 7 91 8 7 88 6 10 91 8 10 88 
20 0 15 2 1 71 7 1 71 8 1 75 2 4 71 7 4 71 8 4 75 2 6 71 7 6 71 8 6 75 2 7 71 7 7 71 8 7 75 2 9 71 7 9 71 8 9 75 0 5 2 2 29 2 3 29 2 4 29 2 5 29 2 7 29 1 5 3 89 4 89 5 89 7 89 8 89 0 10 1 1 16 2 1 16 1 7 16 2 7 16 1 8 16 2 8 16 1 9 16 2 9 16 1 10 16 2 10 16 1 5 1 27 3 27 4 27 9 27 10 27 0 10 3 1 91 4 1 82 3 2 91 4 2 82 3 6 91 4 6 82 3 9 91 4 9 82 3 10 91 4 10 82 0 15 1 3 24 3 3 24 7 3 25 1 4 24 3 4 24 7 4 25 1 7 24 3 7 24 7 7 25 1 8 24 3 8 24 7 8 25 1 10 24 3 10 24 7 10 25 0 15 3 3 75 7 3 76 8 3 77 3 4 75 7 4 76 8 4 77 3 5 75 7 5 76 8 5 77 3 6 75 7 6 76 8 6 77 3 8 75 7 8 76 8 8 77 0 5 4 2 36 4 4 36 4 5 36 4 9 36 4 10 36 0 20 2 1 67 4 1 65 6 1 71 7 1 67 2 2 67 4 2 65 6 2 71 7 2 67 2 5 67 4 5 65 6 5 71 7 5 67 2 7 67 4 7 65 6 7 71 7 7 67 2 10 67 4 10 65 6 10 71 7 10 67 0 5 5 1 49 5 2 49 5 5 49 5 7 49 5 9 49 0 15 1 2 58 4 2 55 6 2 53 1 5 58 4 5 55 6 5 53 1 8 58 4 8 55 6 8 53 1 9 58 4 9 55 6 9 53 1 10 58 4 10 55 6 10 53 1 5 3 40 4 40 6 40 8 40 10 40 0 20 1 1 45 2 1 50 5 1 50 7 1 54 1 4 45 2 4 50 5 4 50 7 4 54 1 5 45 2 5 50 5 5 50 7 5 54 1 7 45 2 7 50 5 7 50 7 7 54 1 8 45 2 8 50 5 8 50 7 8 54 0 5 5 4 72 5 5 72 5 7 72 5 9 72 5 10 72 0 10 3 1 76 4 1 75 3 2 76 4 2 75 3 4 76 4 4 75 3 9 76 4 9 75 3 10 76 4 10 75 0 10 3 2 77 5 2 79 3 3 77 5 3 79 3 4 77 5 4 79 3 5 77 5 5 79 3 10 77 5 10 79 0 15 1 1 77 4 1 81 5 1 80 1 4 77 4 4 81 5 4 80 1 6 77 4 6 81 5 6 80 1 8 77 4 8 81 5 8 80 1 10 77 4 10 81 5 10 80 0 20 2 1 41 5 1 42 6 1 43 7 1 41 2 2 41 5 2 42 6 2 43 7 2 41 2 7 41 5 7 42 6 7 43 7 7 41 2 8 41 5 8 42 6 8 43 7 8 41 2 9 41 5 9 42 6 9 43 7 9 41 0 20 1 3 99 2 3 94 5 3 92 7 3 92 1 5 99 2 5 94 5 5 92 7 5 92 1 7 99 2 7 94 5 7 92 7 7 92 1 8 99 2 8 94 5 8 92 7 8 92 1 10 99 2 10 94 5 10 92 7 10 92 
23 0 5 8 1 69 8 4 69 8 5 69 8 6 69 8 10 69 0 25 1 1 27 2 1 27 5 1 27 6 1 27 8 1 26 1 3 27 2 3 27 5 3 27 6 3 27 8 3 26 1 6 27 2 6 27 5 6 27 6 6 27 8 6 26 1 7 27 2 7 27 5 7 27 6 7 27 8 7 26 1 10 27 2 10 27 5 10 27 6 10 27 8 10 26 0 15 2 1 85 5 1 86 6 1 84 2 3 85 5 3 86 6 3 84 2 5 85 5 5 86 6 5 84 2 6 85 5 6 86 6 6 84 2 10 85 5 10 86 6 10 84 0 20 1 3 71 2 3 76 6 3 71 8 3 66 1 4 71 2 4 76 6 4 71 8 4 66 1 6 71 2 6 76 6 6 71 8 6 66 1 9 71 2 9 76 6 9 71 8 9 66 1 10 71 2 10 76 6 10 71 8 10 66 0 25 1 1 50 2 1 42 3 1 45 6 1 45 8 1 45 1 2 50 2 2 42 3 2 45 6 2 45 8 2 45 1 3 50 2 3 42 3 3 45 6 3 45 8 3 45 1 4 50 2 4 42 3 4 45 6 4 45 8 4 45 1 10 50 2 10 42 3 10 45 6 10 45 8 10 45 0 10 4 1 60 8 1 60 4 2 60 8 2 60 4 4 60 8 4 60 4 7 60 8 7 60 4 8 60 8 8 60 0 5 2 2 55 2 7 55 2 8 55 2 9 55 2 10 55 0 10 2 1 37 4 1 33 2 3 37 4 3 33 2 4 37 4 4 33 2 6 37 4 6 33 2 10 37 4 10 33 0 10 5 1 93 8 1 91 5 4 93 8 4 91 5 5 93 8 5 91 5 7 93 8 7 91 5 10 93 8 10 91 1 5 2 36 4 36 5 36 6 36 9 36 0 5 5 4 58 5 6 58 5 8 58 5 9 58 5 10 58 0 15 2 1 69 6 1 67 7 1 67 2 2 69 6 2 67 7 2 67 2 3 69 6 3 67 7 3 67 2 4 69 6 4 67 7 4 67 2 6 69 6 6 67 7 6 67 0 5 4 2 65 4 5 65 4 6 65 4 7 65 4 9 65 0 10 1 2 59 6 2 60 1 6 59 6 6 60 1 7 59 6 7 60 1 9 59 6 9 60 1 10 59 6 10 60 0 5 4 1 29 4 2 29 4 4 29 4 5 29 4 9 29 0 10 1 2 26 2 2 22 1 3 26 2 3 22 1 5 26 2 5 22 1 6 26 2 6 22 1 10 26 2 10 22 0 15 2 1 39 5 1 37 7 1 37 2 2 39 5 2 37 7 2 37 2 4 39 5 4 37 7 4 37 2 7 39 5 7 37 7 7 37 2 8 39 5 8 37 7 8 37 0 25 2 1 71 3 1 74 4 1 67 5 1 71 8 1 74 2 3 71 3 3 74 4 3 67 5 3 71 8 3 74 2 5 71 3 5 74 4 5 67 5 5 71 8 5 74 2 7 71 3 7 74 4 7 67 5 7 71 8 7 74 2 9 71 3 9 74 4 9 67 5 9 71 8 9 74 0 20 1 1 74 2 1 79 5 1 78 6 1 76 1 3 74 2 3 79 5 3 78 6 3 76 1 5 74 2 5 79 5 5 78 6 5 76 1 7 74 2 7 79 5 7 78 6 7 76 1 10 74 2 10 79 5 10 78 6 10 76 0 5 7 1 69 7 3 69 7 4 69 7 5 69 7 9 69 1 5 2 62 3 62 4 62 6 62 10 62 0 20 2 1 47 4 1 43 5 1 41 7 1 45 2 3 47 4 3 43 5 3 41 7 3 45 2 4 47 4 4 43 5 4 41 7 4 45 2 9 47 4 9 43 5 9 41 7 9 45 2 10 47 4 10 43 5 10 41 7 10 45 1 5 3 55 6 55 8 55 9 55 10 55 
18 0 15 3 1 59 5 1 59 8 1 62 3 2 59 5 2 59 8 2 62 3 4 59 5 4 59 8 4 62 3 5 59 5 5 59 8 5 62 3 6 59 5 6 59 8 6 62 0 5 4 1 68 4 2 68 4 3 68 4 4 68 4 6 68 0 10 1 4 90 6 4 90 1 5 90 6 5 90 1 6 90 6 6 90 1 7 90 6 7 90 1 10 90 6 10 90 0 15 3 1 34 4 1 31 5 1 33 3 3 34 4 3 31 5 3 33 3 7 34 4 7 31 5 7 33 3 8 34 4 8 31 5 8 33 3 9 34 4 9 31 5 9 33 0 5 7 1 62 7 2 62 7 5 62 7 8 62 7 10 62 0 5 5 1 22 5 2 22 5 3 22 5 6 22 5 7 22 0 10 1 1 62 5 1 66 1 2 62 5 2 66 1 4 62 5 4 66 1 5 62 5 5 66 1 9 62 5 9 66 0 10 2 1 36 8 1 32 2 2 36 8 2 32 2 5 36 8 5 32 2 8 36 8 8 32 2 10 36 8 10 32 0 5 6 1 96 6 3 96 6 6 96 6 9 96 6 10 96 0 15 2 1 34 3 1 38 7 1 33 2 3 34 3 3 38 7 3 33 2 5 34 3 5 38 7 5 33 2 9 34 3 9 38 7 9 33 2 10 34 3 10 38 7 10 33 0 15 1 1 83 4 1 79 5 1 78 1 4 83 4 4 79 5 4 78 1 6 83 4 6 79 5 6 78 1 7 83 4 7 79 5 7 78 1 10 83 4 10 79 5 10 78 0 10 3 1 42 6 1 42 3 2 42 6 2 42 3 5 42 6 5 42 3 6 42 6 6 42 3 10 42 6 10 42 0 20 4 1 57 5 1 67 6 1 62 7 1 59 4 2 57 5 2 67 6 2 62 7 2 59 4 7 57 5 7 67 6 7 62 7 7 59 4 9 57 5 9 67 6 9 62 7 9 59 4 10 57 5 10 67 6 10 62 7 10 59 0 10 2 2 91 5 2 91 2 3 91 5 3 91 2 7 91 5 7 91 2 8 91 5 8 91 2 9 91 5 9 91 0 5 1 1 66 1 4 66 1 6 66 1 9 66 1 10 66 0 10 1 1 87 3 1 87 1 2 87 3 2 87 1 5 87 3 5 87 1 6 87 3 6 87 1 8 87 3 8 87 0 10 1 3 42 4 3 44 1 4 42 4 4 44 1 5 42 4 5 44 1 6 42 4 6 44 1 8 42 4 8 44 1 5 1 36 2 36 3 36 9 36 10 36 
21 0 15 2 3 59 3 3 54 6 3 53 2 4 59 3 4 54 6 4 53 2 5 59 3 5 54 6 5 53 2 8 59 3 8 54 6 8 53 2 9 59 3 9 54 6 9 53 1 5 1 91 3 91 4 91 6 91 7 91 0 20 1 2 41 2 2 41 4 2 36 7 2 39 1 4 41 2 4 41 4 4 36 7 4 39 1 5 41 2 5 41 4 5 36 7 5 39 1 8 41 2 8 41 4 8 36 7 8 39 1 9 41 2 9 41 4 9 36 7 9 39 0 15 3 1 82 7 1 78 8 1 81 3 2 82 7 2 78 8 2 81 3 4 82 7 4 78 8 4 81 3 7 82 7 7 78 8 7 81 3 8 82 7 8 78 8 8 81 0 10 3 2 40 7 2 45 3 3 40 7 3 45 3 5 40 7 5 45 3 9 40 7 9 45 3 10 40 7 10 45 0 15 2 2 90 4 2 93 7 2 89 2 3 90 4 3 93 7 3 89 2 4 90 4 4 93 7 4 89 2 8 90 4 8 93 7 8 89 2 10 90 4 10 93 7 10 89 0 5 1 1 59 1 2 59 1 3 59 1 7 59 1 8 59 1 5 2 94 3 94 6 94 8 94 10 94 0 10 6 1 41 8 1 46 6 2 41 8 2 46 6 4 41 8 4 46 6 6 41 8 6 46 6 8 41 8 8 46 1 5 1 32 3 32 5 32 7 32 10 32 0 20 2 1 58 3 1 59 6 1 56 8 1 55 2 3 58 3 3 59 6 3 56 8 3 55 2 4 58 3 4 59 6 4 56 8 4 55 2 5 58 3 5 59 6 5 56 8 5 55 2 9 58 3 9 59 6 9 56 8 9 55 0 15 5 2 92 7 2 94 8 2 88 5 3 92 7 3 94 8 3 88 5 6 92 7 6 94 8 6 88 5 9 92 7 9 94 8 9 88 5 10 92 7 10 94 8 10 88 0 15 1 1 72 5 1 67 7 1 67 1 2 72 5 2 67 7 2 67 1 4 72 5 4 67 7 4 67 1 6 72 5 6 67 7 6 67 1 7 72 5 7 67 7 7 67 0 25 3 3 65 4 3 62 5 3 59 6 3 58 8 3 60 3 4 65 4 4 62 5 4 59 6 4 58 8 4 60 3 6 65 4 6 62 5 6 59 6 6 58 8 6 60 3 7 65 4 7 62 5 7 59 6 7 58 8 7 60 3 9 65 4 9 62 5 9 59 6 9 58 8 9 60 0 15 4 3 93 5 3 93 7 3 97 4 4 93 5 4 93 7 4 97 4 5 93 5 5 93 7 5 97 4 7 93 5 7 93 7 7 97 4 10 93 5 10 93 7 10 97 0 5 5 3 39 5 4 39 5 5 39 5 9 39 5 10 39 0 10 2 1 95 5 1 95 2 2 95 5 2 95 2 5 95 5 5 95 2 6 95 5 6 95 2 8 95 5 8 95 0 15 1 2 67 6 2 70 7 2 66 1 4 67 6 4 70 7 4 66 1 7 67 6 7 70 7 7 66 1 8 67 6 8 70 7 8 66 1 10 67 6 10 70 7 10 66 0 15 5 1 80 6 1 84 7 1 80 5 4 80 6 4 84 7 4 80 5 5 80 6 5 84 7 5 80 5 6 80 6 6 84 7 6 80 5 7 80 6 7 84 7 7 80 1 5 1 67 6 67 7 67 9 67 10 67 0 15 2 3 20 5 3 21 7 3 21 2 4 20 5 4 21 7 4 21 2 6 20 5 6 21 7 6 21 2 8 20 5 8 21 7 8 21 2 9 20 5 9 21 7 9 21 
15 0 5 5 3 30 5 4 30 5 5 30 5 6 30 5 9 30 0 25 1 3 33 3 3 28 4 3 31 5 3 29 6 3 32 1 6 33 3 6 28 4 6 31 5 6 29 6 6 32 1 8 33 3 8 28 4 8 31 5 8 29 6 8 32 1 9 33 3 9 28 4 9 31 5 9 29 6 9 32 1 10 33 3 10 28 4 10 31 5 10 29 6 10 32 0 5 7 4 24 7 5 24 7 6 24 7 8 24 7 9 24 0 5 7 3 100 7 4 100 7 7 100 7 8 100 7 9 100 1 5 2 86 4 86 6 86 7 86 8 86 0 5 8 2 67 8 5 67 8 6 67 8 9 67 8 10 67 0 15 1 1 20 4 1 21 6 1 20 1 2 20 4 2 21 6 2 20 1 3 20 4 3 21 6 3 20 1 5 20 4 5 21 6 5 20 1 7 20 4 7 21 6 7 20 0 20 1 3 83 2 3 85 4 3 79 6 3 80 1 4 83 2 4 85 4 4 79 6 4 80 1 5 83 2 5 85 4 5 79 6 5 80 1 6 83 2 6 85 4 6 79 6 6 80 1 10 83 2 10 85 4 10 79 6 10 80 0 5 7 2 39 7 3 39 7 5 39 7 7 39 7 9 39 0 10 5 1 67 8 1 74 5 3 67 8 3 74 5 7 67 8 7 74 5 8 67 8 8 74 5 9 67 8 9 74 0 10 1 1 39 5 1 43 1 3 39 5 3 43 1 5 39 5 5 43 1 9 39 5 9 43 1 10 39 5 10 43 0 15 2 1 97 3 1 97 4 1 95 2 2 97 3 2 97 4 2 95 2 3 97 3 3 97 4 3 95 2 7 97 3 7 97 4 7 95 2 8 97 3 8 97 4 8 95 0 15 1 2 29 6 2 26 7 2 30 1 5 29 6 5 26 7 5 30 1 6 29 6 6 26 7 6 30 1 7 29 6 7 26 7 7 30 1 10 29 6 10 26 7 10 30 0 15 4 1 31 7 1 35 8 1 35 4 2 31 7 2 35 8 2 35 4 3 31 7 3 35 8 3 35 4 7 31 7 7 35 8 7 35 4 8 31 7 8 35 8 8 35 0 15 3 1 87 5 1 87 8 1 86 3 2 87 5 2 87 8 2 86 3 5 87 5 5 87 8 5 86 3 7 87 5 7 87 8 7 86 3 8 87 5 8 87 8 8 86 
17 0 20 1 1 72 5 1 72 6 1 77 8 1 70 1 5 72 5 5 72 6 5 77 8 5 70 1 6 72 5 6 72 6 6 77 8 6 70 1 8 72 5 8 72 6 8 77 8 8 70 1 10 72 5 10 72 6 10 77 8 10 70 0 10 7 4 84 8 4 86 7 5 84 8 5 86 7 7 84 8 7 86 7 9 84 8 9 86 7 10 84 8 10 86 0 5 2 3 54 2 6 54 2 8 54 2 9 54 2 10 54 0 5 7 1 37 7 4 37 7 5 37 7 7 37 7 8 37 1 5 1 52 2 52 4 52 5 52 7 52 1 5 1 62 2 62 3 62 6 62 10 62 1 5 1 58 3 58 5 58 9 58 10 58 1 5 3 93 4 93 5 93 7 93 10 93 0 10 3 1 74 8 1 71 3 2 74 8 2 71 3 5 74 8 5 71 3 8 74 8 8 71 3 9 74 8 9 71 0 10 1 2 77 4 2 80 1 3 77 4 3 80 1 6 77 4 6 80 1 7 77 4 7 80 1 10 77 4 10 80 1 5 3 14 4 14 6 14 8 14 10 14 0 5 3 2 34 3 3 34 3 6 34 3 7 34 3 10 34 1 5 4 54 5 54 8 54 9 54 10 54 0 15 2 2 53 4 2 58 8 2 52 2 3 53 4 3 58 8 3 52 2 4 53 4 4 58 8 4 52 2 9 53 4 9 58 8 9 52 2 10 53 4 10 58 8 10 52 1 5 1 23 2 23 3 23 6 23 9 23 1 5 2 58 4 58 7 58 9 58 10 58 0 5 8 1 84 8 3 84 8 4 84 8 9 84 8 10 84 
25 0 20 4 2 47 5 2 48 6 2 48 8 2 47 4 3 47 5 3 48 6 3 48 8 3 47 4 7 47 5 7 48 6 7 48 8 7 47 4 9 47 5 9 48 6 9 48 8 9 47 4 10 47 5 10 48 6 10 48 8 10 47 0 20 1 3 71 3 3 67 6 3 74 7 3 71 1 6 71 3 6 67 6 6 74 7 6 71 1 7 71 3 7 67 6 7 74 7 7 71 1 8 71 3 8 67 6 8 74 7 8 71 1 9 71 3 9 67 6 9 74 7 9 71 0 15 3 1 30 6 1 35 8 1 38 3 3 30 6 3 35 8 3 38 3 5 30 6 5 35 8 5 38 3 6 30 6 6 35 8 6 38 3 8 30 6 8 35 8 8 38 0 10 2 3 48 5 3 48 2 6 48 5 6 48 2 8 48 5 8 48 2 9 48 5 9 48 2 10 48 5 10 48 0 10 2 2 51 4 2 51 2 3 51 4 3 51 2 4 51 4 4 51 2 5 51 4 5 51 2 10 51 4 10 51 0 20 4 1 43 5 1 38 6 1 39 7 1 36 4 2 43 5 2 38 6 2 39 7 2 36 4 4 43 5 4 38 6 4 39 7 4 36 4 9 43 5 9 38 6 9 39 7 9 36 4 10 43 5 10 38 6 10 39 7 10 36 0 15 2 3 72 4 3 73 7 3 73 2 5 72 4 5 73 7 5 73 2 7 72 4 7 73 7 7 73 2 8 72 4 8 73 7 8 73 2 10 72 4 10 73 7 10 73 0 5 3 2 38 3 5 38 3 6 38 3 8 38 3 9 38 1 5 2 69 3 69 6 69 9 69 10 69 0 5 4 1 62 4 3 62 4 4 62 4 5 62 4 8 62 0 10 3 1 40 8 1 36 3 3 40 8 3 36 3 5 40 8 5 36 3 7 40 8 7 36 3 8 40 8 8 36 0 5 7 1 18 7 4 18 7 6 18 7 7 18 7 8 18 0 10 3 3 30 6 3 33 3 5 30 6 5 33 3 6 30 6 6 33 3 7 30 6 7 33 3 9 30 6 9 33 0 5 5 1 48 5 5 48 5 7 48 5 9 48 5 10 48 0 5 1 1 92 1 2 92 1 5 92 1 8 92 1 10 92 0 10 2 6 57 5 6 58 2 7 57 5 7 58 2 8 57 5 8 58 2 9 57 5 9 58 2 10 57 5 10 58 0 5 8 5 38 8 6 38 8 7 38 8 8 38 8 10 38 0 25 1 1 63 2 1 67 3 1 66 5 1 70 8 1 67 1 3 63 2 3 67 3 3 66 5 3 70 8 3 67 1 5 63 2 5 67 3 5 66 5 5 70 8 5 67 1 7 63 2 7 67 3 7 66 5 7 70 8 7 67 1 8 63 2 8 67 3 8 66 5 8 70 8 8 67 0 20 3 1 23 6 1 26 7 1 29 8 1 21 3 4 23 6 4 26 7 4 29 8 4 21 3 6 23 6 6 26 7 6 29 8 6 21 3 8 23 6 8 26 7 8 29 8 8 21 3 10 23 6 10 26 7 10 29 8 10 21 0 5 2 4 32 2 5 32 2 7 32 2 8 32 2 10 32 0 5 4 3 62 4 4 62 4 6 62 4 8 62 4 10 62 0 5 1 1 58 1 2 58 1 7 58 1 8 58 1 9 58 0 15 1 2 62 4 2 62 6 2 62 1 4 62 4 4 62 6 4 62 1 5 62 4 5 62 6 5 62 1 7 62 4 7 62 6 7 62 1 8 62 4 8 62 6 8 62 0 5 8 1 42 8 4 42 8 8 42 8 9 42 8 10 42 1 5 2 44 3 44 4 44 5 44 10 44 
23 0 10 1 3 79 7 3 80 1 5 79 7 5 80 1 6 79 7 6 80 1 8 79 7 8 80 1 10 79 7 10 80 1 5 1 43 2 43 4 43 7 43 10 43 0 5 8 1 78 8 2 78 8 3 78 8 7 78 8 9 78 0 5 3 1 51 3 4 51 3 6 51 3 8 51 3 10 51 0 15 3 2 72 5 2 73 7 2 76 3 3 72 5 3 73 7 3 76 3 6 72 5 6 73 7 6 76 3 7 72 5 7 73 7 7 76 3 8 72 5 8 73 7 8 76 0 10 1 1 39 8 1 42 1 2 39 8 2 42 1 3 39 8 3 42 1 6 39 8 6 42 1 9 39 8 9 42 0 30 1 2 76 2 2 77 3 2 78 4 2 75 5 2 79 7 2 72 1 5 76 2 5 77 3 5 78 4 5 75 5 5 79 7 5 72 1 7 76 2 7 77 3 7 78 4 7 75 5 7 79 7 7 72 1 8 76 2 8 77 3 8 78 4 8 75 5 8 79 7 8 72 1 10 76 2 10 77 3 10 78 4 10 75 5 10 79 7 10 72 0 10 6 1 45 7 1 48 6 6 45 7 6 48 6 7 45 7 7 48 6 8 45 7 8 48 6 9 45 7 9 48 1 5 5 80 6 80 8 80 9 80 10 80 0 10 4 1 44 8 1 42 4 4 44 8 4 42 4 5 44 8 5 42 4 8 44 8 8 42 4 10 44 8 10 42 0 5 7 1 18 7 3 18 7 7 18 7 8 18 7 9 18 0 20 1 1 61 2 1 62 3 1 60 6 1 62 1 6 61 2 6 62 3 6 60 6 6 62 1 7 61 2 7 62 3 7 60 6 7 62 1 9 61 2 9 62 3 9 60 6 9 62 1 10 61 2 10 62 3 10 60 6 10 62 0 10 3 1 99 8 1 93 3 4 99 8 4 93 3 7 99 8 7 93 3 8 99 8 8 93 3 9 99 8 9 93 0 5 5 3 25 5 6 25 5 8 25 5 9 25 5 10 25 0 5 8 3 38 8 5 38 8 7 38 8 9 38 8 10 38 0 20 1 2 94 2 2 94 4 2 95 8 2 90 1 3 94 2 3 94 4 3 95 8 3 90 1 6 94 2 6 94 4 6 95 8 6 90 1 9 94 2 9 94 4 9 95 8 9 90 1 10 94 2 10 94 4 10 95 8 10 90 0 15 3 3 82 4 3 80 5 3 81 3 4 82 4 4 80 5 4 81 3 5 82 4 5 80 5 5 81 3 6 82 4 6 80 5 6 81 3 8 82 4 8 80 5 8 81 0 5 6 3 44 6 5 44 6 7 44 6 8 44 6 10 44 0 10 6 1 81 8 1 77 6 3 81 8 3 77 6 4 81 8 4 77 6 8 81 8 8 77 6 9 81 8 9 77 0 5 7 1 43 7 3 43 7 4 43 7 7 43 7 8 43 0 15 3 3 58 6 3 58 8 3 58 3 7 58 6 7 58 8 7 58 3 8 58 6 8 58 8 8 58 3 9 58 6 9 58 8 9 58 3 10 58 6 10 58 8 10 58 0 25 1 1 56 3 1 56 4 1 58 5 1 61 8 1 57 1 2 56 3 2 56 4 2 58 5 2 61 8 2 57 1 4 56 3 4 56 4 4 58 5 4 61 8 4 57 1 7 56 3 7 56 4 7 58 5 7 61 8 7 57 1 8 56 3 8 56 4 8 58 5 8 61 8 8 57 0 10 6 1 29 8 1 33 6 7 29 8 7 33 6 8 29 8 8 33 6 9 29 8 9 33 6 10 29 8 10 33 
19 0 5 3 1 63 3 3 63 3 5 63 3 8 63 3 10 63 0 10 6 4 52 7 4 52 6 6 52 7 6 52 6 8 52 7 8 52 6 9 52 7 9 52 6 10 52 7 10 52 0 5 6 3 92 6 6 92 6 7 92 6 8 92 6 9 92 0 20 2 4 34 4 4 33 5 4 35 6 4 34 2 5 34 4 5 33 5 5 35 6 5 34 2 6 34 4 6 33 5 6 35 6 6 34 2 7 34 4 7 33 5 7 35 6 7 34 2 10 34 4 10 33 5 10 35 6 10 34 0 15 5 6 77 7 6 80 8 6 73 5 7 77 7 7 80 8 7 73 5 8 77 7 8 80 8 8 73 5 9 77 7 9 80 8 9 73 5 10 77 7 10 80 8 10 73 0 10 3 1 44 8 1 44 3 2 44 8 2 44 3 5 44 8 5 44 3 7 44 8 7 44 3 8 44 8 8 44 0 15 2 6 32 3 6 30 5 6 30 2 7 32 3 7 30 5 7 30 2 8 32 3 8 30 5 8 30 2 9 32 3 9 30 5 9 30 2 10 32 3 10 30 5 10 30 1 5 2 37 3 37 6 37 8 37 9 37 0 15 3 1 73 4 1 82 7 1 74 3 2 73 4 2 82 7 2 74 3 5 73 4 5 82 7 5 74 3 8 73 4 8 82 7 8 74 3 10 73 4 10 82 7 10 74 0 5 4 1 75 4 4 75 4 5 75 4 8 75 4 9 75 0 5 7 1 60 7 4 60 7 5 60 7 7 60 7 9 60 0 20 1 1 74 2 1 73 7 1 77 8 1 76 1 4 74 2 4 73 7 4 77 8 4 76 1 6 74 2 6 73 7 6 77 8 6 76 1 7 74 2 7 73 7 7 77 8 7 76 1 9 74 2 9 73 7 9 77 8 9 76 0 20 1 1 28 3 1 26 5 1 27 7 1 31 1 4 28 3 4 26 5 4 27 7 4 31 1 6 28 3 6 26 5 6 27 7 6 31 1 8 28 3 8 26 5 8 27 7 8 31 1 9 28 3 9 26 5 9 27 7 9 31 0 10 6 3 47 7 3 54 6 5 47 7 5 54 6 6 47 7 6 54 6 8 47 7 8 54 6 10 47 7 10 54 0 15 1 1 13 2 1 18 3 1 19 1 2 13 2 2 18 3 2 19 1 3 13 2 3 18 3 3 19 1 7 13 2 7 18 3 7 19 1 8 13 2 8 18 3 8 19 1 5 2 37 4 37 7 37 9 37 10 37 0 10 1 2 26 5 2 21 1 3 26 5 3 21 1 4 26 5 4 21 1 6 26 5 6 21 1 7 26 5 7 21 0 15 3 1 72 7 1 79 8 1 78 3 4 72 7 4 79 8 4 78 3 7 72 7 7 79 8 7 78 3 8 72 7 8 79 8 8 78 3 10 72 7 10 79 8 10 78 0 5 6 1 85 6 2 85 6 4 85 6 5 85 6 9 85 
19 0 10 2 1 63 5 1 60 2 3 63 5 3 60 2 7 63 5 7 60 2 9 63 5 9 60 2 10 63 5 10 60 0 10 4 1 90 6 1 93 4 3 90 6 3 93 4 4 90 6 4 93 4 5 90 6 5 93 4 7 90 6 7 93 0 10 3 2 54 6 2 53 3 3 54 6 3 53 3 5 54 6 5 53 3 7 54 6 7 53 3 10 54 6 10 53 0 10 1 3 80 4 3 79 1 6 80 4 6 79 1 7 80 4 7 79 1 8 80 4 8 79 1 10 80 4 10 79 0 5 7 2 60 7 4 60 7 5 60 7 6 60 7 7 60 0 10 3 1 63 4 1 56 3 3 63 4 3 56 3 6 63 4 6 56 3 7 63 4 7 56 3 10 63 4 10 56 0 15 5 3 89 7 3 89 8 3 87 5 4 89 7 4 89 8 4 87 5 5 89 7 5 89 8 5 87 5 8 89 7 8 89 8 8 87 5 9 89 7 9 89 8 9 87 0 10 2 1 52 7 1 47 2 2 52 7 2 47 2 3 52 7 3 47 2 7 52 7 7 47 2 9 52 7 9 47 1 5 1 79 3 79 7 79 8 79 9 79 0 10 6 1 66 8 1 63 6 3 66 8 3 63 6 4 66 8 4 63 6 7 66 8 7 63 6 9 66 8 9 63 0 15 1 2 44 4 2 44 8 2 47 1 4 44 4 4 44 8 4 47 1 7 44 4 7 44 8 7 47 1 8 44 4 8 44 8 8 47 1 9 44 4 9 44 8 9 47 0 5 1 1 91 1 4 91 1 5 91 1 7 91 1 8 91 1 5 2 86 5 86 7 86 8 86 10 86 0 5 6 1 36 6 2 36 6 6 36 6 8 36 6 9 36 1 5 1 72 3 72 5 72 7 72 9 72 0 5 7 1 14 7 2 14 7 7 14 7 9 14 7 10 14 1 5 2 59 3 59 6 59 9 59 10 59 1 5 1 15 2 15 3 15 5 15 8 15 0 15 1 3 60 2 3 60 6 3 60 1 5 60 2 5 60 6 5 60 1 6 60 2 6 60 6 6 60 1 7 60 2 7 60 6 7 60 1 10 60 2 10 60 6 10 60 
21 0 5 8 2 22 8 3 22 8 5 22 8 8 22 8 9 22 0 10 5 1 85 8 1 84 5 2 85 8 2 84 5 4 85 8 4 84 5 7 85 8 7 84 5 8 85 8 8 84 1 5 1 23 4 23 6 23 8 23 9 23 0 5 2 4 83 2 5 83 2 6 83 2 7 83 2 8 83 1 5 2 48 4 48 6 48 8 48 10 48 1 5 1 55 3 55 6 55 9 55 10 55 1 5 2 57 3 57 5 57 7 57 10 57 0 15 1 3 21 6 3 20 8 3 21 1 5 21 6 5 20 8 5 21 1 7 21 6 7 20 8 7 21 1 9 21 6 9 20 8 9 21 1 10 21 6 10 20 8 10 21 0 20 3 2 64 4 2 64 7 2 64 8 2 65 3 5 64 4 5 64 7 5 64 8 5 65 3 8 64 4 8 64 7 8 64 8 8 65 3 9 64 4 9 64 7 9 64 8 9 65 3 10 64 4 10 64 7 10 64 8 10 65 0 5 7 3 71 7 4 71 7 5 71 7 6 71 7 8 71 1 5 1 46 5 46 6 46 9 46 10 46 0 10 3 1 44 5 1 47 3 4 44 5 4 47 3 5 44 5 5 47 3 7 44 5 7 47 3 10 44 5 10 47 0 5 4 2 42 4 3 42 4 4 42 4 5 42 4 9 42 0 10 1 3 17 8 3 20 1 4 17 8 4 20 1 6 17 8 6 20 1 7 17 8 7 20 1 8 17 8 8 20 0 15 4 3 75 6 3 80 8 3 80 4 5 75 6 5 80 8 5 80 4 6 75 6 6 80 8 6 80 4 7 75 6 7 80 8 7 80 4 10 75 6 10 80 8 10 80 0 15 6 2 16 7 2 16 8 2 16 6 3 16 7 3 16 8 3 16 6 4 16 7 4 16 8 4 16 6 6 16 7 6 16 8 6 16 6 7 16 7 7 16 8 7 16 1 5 1 97 3 97 4 97 8 97 9 97 0 5 4 2 29 4 4 29 4 5 29 4 8 29 4 10 29 0 20 1 2 81 4 2 83 7 2 80 8 2 81 1 5 81 4 5 83 7 5 80 8 5 81 1 7 81 4 7 83 7 7 80 8 7 81 1 8 81 4 8 83 7 8 80 8 8 81 1 9 81 4 9 83 7 9 80 8 9 81 0 10 2 1 39 6 1 38 2 2 39 6 2 38 2 7 39 6 7 38 2 8 39 6 8 38 2 9 39 6 9 38 0 20 3 2 38 4 2 46 6 2 47 7 2 47 3 4 38 4 4 46 6 4 47 7 4 47 3 5 38 4 5 46 6 5 47 7 5 47 3 6 38 4 6 46 6 6 47 7 6 47 3 9 38 4 9 46 6 9 47 7 9 47 
16 0 20 5 3 40 6 3 50 7 3 45 8 3 49 5 4 40 6 4 50 7 4 45 8 4 49 5 5 40 6 5 50 7 5 45 8 5 49 5 9 40 6 9 50 7 9 45 8 9 49 5 10 40 6 10 50 7 10 45 8 10 49 1 5 4 49 6 49 7 49 9 49 10 49 1 5 1 58 4 58 7 58 8 58 9 58 0 15 2 1 54 6 1 52 7 1 54 2 2 54 6 2 52 7 2 54 2 3 54 6 3 52 7 3 54 2 6 54 6 6 52 7 6 54 2 9 54 6 9 52 7 9 54 0 20 2 1 29 5 1 33 6 1 30 8 1 35 2 4 29 5 4 33 6 4 30 8 4 35 2 6 29 5 6 33 6 6 30 8 6 35 2 7 29 5 7 33 6 7 30 8 7 35 2 9 29 5 9 33 6 9 30 8 9 35 0 15 1 1 94 2 1 88 7 1 92 1 2 94 2 2 88 7 2 92 1 5 94 2 5 88 7 5 92 1 8 94 2 8 88 7 8 92 1 9 94 2 9 88 7 9 92 0 20 1 3 86 2 3 88 3 3 91 7 3 85 1 4 86 2 4 88 3 4 91 7 4 85 1 5 86 2 5 88 3 5 91 7 5 85 1 6 86 2 6 88 3 6 91 7 6 85 1 8 86 2 8 88 3 8 91 7 8 85 0 10 6 2 44 7 2 43 6 3 44 7 3 43 6 4 44 7 4 43 6 8 44 7 8 43 6 9 44 7 9 43 0 5 2 3 58 2 6 58 2 7 58 2 8 58 2 9 58 0 5 6 1 84 6 2 84 6 5 84 6 6 84 6 9 84 0 5 7 2 94 7 3 94 7 6 94 7 7 94 7 8 94 1 5 1 87 3 87 4 87 7 87 10 87 0 15 5 1 86 7 1 86 8 1 86 5 3 86 7 3 86 8 3 86 5 4 86 7 4 86 8 4 86 5 7 86 7 7 86 8 7 86 5 9 86 7 9 86 8 9 86 1 5 6 57 7 57 8 57 9 57 10 57 0 5 8 4 14 8 5 14 8 6 14 8 7 14 8 9 14 0 15 1 3 87 2 3 89 8 3 91 1 5 87 2 5 89 8 5 91 1 6 87 2 6 89 8 6 91 1 9 87 2 9 89 8 9 91 1 10 87 2 10 89 8 10 91 
16 0 5 4 2 64 4 4 64 4 5 64 4 8 64 4 9 64 0 10 1 1 71 7 1 72 1 4 71 7 4 72 1 6 71 7 6 72 1 8 71 7 8 72 1 9 71 7 9 72 0 25 2 1 91 3 1 91 4 1 93 5 1 91 7 1 91 2 3 91 3 3 91 4 3 93 5 3 91 7 3 91 2 6 91 3 6 91 4 6 93 5 6 91 7 6 91 2 7 91 3 7 91 4 7 93 5 7 91 7 7 91 2 10 91 3 10 91 4 10 93 5 10 91 7 10 91 0 25 1 1 47 2 1 44 4 1 46 6 1 43 8 1 41 1 3 47 2 3 44 4 3 46 6 3 43 8 3 41 1 4 47 2 4 44 4 4 46 6 4 43 8 4 41 1 6 47 2 6 44 4 6 46 6 6 43 8 6 41 1 9 47 2 9 44 4 9 46 6 9 43 8 9 41 0 15 2 1 48 5 1 52 7 1 49 2 2 48 5 2 52 7 2 49 2 3 48 5 3 52 7 3 49 2 7 48 5 7 52 7 7 49 2 9 48 5 9 52 7 9 49 0 5 8 1 62 8 3 62 8 5 62 8 6 62 8 9 62 0 25 1 2 27 2 2 27 4 2 23 5 2 31 6 2 23 1 4 27 2 4 27 4 4 23 5 4 31 6 4 23 1 5 27 2 5 27 4 5 23 5 5 31 6 5 23 1 8 27 2 8 27 4 8 23 5 8 31 6 8 23 1 10 27 2 10 27 4 10 23 5 10 31 6 10 23 0 20 1 1 90 3 1 90 5 1 86 7 1 91 1 5 90 3 5 90 5 5 86 7 5 91 1 6 90 3 6 90 5 6 86 7 6 91 1 9 90 3 9 90 5 9 86 7 9 91 1 10 90 3 10 90 5 10 86 7 10 91 0 15 3 2 16 4 2 18 6 2 16 3 3 16 4 3 18 6 3 16 3 4 16 4 4 18 6 4 16 3 9 16 4 9 18 6 9 16 3 10 16 4 10 18 6 10 16 0 20 2 1 17 5 1 20 7 1 17 8 1 13 2 2 17 5 2 20 7 2 17 8 2 13 2 4 17 5 4 20 7 4 17 8 4 13 2 9 17 5 9 20 7 9 17 8 9 13 2 10 17 5 10 20 7 10 17 8 10 13 0 15 2 1 68 4 1 66 6 1 69 2 5 68 4 5 66 6 5 69 2 6 68 4 6 66 6 6 69 2 9 68 4 9 66 6 9 69 2 10 68 4 10 66 6 10 69 1 5 4 60 5 60 6 60 8 60 9 60 0 10 1 3 38 7 3 41 1 4 38 7 4 41 1 5 38 7 5 41 1 7 38 7 7 41 1 9 38 7 9 41 0 15 2 1 68 3 1 64 7 1 68 2 2 68 3 2 64 7 2 68 2 3 68 3 3 64 7 3 68 2 4 68 3 4 64 7 4 68 2 8 68 3 8 64 7 8 68 0 20 3 4 73 4 4 77 7 4 73 8 4 75 3 5 73 4 5 77 7 5 73 8 5 75 3 7 73 4 7 77 7 7 73 8 7 75 3 8 73 4 8 77 7 8 73 8 8 75 3 9 73 4 9 77 7 9 73 8 9 75 0 5 5 4 51 5 5 51 5 6 51 5 7 51 5 9 51 
25 0 5 7 4 23 7 5 23 7 6 23 7 7 23 7 9 23 0 10 3 1 54 4 1 47 3 2 54 4 2 47 3 5 54 4 5 47 3 6 54 4 6 47 3 8 54 4 8 47 0 20 1 3 73 3 3 73 4 3 70 5 3 69 1 6 73 3 6 73 4 6 70 5 6 69 1 8 73 3 8 73 4 8 70 5 8 69 1 9 73 3 9 73 4 9 70 5 9 69 1 10 73 3 10 73 4 10 70 5 10 69 0 20 1 2 28 2 2 25 5 2 28 7 2 28 1 4 28 2 4 25 5 4 28 7 4 28 1 6 28 2 6 25 5 6 28 7 6 28 1 8 28 2 8 25 5 8 28 7 8 28 1 10 28 2 10 25 5 10 28 7 10 28 0 5 5 3 37 5 4 37 5 6 37 5 7 37 5 9 37 0 10 1 3 16 3 3 15 1 4 16 3 4 15 1 5 16 3 5 15 1 8 16 3 8 15 1 9 16 3 9 15 1 5 2 47 3 47 5 47 6 47 10 47 1 5 3 23 5 23 8 23 9 23 10 23 0 20 4 2 66 5 2 74 6 2 70 7 2 70 4 4 66 5 4 74 6 4 70 7 4 70 4 5 66 5 5 74 6 5 70 7 5 70 4 9 66 5 9 74 6 9 70 7 9 70 4 10 66 5 10 74 6 10 70 7 10 70 0 5 7 1 33 7 2 33 7 3 33 7 7 33 7 8 33 0 20 3 2 88 5 2 88 6 2 88 7 2 88 3 3 88 5 3 88 6 3 88 7 3 88 3 4 88 5 4 88 6 4 88 7 4 88 3 6 88 5 6 88 6 6 88 7 6 88 3 7 88 5 7 88 6 7 88 7 7 88 0 10 2 2 17 5 2 19 2 3 17 5 3 19 2 6 17 5 6 19 2 8 17 5 8 19 2 10 17 5 10 19 0 10 5 1 53 8 1 53 5 2 53 8 2 53 5 4 53 8 4 53 5 5 53 8 5 53 5 7 53 8 7 53 0 5 1 3 54 1 4 54 1 6 54 1 8 54 1 10 54 0 10 2 1 78 7 1 78 2 5 78 7 5 78 2 6 78 7 6 78 2 7 78 7 7 78 2 9 78 7 9 78 0 5 1 1 78 1 6 78 1 7 78 1 8 78 1 9 78 0 5 2 1 74 2 2 74 2 4 74 2 7 74 2 8 74 0 15 1 2 85 2 2 86 6 2 85 1 4 85 2 4 86 6 4 85 1 7 85 2 7 86 6 7 85 1 9 85 2 9 86 6 9 85 1 10 85 2 10 86 6 10 85 0 20 1 2 41 3 2 39 5 2 36 6 2 38 1 4 41 3 4 39 5 4 36 6 4 38 1 5 41 3 5 39 5 5 36 6 5 38 1 7 41 3 7 39 5 7 36 6 7 38 1 8 41 3 8 39 5 8 36 6 8 38 0 5 1 1 58 1 5 58 1 7 58 1 8 58 1 9 58 0 5 6 2 25 6 3 25 6 7 25 6 8 25 6 10 25 1 5 1 48 6 48 7 48 8 48 10 48 0 10 1 1 39 3 1 34 1 2 39 3 2 34 1 3 39 3 3 34 1 7 39 3 7 34 1 9 39 3 9 34 0 15 1 1 46 4 1 50 5 1 42 1 2 46 4 2 50 5 2 42 1 5 46 4 5 50 5 5 42 1 7 46 4 7 50 5 7 42 1 9 46 4 9 50 5 9 42 0 15 1 1 32 4 1 32 6 1 34 1 6 32 4 6 32 6 6 34 1 7 32 4 7 32 6 7 34 1 8 32 4 8 32 6 8 34 1 9 32 4 9 32 6 9 34 
