20 10 12
12 1 6 3 10 5 10 6 10 8 10 10 10 12 10 1 6 1 17 2 17 4 17 9 17 11 17 12 17 1 6 1 14 4 14 7 14 8 14 10 14 11 14 0 6 1 1 10 1 2 10 1 3 10 1 5 10 1 7 10 1 10 10 0 12 2 1 16 10 1 18 2 5 16 10 5 18 2 6 16 10 6 18 2 7 16 10 7 18 2 8 16 10 8 18 2 11 16 10 11 18 0 12 2 1 12 9 1 6 2 6 12 9 6 6 2 7 12 9 7 6 2 8 12 9 8 6 2 9 12 9 9 6 2 12 12 9 12 6 0 24 1 2 16 3 2 10 4 2 11 7 2 9 1 3 16 3 3 10 4 3 11 7 3 9 1 4 16 3 4 10 4 4 11 7 4 9 1 5 16 3 5 10 4 5 11 7 5 9 1 6 16 3 6 10 4 6 11 7 6 9 1 10 16 3 10 10 4 10 11 7 10 9 0 12 1 2 7 5 2 19 1 3 7 5 3 19 1 5 7 5 5 19 1 8 7 5 8 19 1 10 7 5 10 19 1 12 7 5 12 19 0 6 9 2 11 9 4 11 9 6 11 9 8 11 9 11 11 9 12 11 0 6 4 1 16 4 2 16 4 6 16 4 7 16 4 11 16 4 12 16 0 6 2 2 5 2 4 5 2 5 5 2 6 5 2 9 5 2 12 5 0 30 4 4 6 6 4 16 7 4 9 8 4 14 9 4 9 4 7 6 6 7 16 7 7 9 8 7 14 9 7 9 4 8 6 6 8 16 7 8 9 8 8 14 9 8 9 4 9 6 6 9 16 7 9 9 8 9 14 9 9 9 4 10 6 6 10 16 7 10 9 8 10 14 9 10 9 4 12 6 6 12 16 7 12 9 8 12 14 9 12 9 
13 0 6 8 3 17 8 4 17 8 6 17 8 8 17 8 10 17 8 11 17 0 12 4 1 11 5 1 6 4 2 11 5 2 6 4 3 11 5 3 6 4 8 11 5 8 6 4 9 11 5 9 6 4 11 11 5 11 6 0 12 1 3 11 2 3 10 1 5 11 2 5 10 1 6 11 2 6 10 1 7 11 2 7 10 1 10 11 2 10 10 1 11 11 2 11 10 0 12 5 3 9 8 3 8 5 5 9 8 5 8 5 7 9 8 7 8 5 8 9 8 8 8 5 9 9 8 9 8 5 10 9 8 10 8 0 12 2 1 16 3 1 11 2 2 16 3 2 11 2 3 16 3 3 11 2 7 16 3 7 11 2 9 16 3 9 11 2 10 16 3 10 11 1 6 3 15 4 15 5 15 8 15 9 15 11 15 0 24 2 2 8 6 2 10 7 2 5 8 2 15 2 4 8 6 4 10 7 4 5 8 4 15 2 7 8 6 7 10 7 7 5 8 7 15 2 8 8 6 8 10 7 8 5 8 8 15 2 10 8 6 10 10 7 10 5 8 10 15 2 11 8 6 11 10 7 11 5 8 11 15 0 12 1 1 7 5 1 19 1 2 7 5 2 19 1 5 7 5 5 19 1 7 7 5 7 19 1 8 7 5 8 19 1 12 7 5 12 19 0 24 1 1 16 3 1 10 4 1 11 7 1 9 1 2 16 3 2 10 4 2 11 7 2 9 1 5 16 3 5 10 4 5 11 7 5 9 1 6 16 3 6 10 4 6 11 7 6 9 1 8 16 3 8 10 4 8 11 7 8 9 1 9 16 3 9 10 4 9 11 7 9 9 0 6 1 2 10 1 3 10 1 4 10 1 5 10 1 7 10 1 12 10 0 24 1 2 16 3 2 11 4 2 7 7 2 17 1 5 16 3 5 11 4 5 7 7 5 17 1 6 16 3 6 11 4 6 7 7 6 17 1 7 16 3 7 11 4 7 7 7 7 17 1 9 16 3 9 11 4 9 7 7 9 17 1 11 16 3 11 11 4 11 7 7 11 17 0 6 4 4 16 4 6 16 4 8 16 4 10 16 4 11 16 4 12 16 1 6 1 17 2 17 5 17 8 17 10 17 12 17 
11 1 6 1 15 2 15 8 15 10 15 11 15 12 15 1 6 2 8 3 8 5 8 6 8 10 8 12 8 0 12 2 1 16 10 1 18 2 2 16 10 2 18 2 4 16 10 4 18 2 5 16 10 5 18 2 6 16 10 6 18 2 12 16 10 12 18 1 6 3 10 5 10 6 10 7 10 9 10 11 10 0 30 4 1 6 6 1 16 7 1 9 8 1 14 9 1 9 4 5 6 6 5 16 7 5 9 8 5 14 9 5 9 4 8 6 6 8 16 7 8 9 8 8 14 9 8 9 4 10 6 6 10 16 7 10 9 8 10 14 9 10 9 4 11 6 6 11 16 7 11 9 8 11 14 9 11 9 4 12 6 6 12 16 7 12 9 8 12 14 9 12 9 0 6 4 1 16 4 2 16 4 4 16 4 5 16 4 7 16 4 10 16 0 12 1 3 7 5 3 19 1 4 7 5 4 19 1 7 7 5 7 19 1 8 7 5 8 19 1 10 7 5 10 19 1 11 7 5 11 19 0 6 1 1 10 1 2 10 1 6 10 1 9 10 1 11 10 1 12 10 0 12 4 1 11 5 1 6 4 2 11 5 2 6 4 4 11 5 4 6 4 8 11 5 8 6 4 9 11 5 9 6 4 12 11 5 12 6 0 12 2 2 16 3 2 11 2 5 16 3 5 11 2 6 16 3 6 11 2 8 16 3 8 11 2 10 16 3 10 11 2 12 16 3 12 11 0 6 3 2 14 3 3 14 3 7 14 3 10 14 3 11 14 3 12 14 
11 1 6 2 15 4 15 6 15 7 15 10 15 11 15 0 12 1 2 7 5 2 19 1 5 7 5 5 19 1 7 7 5 7 19 1 10 7 5 10 19 1 11 7 5 11 19 1 12 7 5 12 19 1 6 3 15 4 15 5 15 6 15 10 15 12 15 1 6 1 14 6 14 9 14 10 14 11 14 12 14 0 6 4 1 16 4 3 16 4 4 16 4 6 16 4 8 16 4 12 16 0 6 8 1 17 8 2 17 8 3 17 8 6 17 8 7 17 8 11 17 0 24 1 1 16 3 1 11 4 1 7 7 1 17 1 5 16 3 5 11 4 5 7 7 5 17 1 7 16 3 7 11 4 7 7 7 7 17 1 8 16 3 8 11 4 8 7 7 8 17 1 9 16 3 9 11 4 9 7 7 9 17 1 11 16 3 11 11 4 11 7 7 11 17 0 24 2 3 8 5 3 5 8 3 13 10 3 6 2 4 8 5 4 5 8 4 13 10 4 6 2 5 8 5 5 5 8 5 13 10 5 6 2 8 8 5 8 5 8 8 13 10 8 6 2 9 8 5 9 5 8 9 13 10 9 6 2 10 8 5 10 5 8 10 13 10 10 6 0 6 3 1 14 3 2 14 3 5 14 3 7 14 3 10 14 3 11 14 0 24 1 1 16 3 1 10 4 1 11 7 1 9 1 2 16 3 2 10 4 2 11 7 2 9 1 4 16 3 4 10 4 4 11 7 4 9 1 5 16 3 5 10 4 5 11 7 5 9 1 9 16 3 9 10 4 9 11 7 9 9 1 11 16 3 11 10 4 11 11 7 11 9 0 6 1 1 10 1 2 10 1 4 10 1 5 10 1 9 10 1 12 10 
14 0 6 8 1 17 8 7 17 8 8 17 8 9 17 8 11 17 8 12 17 0 6 4 2 16 4 4 16 4 5 16 4 7 16 4 9 16 4 12 16 0 6 5 2 9 5 5 9 5 6 9 5 8 9 5 10 9 5 11 9 0 24 2 1 8 5 1 5 8 1 13 10 1 6 2 4 8 5 4 5 8 4 13 10 4 6 2 6 8 5 6 5 8 6 13 10 6 6 2 7 8 5 7 5 8 7 13 10 7 6 2 10 8 5 10 5 8 10 13 10 10 6 2 12 8 5 12 5 8 12 13 10 12 6 0 24 1 2 16 3 2 11 4 2 7 7 2 17 1 4 16 3 4 11 4 4 7 7 4 17 1 6 16 3 6 11 4 6 7 7 6 17 1 8 16 3 8 11 4 8 7 7 8 17 1 9 16 3 9 11 4 9 7 7 9 17 1 11 16 3 11 11 4 11 7 7 11 17 0 12 2 1 16 10 1 18 2 4 16 10 4 18 2 7 16 10 7 18 2 8 16 10 8 18 2 9 16 10 9 18 2 11 16 10 11 18 0 24 2 3 8 6 3 10 7 3 5 8 3 15 2 5 8 6 5 10 7 5 5 8 5 15 2 7 8 6 7 10 7 7 5 8 7 15 2 8 8 6 8 10 7 8 5 8 8 15 2 9 8 6 9 10 7 9 5 8 9 15 2 11 8 6 11 10 7 11 5 8 11 15 0 6 8 1 14 8 2 14 8 4 14 8 10 14 8 11 14 8 12 14 0 12 4 1 11 5 1 6 4 6 11 5 6 6 4 7 11 5 7 6 4 8 11 5 8 6 4 11 11 5 11 6 4 12 11 5 12 6 0 24 2 1 5 5 1 11 7 1 13 10 1 10 2 3 5 5 3 11 7 3 13 10 3 10 2 4 5 5 4 11 7 4 13 10 4 10 2 9 5 5 9 11 7 9 13 10 9 10 2 10 5 5 10 11 7 10 13 10 10 10 2 12 5 5 12 11 7 12 13 10 12 10 0 30 4 2 6 6 2 16 7 2 9 8 2 14 9 2 9 4 5 6 6 5 16 7 5 9 8 5 14 9 5 9 4 6 6 6 6 16 7 6 9 8 6 14 9 6 9 4 9 6 6 9 16 7 9 9 8 9 14 9 9 9 4 10 6 6 10 16 7 10 9 8 10 14 9 10 9 4 11 6 6 11 16 7 11 9 8 11 14 9 11 9 0 12 5 1 9 8 1 8 5 3 9 8 3 8 5 5 9 8 5 8 5 8 9 8 8 8 5 10 9 8 10 8 5 12 9 8 12 8 0 24 1 3 8 5 3 14 6 3 12 10 3 15 1 6 8 5 6 14 6 6 12 10 6 15 1 7 8 5 7 14 6 7 12 10 7 15 1 8 8 5 8 14 6 8 12 10 8 15 1 9 8 5 9 14 6 9 12 10 9 15 1 11 8 5 11 14 6 11 12 10 11 15 0 12 1 2 7 5 2 19 1 4 7 5 4 19 1 5 7 5 5 19 1 8 7 5 8 19 1 11 7 5 11 19 1 12 7 5 12 19 
11 0 24 2 3 5 5 3 11 7 3 13 10 3 10 2 4 5 5 4 11 7 4 13 10 4 10 2 8 5 5 8 11 7 8 13 10 8 10 2 9 5 5 9 11 7 9 13 10 9 10 2 11 5 5 11 11 7 11 13 10 11 10 2 12 5 5 12 11 7 12 13 10 12 10 0 12 2 2 16 10 2 18 2 3 16 10 3 18 2 4 16 10 4 18 2 5 16 10 5 18 2 9 16 10 9 18 2 11 16 10 11 18 0 6 1 2 10 1 4 10 1 5 10 1 7 10 1 9 10 1 12 10 0 6 3 3 14 3 4 14 3 5 14 3 8 14 3 10 14 3 12 14 0 6 5 1 9 5 3 9 5 6 9 5 7 9 5 9 9 5 12 9 0 30 4 1 6 6 1 16 7 1 9 8 1 14 9 1 9 4 5 6 6 5 16 7 5 9 8 5 14 9 5 9 4 7 6 6 7 16 7 7 9 8 7 14 9 7 9 4 9 6 6 9 16 7 9 9 8 9 14 9 9 9 4 10 6 6 10 16 7 10 9 8 10 14 9 10 9 4 11 6 6 11 16 7 11 9 8 11 14 9 11 9 0 6 8 1 17 8 5 17 8 6 17 8 8 17 8 11 17 8 12 17 0 6 8 1 14 8 2 14 8 3 14 8 5 14 8 6 14 8 7 14 1 6 1 5 3 5 6 5 7 5 9 5 10 5 0 24 2 1 8 6 1 10 7 1 5 8 1 15 2 2 8 6 2 10 7 2 5 8 2 15 2 4 8 6 4 10 7 4 5 8 4 15 2 6 8 6 6 10 7 6 5 8 6 15 2 8 8 6 8 10 7 8 5 8 8 15 2 12 8 6 12 10 7 12 5 8 12 15 0 24 1 1 6 4 1 11 8 1 16 9 1 15 1 4 6 4 4 11 8 4 16 9 4 15 1 8 6 4 8 11 8 8 16 9 8 15 1 9 6 4 9 11 8 9 16 9 9 15 1 10 6 4 10 11 8 10 16 9 10 15 1 11 6 4 11 11 8 11 16 9 11 15 
14 0 6 8 2 14 8 3 14 8 5 14 8 7 14 8 10 14 8 12 14 0 6 8 1 17 8 2 17 8 6 17 8 7 17 8 9 17 8 11 17 0 12 5 2 9 8 2 8 5 3 9 8 3 8 5 5 9 8 5 8 5 10 9 8 10 8 5 11 9 8 11 8 5 12 9 8 12 8 0 6 4 3 16 4 6 16 4 7 16 4 8 16 4 10 16 4 12 16 0 6 1 2 10 1 5 10 1 6 10 1 7 10 1 11 10 1 12 10 0 24 2 3 5 5 3 11 7 3 13 10 3 10 2 4 5 5 4 11 7 4 13 10 4 10 2 5 5 5 5 11 7 5 13 10 5 10 2 6 5 5 6 11 7 6 13 10 6 10 2 7 5 5 7 11 7 7 13 10 7 10 2 11 5 5 11 11 7 11 13 10 11 10 0 6 2 2 5 2 4 5 2 5 5 2 7 5 2 9 5 2 11 5 0 12 4 2 11 5 2 6 4 3 11 5 3 6 4 5 11 5 5 6 4 6 11 5 6 6 4 11 11 5 11 6 4 12 11 5 12 6 0 30 4 2 6 6 2 16 7 2 9 8 2 14 9 2 9 4 3 6 6 3 16 7 3 9 8 3 14 9 3 9 4 4 6 6 4 16 7 4 9 8 4 14 9 4 9 4 5 6 6 5 16 7 5 9 8 5 14 9 5 9 4 6 6 6 6 16 7 6 9 8 6 14 9 6 9 4 10 6 6 10 16 7 10 9 8 10 14 9 10 9 0 24 1 2 6 4 2 11 8 2 16 9 2 15 1 3 6 4 3 11 8 3 16 9 3 15 1 6 6 4 6 11 8 6 16 9 6 15 1 7 6 4 7 11 8 7 16 9 7 15 1 11 6 4 11 11 8 11 16 9 11 15 1 12 6 4 12 11 8 12 16 9 12 15 0 30 1 1 19 2 1 8 6 1 14 8 1 13 10 1 18 1 4 19 2 4 8 6 4 14 8 4 13 10 4 18 1 6 19 2 6 8 6 6 14 8 6 13 10 6 18 1 7 19 2 7 8 6 7 14 8 7 13 10 7 18 1 10 19 2 10 8 6 10 14 8 10 13 10 10 18 1 12 19 2 12 8 6 12 14 8 12 13 10 12 18 0 24 2 1 8 6 1 10 7 1 5 8 1 15 2 3 8 6 3 10 7 3 5 8 3 15 2 4 8 6 4 10 7 4 5 8 4 15 2 5 8 6 5 10 7 5 5 8 5 15 2 10 8 6 10 10 7 10 5 8 10 15 2 11 8 6 11 10 7 11 5 8 11 15 0 24 1 1 16 3 1 11 4 1 7 7 1 17 1 6 16 3 6 11 4 6 7 7 6 17 1 8 16 3 8 11 4 8 7 7 8 17 1 10 16 3 10 11 4 10 7 7 10 17 1 11 16 3 11 11 4 11 7 7 11 17 1 12 16 3 12 11 4 12 7 7 12 17 0 12 2 3 16 10 3 18 2 6 16 10 6 18 2 7 16 10 7 18 2 8 16 10 8 18 2 10 16 10 10 18 2 12 16 10 12 18 
13 0 6 1 1 10 1 2 10 1 5 10 1 7 10 1 9 10 1 12 10 0 24 2 1 8 5 1 5 8 1 13 10 1 6 2 3 8 5 3 5 8 3 13 10 3 6 2 5 8 5 5 5 8 5 13 10 5 6 2 8 8 5 8 5 8 8 13 10 8 6 2 10 8 5 10 5 8 10 13 10 10 6 2 11 8 5 11 5 8 11 13 10 11 6 0 6 5 3 9 5 4 9 5 5 9 5 10 9 5 11 9 5 12 9 0 24 1 4 16 3 4 10 4 4 11 7 4 9 1 6 16 3 6 10 4 6 11 7 6 9 1 7 16 3 7 10 4 7 11 7 7 9 1 8 16 3 8 10 4 8 11 7 8 9 1 10 16 3 10 10 4 10 11 7 10 9 1 11 16 3 11 10 4 11 11 7 11 9 1 6 3 11 4 11 6 11 10 11 11 11 12 11 0 24 2 3 5 5 3 11 7 3 13 10 3 10 2 6 5 5 6 11 7 6 13 10 6 10 2 7 5 5 7 11 7 7 13 10 7 10 2 9 5 5 9 11 7 9 13 10 9 10 2 10 5 5 10 11 7 10 13 10 10 10 2 12 5 5 12 11 7 12 13 10 12 10 0 24 2 2 8 6 2 10 7 2 5 8 2 15 2 4 8 6 4 10 7 4 5 8 4 15 2 7 8 6 7 10 7 7 5 8 7 15 2 9 8 6 9 10 7 9 5 8 9 15 2 10 8 6 10 10 7 10 5 8 10 15 2 12 8 6 12 10 7 12 5 8 12 15 0 6 2 1 5 2 2 5 2 5 5 2 7 5 2 8 5 2 9 5 0 30 1 1 19 2 1 8 6 1 14 8 1 13 10 1 18 1 2 19 2 2 8 6 2 14 8 2 13 10 2 18 1 3 19 2 3 8 6 3 14 8 3 13 10 3 18 1 4 19 2 4 8 6 4 14 8 4 13 10 4 18 1 6 19 2 6 8 6 6 14 8 6 13 10 6 18 1 11 19 2 11 8 6 11 14 8 11 13 10 11 18 0 30 4 2 6 6 2 16 7 2 9 8 2 14 9 2 9 4 5 6 6 5 16 7 5 9 8 5 14 9 5 9 4 8 6 6 8 16 7 8 9 8 8 14 9 8 9 4 9 6 6 9 16 7 9 9 8 9 14 9 9 9 4 10 6 6 10 16 7 10 9 8 10 14 9 10 9 4 12 6 6 12 16 7 12 9 8 12 14 9 12 9 1 6 1 10 3 10 4 10 6 10 8 10 11 10 0 24 1 1 16 3 1 11 4 1 7 7 1 17 1 5 16 3 5 11 4 5 7 7 5 17 1 8 16 3 8 11 4 8 7 7 8 17 1 9 16 3 9 11 4 9 7 7 9 17 1 10 16 3 10 11 4 10 7 7 10 17 1 11 16 3 11 11 4 11 7 7 11 17 0 12 4 4 11 5 4 6 4 6 11 5 6 6 4 7 11 5 7 6 4 8 11 5 8 6 4 10 11 5 10 6 4 11 11 5 11 6 
11 1 6 3 17 4 17 6 17 9 17 10 17 11 17 0 6 2 1 5 2 7 5 2 9 5 2 10 5 2 11 5 2 12 5 0 6 1 1 10 1 2 10 1 3 10 1 6 10 1 8 10 1 11 10 1 6 2 16 3 16 6 16 8 16 11 16 12 16 0 12 4 1 11 5 1 6 4 3 11 5 3 6 4 4 11 5 4 6 4 7 11 5 7 6 4 9 11 5 9 6 4 11 11 5 11 6 0 24 1 1 16 3 1 10 4 1 11 7 1 9 1 3 16 3 3 10 4 3 11 7 3 9 1 7 16 3 7 10 4 7 11 7 7 9 1 8 16 3 8 10 4 8 11 7 8 9 1 11 16 3 11 10 4 11 11 7 11 9 1 12 16 3 12 10 4 12 11 7 12 9 0 30 1 1 19 2 1 8 6 1 14 8 1 13 10 1 18 1 2 19 2 2 8 6 2 14 8 2 13 10 2 18 1 4 19 2 4 8 6 4 14 8 4 13 10 4 18 1 5 19 2 5 8 6 5 14 8 5 13 10 5 18 1 7 19 2 7 8 6 7 14 8 7 13 10 7 18 1 8 19 2 8 8 6 8 14 8 8 13 10 8 18 0 6 9 1 11 9 2 11 9 3 11 9 8 11 9 11 11 9 12 11 0 12 2 2 12 9 2 6 2 4 12 9 4 6 2 5 12 9 5 6 2 6 12 9 6 6 2 7 12 9 7 6 2 11 12 9 11 6 0 12 1 2 11 2 2 10 1 4 11 2 4 10 1 9 11 2 9 10 1 10 11 2 10 10 1 11 11 2 11 10 1 12 11 2 12 10 0 12 5 4 9 8 4 8 5 5 9 8 5 8 5 6 9 8 6 8 5 9 9 8 9 8 5 11 9 8 11 8 5 12 9 8 12 8 
12 0 6 4 1 16 4 2 16 4 3 16 4 7 16 4 9 16 4 11 16 0 24 1 2 6 4 2 11 8 2 16 9 2 15 1 3 6 4 3 11 8 3 16 9 3 15 1 4 6 4 4 11 8 4 16 9 4 15 1 5 6 4 5 11 8 5 16 9 5 15 1 6 6 4 6 11 8 6 16 9 6 15 1 10 6 4 10 11 8 10 16 9 10 15 0 6 3 1 14 3 2 14 3 6 14 3 7 14 3 8 14 3 11 14 0 24 2 1 5 5 1 11 7 1 13 10 1 10 2 3 5 5 3 11 7 3 13 10 3 10 2 5 5 5 5 11 7 5 13 10 5 10 2 6 5 5 6 11 7 6 13 10 6 10 2 7 5 5 7 11 7 7 13 10 7 10 2 11 5 5 11 11 7 11 13 10 11 10 0 6 9 1 11 9 2 11 9 4 11 9 5 11 9 8 11 9 10 11 0 30 4 2 6 6 2 16 7 2 9 8 2 14 9 2 9 4 3 6 6 3 16 7 3 9 8 3 14 9 3 9 4 5 6 6 5 16 7 5 9 8 5 14 9 5 9 4 9 6 6 9 16 7 9 9 8 9 14 9 9 9 4 11 6 6 11 16 7 11 9 8 11 14 9 11 9 4 12 6 6 12 16 7 12 9 8 12 14 9 12 9 0 12 4 2 11 5 2 6 4 3 11 5 3 6 4 4 11 5 4 6 4 6 11 5 6 6 4 10 11 5 10 6 4 12 11 5 12 6 0 24 1 1 16 3 1 11 4 1 7 7 1 17 1 3 16 3 3 11 4 3 7 7 3 17 1 9 16 3 9 11 4 9 7 7 9 17 1 10 16 3 10 11 4 10 7 7 10 17 1 11 16 3 11 11 4 11 7 7 11 17 1 12 16 3 12 11 4 12 7 7 12 17 0 12 1 2 11 2 2 10 1 4 11 2 4 10 1 7 11 2 7 10 1 9 11 2 9 10 1 10 11 2 10 10 1 12 11 2 12 10 1 6 2 11 3 11 7 11 8 11 9 11 12 11 0 24 1 2 8 5 2 14 6 2 12 10 2 15 1 4 8 5 4 14 6 4 12 10 4 15 1 5 8 5 5 14 6 5 12 10 5 15 1 8 8 5 8 14 6 8 12 10 8 15 1 10 8 5 10 14 6 10 12 10 10 15 1 12 8 5 12 14 6 12 12 10 12 15 0 6 1 1 10 1 3 10 1 6 10 1 9 10 1 11 10 1 12 10 
10 0 6 9 1 11 9 4 11 9 6 11 9 8 11 9 9 11 9 12 11 0 6 5 1 9 5 5 9 5 7 9 5 8 9 5 10 9 5 12 9 0 30 1 2 19 2 2 8 6 2 14 8 2 13 10 2 18 1 4 19 2 4 8 6 4 14 8 4 13 10 4 18 1 6 19 2 6 8 6 6 14 8 6 13 10 6 18 1 10 19 2 10 8 6 10 14 8 10 13 10 10 18 1 11 19 2 11 8 6 11 14 8 11 13 10 11 18 1 12 19 2 12 8 6 12 14 8 12 13 10 12 18 0 6 4 2 16 4 5 16 4 6 16 4 7 16 4 8 16 4 10 16 0 24 1 1 6 4 1 11 8 1 16 9 1 15 1 3 6 4 3 11 8 3 16 9 3 15 1 4 6 4 4 11 8 4 16 9 4 15 1 6 6 4 6 11 8 6 16 9 6 15 1 11 6 4 11 11 8 11 16 9 11 15 1 12 6 4 12 11 8 12 16 9 12 15 0 12 5 3 9 8 3 8 5 5 9 8 5 8 5 6 9 8 6 8 5 7 9 8 7 8 5 9 9 8 9 8 5 11 9 8 11 8 1 6 2 9 6 9 7 9 8 9 10 9 11 9 0 6 3 1 14 3 3 14 3 4 14 3 8 14 3 9 14 3 12 14 0 6 1 1 10 1 2 10 1 6 10 1 7 10 1 8 10 1 12 10 0 24 1 5 16 3 5 11 4 5 7 7 5 17 1 6 16 3 6 11 4 6 7 7 6 17 1 7 16 3 7 11 4 7 7 7 7 17 1 8 16 3 8 11 4 8 7 7 8 17 1 10 16 3 10 11 4 10 7 7 10 17 1 11 16 3 11 11 4 11 7 7 11 17 
11 0 24 2 1 8 5 1 5 8 1 13 10 1 6 2 3 8 5 3 5 8 3 13 10 3 6 2 4 8 5 4 5 8 4 13 10 4 6 2 9 8 5 9 5 8 9 13 10 9 6 2 10 8 5 10 5 8 10 13 10 10 6 2 11 8 5 11 5 8 11 13 10 11 6 0 24 1 4 6 4 4 11 8 4 16 9 4 15 1 5 6 4 5 11 8 5 16 9 5 15 1 6 6 4 6 11 8 6 16 9 6 15 1 9 6 4 9 11 8 9 16 9 9 15 1 10 6 4 10 11 8 10 16 9 10 15 1 12 6 4 12 11 8 12 16 9 12 15 0 6 4 1 16 4 2 16 4 5 16 4 6 16 4 7 16 4 9 16 0 12 2 4 12 9 4 6 2 5 12 9 5 6 2 7 12 9 7 6 2 9 12 9 9 6 2 11 12 9 11 6 2 12 12 9 12 6 0 24 2 1 8 6 1 10 7 1 5 8 1 15 2 5 8 6 5 10 7 5 5 8 5 15 2 6 8 6 6 10 7 6 5 8 6 15 2 10 8 6 10 10 7 10 5 8 10 15 2 11 8 6 11 10 7 11 5 8 11 15 2 12 8 6 12 10 7 12 5 8 12 15 0 24 1 1 16 3 1 10 4 1 11 7 1 9 1 2 16 3 2 10 4 2 11 7 2 9 1 3 16 3 3 10 4 3 11 7 3 9 1 5 16 3 5 10 4 5 11 7 5 9 1 9 16 3 9 10 4 9 11 7 9 9 1 10 16 3 10 10 4 10 11 7 10 9 0 6 2 2 5 2 3 5 2 6 5 2 7 5 2 8 5 2 9 5 1 6 1 14 3 14 6 14 7 14 9 14 11 14 0 30 4 6 6 6 6 16 7 6 9 8 6 14 9 6 9 4 7 6 6 7 16 7 7 9 8 7 14 9 7 9 4 8 6 6 8 16 7 8 9 8 8 14 9 8 9 4 9 6 6 9 16 7 9 9 8 9 14 9 9 9 4 10 6 6 10 16 7 10 9 8 10 14 9 10 9 4 11 6 6 11 16 7 11 9 8 11 14 9 11 9 0 12 4 2 11 5 2 6 4 3 11 5 3 6 4 5 11 5 5 6 4 10 11 5 10 6 4 11 11 5 11 6 4 12 11 5 12 6 0 12 2 1 16 10 1 18 2 2 16 10 2 18 2 3 16 10 3 18 2 4 16 10 4 18 2 5 16 10 5 18 2 10 16 10 10 18 
11 0 6 2 1 5 2 2 5 2 5 5 2 7 5 2 9 5 2 10 5 0 6 3 1 14 3 2 14 3 4 14 3 5 14 3 9 14 3 10 14 1 6 1 6 3 6 4 6 7 6 8 6 11 6 1 6 1 9 2 9 4 9 5 9 10 9 11 9 0 24 2 1 5 5 1 11 7 1 13 10 1 10 2 5 5 5 5 11 7 5 13 10 5 10 2 8 5 5 8 11 7 8 13 10 8 10 2 9 5 5 9 11 7 9 13 10 9 10 2 11 5 5 11 11 7 11 13 10 11 10 2 12 5 5 12 11 7 12 13 10 12 10 0 24 1 1 16 3 1 11 4 1 7 7 1 17 1 3 16 3 3 11 4 3 7 7 3 17 1 4 16 3 4 11 4 4 7 7 4 17 1 6 16 3 6 11 4 6 7 7 6 17 1 8 16 3 8 11 4 8 7 7 8 17 1 11 16 3 11 11 4 11 7 7 11 17 0 12 1 2 11 2 2 10 1 4 11 2 4 10 1 6 11 2 6 10 1 9 11 2 9 10 1 11 11 2 11 10 1 12 11 2 12 10 1 6 1 17 2 17 3 17 4 17 9 17 12 17 0 12 1 1 7 5 1 19 1 2 7 5 2 19 1 3 7 5 3 19 1 5 7 5 5 19 1 8 7 5 8 19 1 10 7 5 10 19 0 6 1 2 10 1 3 10 1 5 10 1 9 10 1 11 10 1 12 10 0 24 1 1 16 3 1 10 4 1 11 7 1 9 1 2 16 3 2 10 4 2 11 7 2 9 1 4 16 3 4 10 4 4 11 7 4 9 1 5 16 3 5 10 4 5 11 7 5 9 1 8 16 3 8 10 4 8 11 7 8 9 1 10 16 3 10 10 4 10 11 7 10 9 
10 1 6 1 17 2 17 4 17 6 17 10 17 12 17 1 6 3 10 5 10 7 10 8 10 9 10 10 10 0 12 2 2 16 10 2 18 2 5 16 10 5 18 2 6 16 10 6 18 2 8 16 10 8 18 2 10 16 10 10 18 2 12 16 10 12 18 0 12 1 2 11 2 2 10 1 3 11 2 3 10 1 8 11 2 8 10 1 9 11 2 9 10 1 10 11 2 10 10 1 12 11 2 12 10 0 24 2 2 8 6 2 10 7 2 5 8 2 15 2 6 8 6 6 10 7 6 5 8 6 15 2 9 8 6 9 10 7 9 5 8 9 15 2 10 8 6 10 10 7 10 5 8 10 15 2 11 8 6 11 10 7 11 5 8 11 15 2 12 8 6 12 10 7 12 5 8 12 15 0 24 1 1 6 4 1 11 8 1 16 9 1 15 1 2 6 4 2 11 8 2 16 9 2 15 1 3 6 4 3 11 8 3 16 9 3 15 1 5 6 4 5 11 8 5 16 9 5 15 1 8 6 4 8 11 8 8 16 9 8 15 1 10 6 4 10 11 8 10 16 9 10 15 0 6 4 4 16 4 5 16 4 6 16 4 9 16 4 11 16 4 12 16 0 24 1 4 16 3 4 11 4 4 7 7 4 17 1 5 16 3 5 11 4 5 7 7 5 17 1 6 16 3 6 11 4 6 7 7 6 17 1 10 16 3 10 11 4 10 7 7 10 17 1 11 16 3 11 11 4 11 7 7 11 17 1 12 16 3 12 11 4 12 7 7 12 17 0 24 1 1 16 3 1 10 4 1 11 7 1 9 1 3 16 3 3 10 4 3 11 7 3 9 1 7 16 3 7 10 4 7 11 7 7 9 1 8 16 3 8 10 4 8 11 7 8 9 1 9 16 3 9 10 4 9 11 7 9 9 1 11 16 3 11 10 4 11 11 7 11 9 0 12 2 1 16 3 1 11 2 2 16 3 2 11 2 3 16 3 3 11 2 6 16 3 6 11 2 9 16 3 9 11 2 11 16 3 11 11 
12 0 6 1 4 10 1 5 10 1 6 10 1 7 10 1 8 10 1 12 10 1 6 1 15 2 15 3 15 4 15 9 15 12 15 0 24 2 4 5 5 4 11 7 4 13 10 4 10 2 6 5 5 6 11 7 6 13 10 6 10 2 8 5 5 8 11 7 8 13 10 8 10 2 9 5 5 9 11 7 9 13 10 9 10 2 10 5 5 10 11 7 10 13 10 10 10 2 12 5 5 12 11 7 12 13 10 12 10 0 30 1 3 19 2 3 8 6 3 14 8 3 13 10 3 18 1 5 19 2 5 8 6 5 14 8 5 13 10 5 18 1 7 19 2 7 8 6 7 14 8 7 13 10 7 18 1 8 19 2 8 8 6 8 14 8 8 13 10 8 18 1 9 19 2 9 8 6 9 14 8 9 13 10 9 18 1 11 19 2 11 8 6 11 14 8 11 13 10 11 18 1 6 1 6 2 6 6 6 7 6 8 6 9 6 0 12 2 5 12 9 5 6 2 7 12 9 7 6 2 8 12 9 8 6 2 9 12 9 9 6 2 11 12 9 11 6 2 12 12 9 12 6 0 6 2 1 5 2 2 5 2 5 5 2 6 5 2 9 5 2 11 5 0 24 2 2 8 5 2 5 8 2 13 10 2 6 2 3 8 5 3 5 8 3 13 10 3 6 2 5 8 5 5 5 8 5 13 10 5 6 2 6 8 5 6 5 8 6 13 10 6 6 2 10 8 5 10 5 8 10 13 10 10 6 2 11 8 5 11 5 8 11 13 10 11 6 0 6 4 3 16 4 4 16 4 9 16 4 10 16 4 11 16 4 12 16 0 12 2 1 16 3 1 11 2 4 16 3 4 11 2 5 16 3 5 11 2 7 16 3 7 11 2 11 16 3 11 11 2 12 16 3 12 11 0 12 1 2 11 2 2 10 1 3 11 2 3 10 1 6 11 2 6 10 1 7 11 2 7 10 1 9 11 2 9 10 1 12 11 2 12 10 0 24 2 3 8 6 3 10 7 3 5 8 3 15 2 6 8 6 6 10 7 6 5 8 6 15 2 8 8 6 8 10 7 8 5 8 8 15 2 10 8 6 10 10 7 10 5 8 10 15 2 11 8 6 11 10 7 11 5 8 11 15 2 12 8 6 12 10 7 12 5 8 12 15 
14 0 6 8 1 17 8 2 17 8 3 17 8 5 17 8 8 17 8 10 17 0 24 1 2 6 4 2 11 8 2 16 9 2 15 1 3 6 4 3 11 8 3 16 9 3 15 1 5 6 4 5 11 8 5 16 9 5 15 1 6 6 4 6 11 8 6 16 9 6 15 1 8 6 4 8 11 8 8 16 9 8 15 1 11 6 4 11 11 8 11 16 9 11 15 0 6 3 1 14 3 3 14 3 5 14 3 6 14 3 7 14 3 9 14 0 12 2 2 12 9 2 6 2 4 12 9 4 6 2 5 12 9 5 6 2 7 12 9 7 6 2 8 12 9 8 6 2 11 12 9 11 6 0 6 8 2 14 8 3 14 8 6 14 8 8 14 8 10 14 8 12 14 0 24 2 1 8 6 1 10 7 1 5 8 1 15 2 6 8 6 6 10 7 6 5 8 6 15 2 8 8 6 8 10 7 8 5 8 8 15 2 10 8 6 10 10 7 10 5 8 10 15 2 11 8 6 11 10 7 11 5 8 11 15 2 12 8 6 12 10 7 12 5 8 12 15 0 24 1 5 16 3 5 10 4 5 11 7 5 9 1 6 16 3 6 10 4 6 11 7 6 9 1 8 16 3 8 10 4 8 11 7 8 9 1 9 16 3 9 10 4 9 11 7 9 9 1 10 16 3 10 10 4 10 11 7 10 9 1 11 16 3 11 10 4 11 11 7 11 9 0 24 2 4 5 5 4 11 7 4 13 10 4 10 2 5 5 5 5 11 7 5 13 10 5 10 2 7 5 5 7 11 7 7 13 10 7 10 2 9 5 5 9 11 7 9 13 10 9 10 2 11 5 5 11 11 7 11 13 10 11 10 2 12 5 5 12 11 7 12 13 10 12 10 1 6 1 15 2 15 5 15 7 15 9 15 12 15 0 12 1 3 11 2 3 10 1 4 11 2 4 10 1 5 11 2 5 10 1 7 11 2 7 10 1 8 11 2 8 10 1 9 11 2 9 10 0 6 4 2 16 4 3 16 4 6 16 4 7 16 4 9 16 4 12 16 0 24 3 4 11 5 4 8 7 4 11 9 4 17 3 6 11 5 6 8 7 6 11 9 6 17 3 7 11 5 7 8 7 7 11 9 7 17 3 9 11 5 9 8 7 9 11 9 9 17 3 11 11 5 11 8 7 11 11 9 11 17 3 12 11 5 12 8 7 12 11 9 12 17 1 6 3 19 6 19 7 19 8 19 10 19 12 19 1 6 1 6 5 6 7 6 8 6 9 6 10 6 
13 0 30 1 2 19 2 2 8 6 2 14 8 2 13 10 2 18 1 4 19 2 4 8 6 4 14 8 4 13 10 4 18 1 5 19 2 5 8 6 5 14 8 5 13 10 5 18 1 7 19 2 7 8 6 7 14 8 7 13 10 7 18 1 9 19 2 9 8 6 9 14 8 9 13 10 9 18 1 12 19 2 12 8 6 12 14 8 12 13 10 12 18 1 6 4 11 5 11 7 11 8 11 9 11 12 11 0 24 1 1 16 3 1 10 4 1 11 7 1 9 1 3 16 3 3 10 4 3 11 7 3 9 1 6 16 3 6 10 4 6 11 7 6 9 1 7 16 3 7 10 4 7 11 7 7 9 1 10 16 3 10 10 4 10 11 7 10 9 1 11 16 3 11 10 4 11 11 7 11 9 0 6 8 1 17 8 2 17 8 4 17 8 5 17 8 9 17 8 11 17 0 24 2 2 8 5 2 5 8 2 13 10 2 6 2 5 8 5 5 5 8 5 13 10 5 6 2 7 8 5 7 5 8 7 13 10 7 6 2 10 8 5 10 5 8 10 13 10 10 6 2 11 8 5 11 5 8 11 13 10 11 6 2 12 8 5 12 5 8 12 13 10 12 6 0 12 4 2 11 5 2 6 4 5 11 5 5 6 4 6 11 5 6 6 4 7 11 5 7 6 4 9 11 5 9 6 4 10 11 5 10 6 0 6 1 1 10 1 2 10 1 6 10 1 7 10 1 10 10 1 11 10 0 24 2 1 8 6 1 10 7 1 5 8 1 15 2 5 8 6 5 10 7 5 5 8 5 15 2 8 8 6 8 10 7 8 5 8 8 15 2 10 8 6 10 10 7 10 5 8 10 15 2 11 8 6 11 10 7 11 5 8 11 15 2 12 8 6 12 10 7 12 5 8 12 15 0 12 1 2 11 2 2 10 1 3 11 2 3 10 1 4 11 2 4 10 1 5 11 2 5 10 1 7 11 2 7 10 1 11 11 2 11 10 0 12 2 2 16 10 2 18 2 6 16 10 6 18 2 7 16 10 7 18 2 8 16 10 8 18 2 10 16 10 10 18 2 12 16 10 12 18 1 6 1 17 2 17 3 17 8 17 9 17 10 17 0 6 3 3 14 3 6 14 3 7 14 3 8 14 3 9 14 3 11 14 1 6 2 19 4 19 7 19 8 19 10 19 11 19 
11 0 30 1 3 19 2 3 8 6 3 14 8 3 13 10 3 18 1 4 19 2 4 8 6 4 14 8 4 13 10 4 18 1 5 19 2 5 8 6 5 14 8 5 13 10 5 18 1 10 19 2 10 8 6 10 14 8 10 13 10 10 18 1 11 19 2 11 8 6 11 14 8 11 13 10 11 18 1 12 19 2 12 8 6 12 14 8 12 13 10 12 18 0 30 4 1 6 6 1 16 7 1 9 8 1 14 9 1 9 4 5 6 6 5 16 7 5 9 8 5 14 9 5 9 4 7 6 6 7 16 7 7 9 8 7 14 9 7 9 4 10 6 6 10 16 7 10 9 8 10 14 9 10 9 4 11 6 6 11 16 7 11 9 8 11 14 9 11 9 4 12 6 6 12 16 7 12 9 8 12 14 9 12 9 1 6 2 6 3 6 5 6 8 6 9 6 12 6 0 24 2 2 8 5 2 5 8 2 13 10 2 6 2 3 8 5 3 5 8 3 13 10 3 6 2 4 8 5 4 5 8 4 13 10 4 6 2 6 8 5 6 5 8 6 13 10 6 6 2 9 8 5 9 5 8 9 13 10 9 6 2 11 8 5 11 5 8 11 13 10 11 6 0 6 3 2 14 3 5 14 3 6 14 3 7 14 3 8 14 3 10 14 0 24 3 1 11 5 1 8 7 1 11 9 1 17 3 5 11 5 5 8 7 5 11 9 5 17 3 8 11 5 8 8 7 8 11 9 8 17 3 10 11 5 10 8 7 10 11 9 10 17 3 11 11 5 11 8 7 11 11 9 11 17 3 12 11 5 12 8 7 12 11 9 12 17 0 6 9 2 11 9 5 11 9 8 11 9 9 11 9 10 11 9 12 11 0 12 1 1 11 2 1 10 1 2 11 2 2 10 1 7 11 2 7 10 1 9 11 2 9 10 1 10 11 2 10 10 1 12 11 2 12 10 1 6 1 10 2 10 4 10 7 10 8 10 11 10 0 6 8 1 14 8 3 14 8 4 14 8 7 14 8 8 14 8 9 14 0 24 1 1 8 5 1 14 6 1 12 10 1 15 1 2 8 5 2 14 6 2 12 10 2 15 1 3 8 5 3 14 6 3 12 10 3 15 1 4 8 5 4 14 6 4 12 10 4 15 1 6 8 5 6 14 6 6 12 10 6 15 1 8 8 5 8 14 6 8 12 10 8 15 
13 0 6 3 2 14 3 4 14 3 8 14 3 9 14 3 10 14 3 12 14 0 12 1 1 11 2 1 10 1 5 11 2 5 10 1 6 11 2 6 10 1 7 11 2 7 10 1 8 11 2 8 10 1 9 11 2 9 10 0 24 1 1 16 3 1 10 4 1 11 7 1 9 1 2 16 3 2 10 4 2 11 7 2 9 1 3 16 3 3 10 4 3 11 7 3 9 1 6 16 3 6 10 4 6 11 7 6 9 1 9 16 3 9 10 4 9 11 7 9 9 1 10 16 3 10 10 4 10 11 7 10 9 0 12 2 5 16 10 5 18 2 7 16 10 7 18 2 9 16 10 9 18 2 10 16 10 10 18 2 11 16 10 11 18 2 12 16 10 12 18 0 12 2 3 16 3 3 11 2 4 16 3 4 11 2 5 16 3 5 11 2 6 16 3 6 11 2 7 16 3 7 11 2 11 16 3 11 11 1 6 3 15 4 15 5 15 6 15 7 15 12 15 0 24 1 2 16 3 2 11 4 2 7 7 2 17 1 3 16 3 3 11 4 3 7 7 3 17 1 8 16 3 8 11 4 8 7 7 8 17 1 10 16 3 10 11 4 10 7 7 10 17 1 11 16 3 11 11 4 11 7 7 11 17 1 12 16 3 12 11 4 12 7 7 12 17 0 24 2 1 5 5 1 11 7 1 13 10 1 10 2 2 5 5 2 11 7 2 13 10 2 10 2 5 5 5 5 11 7 5 13 10 5 10 2 6 5 5 6 11 7 6 13 10 6 10 2 8 5 5 8 11 7 8 13 10 8 10 2 11 5 5 11 11 7 11 13 10 11 10 0 24 2 1 8 5 1 5 8 1 13 10 1 6 2 2 8 5 2 5 8 2 13 10 2 6 2 5 8 5 5 5 8 5 13 10 5 6 2 6 8 5 6 5 8 6 13 10 6 6 2 8 8 5 8 5 8 8 13 10 8 6 2 9 8 5 9 5 8 9 13 10 9 6 0 12 5 3 9 8 3 8 5 4 9 8 4 8 5 6 9 8 6 8 5 8 9 8 8 8 5 9 9 8 9 8 5 10 9 8 10 8 1 6 2 5 8 5 9 5 10 5 11 5 12 5 1 6 1 15 2 15 3 15 5 15 6 15 10 15 0 6 5 2 9 5 3 9 5 5 9 5 7 9 5 9 9 5 12 9 
13 0 24 1 5 16 3 5 11 4 5 7 7 5 17 1 6 16 3 6 11 4 6 7 7 6 17 1 7 16 3 7 11 4 7 7 7 7 17 1 9 16 3 9 11 4 9 7 7 9 17 1 10 16 3 10 11 4 10 7 7 10 17 1 12 16 3 12 11 4 12 7 7 12 17 0 24 2 2 5 5 2 11 7 2 13 10 2 10 2 4 5 5 4 11 7 4 13 10 4 10 2 6 5 5 6 11 7 6 13 10 6 10 2 10 5 5 10 11 7 10 13 10 10 10 2 11 5 5 11 11 7 11 13 10 11 10 2 12 5 5 12 11 7 12 13 10 12 10 1 6 3 15 4 15 5 15 7 15 8 15 9 15 0 6 3 3 14 3 4 14 3 7 14 3 8 14 3 9 14 3 11 14 0 12 4 2 11 5 2 6 4 3 11 5 3 6 4 4 11 5 4 6 4 8 11 5 8 6 4 10 11 5 10 6 4 12 11 5 12 6 0 24 1 1 6 4 1 11 8 1 16 9 1 15 1 4 6 4 4 11 8 4 16 9 4 15 1 8 6 4 8 11 8 8 16 9 8 15 1 10 6 4 10 11 8 10 16 9 10 15 1 11 6 4 11 11 8 11 16 9 11 15 1 12 6 4 12 11 8 12 16 9 12 15 0 6 5 2 9 5 3 9 5 4 9 5 5 9 5 6 9 5 10 9 0 6 1 1 10 1 2 10 1 5 10 1 7 10 1 9 10 1 11 10 1 6 1 17 2 17 3 17 5 17 6 17 9 17 0 12 2 5 12 9 5 6 2 6 12 9 6 6 2 7 12 9 7 6 2 8 12 9 8 6 2 9 12 9 9 6 2 12 12 9 12 6 0 30 1 1 19 2 1 8 6 1 14 8 1 13 10 1 18 1 5 19 2 5 8 6 5 14 8 5 13 10 5 18 1 6 19 2 6 8 6 6 14 8 6 13 10 6 18 1 9 19 2 9 8 6 9 14 8 9 13 10 9 18 1 10 19 2 10 8 6 10 14 8 10 13 10 10 18 1 11 19 2 11 8 6 11 14 8 11 13 10 11 18 0 12 2 1 16 3 1 11 2 2 16 3 2 11 2 5 16 3 5 11 2 6 16 3 6 11 2 8 16 3 8 11 2 9 16 3 9 11 0 12 2 2 16 10 2 18 2 3 16 10 3 18 2 5 16 10 5 18 2 7 16 10 7 18 2 10 16 10 10 18 2 12 16 10 12 18 
