20 10 12
15 1 6 1 66 6 66 7 66 9 66 10 66 12 66 0 12 2 2 29 10 2 29 2 4 29 10 4 29 2 5 29 10 5 29 2 8 29 10 8 29 2 9 29 10 9 29 2 12 29 10 12 29 0 24 2 3 11 4 3 11 9 3 11 10 3 11 2 6 11 4 6 11 9 6 11 10 6 11 2 8 11 4 8 11 9 8 11 10 8 11 2 9 11 4 9 11 9 9 11 10 9 11 2 11 11 4 11 11 9 11 11 10 11 11 2 12 11 4 12 11 9 12 11 10 12 11 0 6 2 2 62 2 5 62 2 7 62 2 8 62 2 9 62 2 11 62 0 18 6 1 94 7 1 94 8 1 94 6 3 94 7 3 94 8 3 94 6 7 94 7 7 94 8 7 94 6 9 94 7 9 94 8 9 94 6 10 94 7 10 94 8 10 94 6 12 94 7 12 94 8 12 94 0 12 6 2 41 10 2 41 6 3 41 10 3 41 6 6 41 10 6 41 6 7 41 10 7 41 6 8 41 10 8 41 6 9 41 10 9 41 0 24 1 3 90 2 3 90 5 3 90 6 3 90 1 4 90 2 4 90 5 4 90 6 4 90 1 8 90 2 8 90 5 8 90 6 8 90 1 10 90 2 10 90 5 10 90 6 10 90 1 11 90 2 11 90 5 11 90 6 11 90 1 12 90 2 12 90 5 12 90 6 12 90 0 18 1 1 63 3 1 63 7 1 63 1 2 63 3 2 63 7 2 63 1 3 63 3 3 63 7 3 63 1 7 63 3 7 63 7 7 63 1 8 63 3 8 63 7 8 63 1 12 63 3 12 63 7 12 63 1 6 4 45 5 45 8 45 9 45 10 45 12 45 0 18 6 1 91 8 1 91 10 1 91 6 2 91 8 2 91 10 2 91 6 3 91 8 3 91 10 3 91 6 5 91 8 5 91 10 5 91 6 8 91 8 8 91 10 8 91 6 10 91 8 10 91 10 10 91 1 6 1 73 4 73 6 73 7 73 8 73 10 73 0 18 1 4 31 4 4 31 6 4 31 1 5 31 4 5 31 6 5 31 1 8 31 4 8 31 6 8 31 1 9 31 4 9 31 6 9 31 1 10 31 4 10 31 6 10 31 1 11 31 4 11 31 6 11 31 0 30 1 1 97 3 1 97 6 1 97 7 1 97 8 1 97 1 3 97 3 3 97 6 3 97 7 3 97 8 3 97 1 4 97 3 4 97 6 4 97 7 4 97 8 4 97 1 6 97 3 6 97 6 6 97 7 6 97 8 6 97 1 8 97 3 8 97 6 8 97 7 8 97 8 8 97 1 12 97 3 12 97 6 12 97 7 12 97 8 12 97 0 18 1 1 11 3 1 11 9 1 11 1 6 11 3 6 11 9 6 11 1 7 11 3 7 11 9 7 11 1 8 11 3 8 11 9 8 11 1 11 11 3 11 11 9 11 11 1 12 11 3 12 11 9 12 11 0 12 5 2 20 6 2 20 5 3 20 6 3 20 5 4 20 6 4 20 5 5 20 6 5 20 5 7 20 6 7 20 5 10 20 6 10 20 
20 0 18 3 2 90 5 2 90 9 2 90 3 3 90 5 3 90 9 3 90 3 5 90 5 5 90 9 5 90 3 10 90 5 10 90 9 10 90 3 11 90 5 11 90 9 11 90 3 12 90 5 12 90 9 12 90 1 6 2 21 4 21 6 21 10 21 11 21 12 21 0 36 1 2 78 2 2 78 3 2 78 5 2 78 6 2 78 9 2 78 1 3 78 2 3 78 3 3 78 5 3 78 6 3 78 9 3 78 1 4 78 2 4 78 3 4 78 5 4 78 6 4 78 9 4 78 1 5 78 2 5 78 3 5 78 5 5 78 6 5 78 9 5 78 1 6 78 2 6 78 3 6 78 5 6 78 6 6 78 9 6 78 1 10 78 2 10 78 3 10 78 5 10 78 6 10 78 9 10 78 0 12 1 3 37 10 3 37 1 4 37 10 4 37 1 6 37 10 6 37 1 8 37 10 8 37 1 10 37 10 10 37 1 12 37 10 12 37 0 36 1 1 68 2 1 68 5 1 68 6 1 68 8 1 68 10 1 68 1 2 68 2 2 68 5 2 68 6 2 68 8 2 68 10 2 68 1 3 68 2 3 68 5 3 68 6 3 68 8 3 68 10 3 68 1 4 68 2 4 68 5 4 68 6 4 68 8 4 68 10 4 68 1 6 68 2 6 68 5 6 68 6 6 68 8 6 68 10 6 68 1 11 68 2 11 68 5 11 68 6 11 68 8 11 68 10 11 68 1 6 1 48 3 48 5 48 6 48 10 48 12 48 0 36 2 1 55 4 1 55 5 1 55 6 1 55 7 1 55 10 1 55 2 3 55 4 3 55 5 3 55 6 3 55 7 3 55 10 3 55 2 4 55 4 4 55 5 4 55 6 4 55 7 4 55 10 4 55 2 8 55 4 8 55 5 8 55 6 8 55 7 8 55 10 8 55 2 9 55 4 9 55 5 9 55 6 9 55 7 9 55 10 9 55 2 10 55 4 10 55 5 10 55 6 10 55 7 10 55 10 10 55 0 18 2 2 38 6 2 38 10 2 38 2 3 38 6 3 38 10 3 38 2 6 38 6 6 38 10 6 38 2 7 38 6 7 38 10 7 38 2 8 38 6 8 38 10 8 38 2 12 38 6 12 38 10 12 38 0 12 2 1 49 10 1 49 2 2 49 10 2 49 2 4 49 10 4 49 2 5 49 10 5 49 2 7 49 10 7 49 2 8 49 10 8 49 0 6 2 2 69 2 6 69 2 9 69 2 10 69 2 11 69 2 12 69 0 36 1 5 73 4 5 73 5 5 73 7 5 73 8 5 73 10 5 73 1 6 73 4 6 73 5 6 73 7 6 73 8 6 73 10 6 73 1 8 73 4 8 73 5 8 73 7 8 73 8 8 73 10 8 73 1 9 73 4 9 73 5 9 73 7 9 73 8 9 73 10 9 73 1 10 73 4 10 73 5 10 73 7 10 73 8 10 73 10 10 73 1 12 73 4 12 73 5 12 73 7 12 73 8 12 73 10 12 73 0 12 1 1 80 7 1 80 1 2 80 7 2 80 1 4 80 7 4 80 1 5 80 7 5 80 1 11 80 7 11 80 1 12 80 7 12 80 0 18 2 3 83 6 3 83 7 3 83 2 4 83 6 4 83 7 4 83 2 5 83 6 5 83 7 5 83 2 7 83 6 7 83 7 7 83 2 8 83 6 8 83 7 8 83 2 11 83 6 11 83 7 11 83 1 6 1 39 6 39 7 39 8 39 9 39 10 39 0 6 2 1 98 2 3 98 2 6 98 2 8 98 2 11 98 2 12 98 0 12 4 3 71 5 3 71 4 6 71 5 6 71 4 7 71 5 7 71 4 10 71 5 10 71 4 11 71 5 11 71 4 12 71 5 12 71 0 18 3 1 24 6 1 24 8 1 24 3 6 24 6 6 24 8 6 24 3 7 24 6 7 24 8 7 24 3 8 24 6 8 24 8 8 24 3 9 24 6 9 24 8 9 24 3 12 24 6 12 24 8 12 24 1 6 1 89 5 89 6 89 9 89 10 89 11 89 1 6 1 73 5 73 8 73 9 73 11 73 12 73 0 30 2 3 44 4 3 44 5 3 44 7 3 44 10 3 44 2 6 44 4 6 44 5 6 44 7 6 44 10 6 44 2 7 44 4 7 44 5 7 44 7 7 44 10 7 44 2 8 44 4 8 44 5 8 44 7 8 44 10 8 44 2 9 44 4 9 44 5 9 44 7 9 44 10 9 44 2 10 44 4 10 44 5 10 44 7 10 44 10 10 44 
23 0 30 3 1 61 5 1 61 6 1 61 8 1 61 10 1 61 3 2 61 5 2 61 6 2 61 8 2 61 10 2 61 3 3 61 5 3 61 6 3 61 8 3 61 10 3 61 3 4 61 5 4 61 6 4 61 8 4 61 10 4 61 3 5 61 5 5 61 6 5 61 8 5 61 10 5 61 3 11 61 5 11 61 6 11 61 8 11 61 10 11 61 0 12 2 1 53 10 1 53 2 2 53 10 2 53 2 3 53 10 3 53 2 9 53 10 9 53 2 10 53 10 10 53 2 12 53 10 12 53 0 12 2 1 35 5 1 35 2 3 35 5 3 35 2 4 35 5 4 35 2 5 35 5 5 35 2 6 35 5 6 35 2 10 35 5 10 35 0 12 5 3 95 10 3 95 5 4 95 10 4 95 5 8 95 10 8 95 5 9 95 10 9 95 5 11 95 10 11 95 5 12 95 10 12 95 0 18 5 2 33 6 2 33 7 2 33 5 4 33 6 4 33 7 4 33 5 5 33 6 5 33 7 5 33 5 8 33 6 8 33 7 8 33 5 10 33 6 10 33 7 10 33 5 12 33 6 12 33 7 12 33 0 6 7 1 59 7 2 59 7 7 59 7 10 59 7 11 59 7 12 59 0 12 3 2 68 7 2 68 3 3 68 7 3 68 3 5 68 7 5 68 3 8 68 7 8 68 3 9 68 7 9 68 3 12 68 7 12 68 1 6 5 61 6 61 8 61 10 61 11 61 12 61 0 12 2 3 56 8 3 56 2 5 56 8 5 56 2 9 56 8 9 56 2 10 56 8 10 56 2 11 56 8 11 56 2 12 56 8 12 56 0 24 2 1 28 3 1 28 7 1 28 9 1 28 2 2 28 3 2 28 7 2 28 9 2 28 2 6 28 3 6 28 7 6 28 9 6 28 2 7 28 3 7 28 7 7 28 9 7 28 2 8 28 3 8 28 7 8 28 9 8 28 2 12 28 3 12 28 7 12 28 9 12 28 0 18 2 1 18 3 1 18 9 1 18 2 5 18 3 5 18 9 5 18 2 7 18 3 7 18 9 7 18 2 9 18 3 9 18 9 9 18 2 10 18 3 10 18 9 10 18 2 11 18 3 11 18 9 11 18 0 24 2 2 35 8 2 35 9 2 35 10 2 35 2 5 35 8 5 35 9 5 35 10 5 35 2 6 35 8 6 35 9 6 35 10 6 35 2 7 35 8 7 35 9 7 35 10 7 35 2 11 35 8 11 35 9 11 35 10 11 35 2 12 35 8 12 35 9 12 35 10 12 35 0 18 1 1 73 4 1 73 7 1 73 1 6 73 4 6 73 7 6 73 1 8 73 4 8 73 7 8 73 1 9 73 4 9 73 7 9 73 1 10 73 4 10 73 7 10 73 1 12 73 4 12 73 7 12 73 0 12 9 1 78 10 1 78 9 2 78 10 2 78 9 5 78 10 5 78 9 6 78 10 6 78 9 9 78 10 9 78 9 11 78 10 11 78 0 12 2 2 70 8 2 70 2 5 70 8 5 70 2 7 70 8 7 70 2 8 70 8 8 70 2 10 70 8 10 70 2 12 70 8 12 70 1 6 2 65 3 65 5 65 6 65 7 65 9 65 0 18 5 1 44 6 1 44 9 1 44 5 4 44 6 4 44 9 4 44 5 5 44 6 5 44 9 5 44 5 7 44 6 7 44 9 7 44 5 11 44 6 11 44 9 11 44 5 12 44 6 12 44 9 12 44 0 30 3 1 56 4 1 56 5 1 56 6 1 56 10 1 56 3 3 56 4 3 56 5 3 56 6 3 56 10 3 56 3 7 56 4 7 56 5 7 56 6 7 56 10 7 56 3 8 56 4 8 56 5 8 56 6 8 56 10 8 56 3 11 56 4 11 56 5 11 56 6 11 56 10 11 56 3 12 56 4 12 56 5 12 56 6 12 56 10 12 56 0 24 1 1 60 3 1 60 6 1 60 10 1 60 1 4 60 3 4 60 6 4 60 10 4 60 1 5 60 3 5 60 6 5 60 10 5 60 1 7 60 3 7 60 6 7 60 10 7 60 1 9 60 3 9 60 6 9 60 10 9 60 1 10 60 3 10 60 6 10 60 10 10 60 0 18 4 3 69 5 3 69 8 3 69 4 5 69 5 5 69 8 5 69 4 6 69 5 6 69 8 6 69 4 9 69 5 9 69 8 9 69 4 10 69 5 10 69 8 10 69 4 12 69 5 12 69 8 12 69 0 24 2 2 94 5 2 94 7 2 94 10 2 94 2 3 94 5 3 94 7 3 94 10 3 94 2 7 94 5 7 94 7 7 94 10 7 94 2 10 94 5 10 94 7 10 94 10 10 94 2 11 94 5 11 94 7 11 94 10 11 94 2 12 94 5 12 94 7 12 94 10 12 94 0 6 2 1 28 2 2 28 2 5 28 2 6 28 2 9 28 2 12 28 0 6 1 3 63 1 4 63 1 5 63 1 7 63 1 9 63 1 10 63 
18 0 24 3 4 17 5 4 17 8 4 17 9 4 17 3 5 17 5 5 17 8 5 17 9 5 17 3 6 17 5 6 17 8 6 17 9 6 17 3 9 17 5 9 17 8 9 17 9 9 17 3 10 17 5 10 17 8 10 17 9 10 17 3 11 17 5 11 17 8 11 17 9 11 17 0 18 5 1 61 6 1 61 9 1 61 5 3 61 6 3 61 9 3 61 5 5 61 6 5 61 9 5 61 5 6 61 6 6 61 9 6 61 5 9 61 6 9 61 9 9 61 5 10 61 6 10 61 9 10 61 0 30 1 2 34 6 2 34 8 2 34 9 2 34 10 2 34 1 5 34 6 5 34 8 5 34 9 5 34 10 5 34 1 8 34 6 8 34 8 8 34 9 8 34 10 8 34 1 9 34 6 9 34 8 9 34 9 9 34 10 9 34 1 10 34 6 10 34 8 10 34 9 10 34 10 10 34 1 11 34 6 11 34 8 11 34 9 11 34 10 11 34 0 18 4 1 96 6 1 96 10 1 96 4 4 96 6 4 96 10 4 96 4 6 96 6 6 96 10 6 96 4 7 96 6 7 96 10 7 96 4 11 96 6 11 96 10 11 96 4 12 96 6 12 96 10 12 96 0 36 1 1 31 2 1 31 3 1 31 5 1 31 9 1 31 10 1 31 1 3 31 2 3 31 3 3 31 5 3 31 9 3 31 10 3 31 1 5 31 2 5 31 3 5 31 5 5 31 9 5 31 10 5 31 1 7 31 2 7 31 3 7 31 5 7 31 9 7 31 10 7 31 1 9 31 2 9 31 3 9 31 5 9 31 9 9 31 10 9 31 1 10 31 2 10 31 3 10 31 5 10 31 9 10 31 10 10 31 0 12 2 4 82 8 4 82 2 6 82 8 6 82 2 7 82 8 7 82 2 8 82 8 8 82 2 11 82 8 11 82 2 12 82 8 12 82 0 18 3 1 40 6 1 40 10 1 40 3 3 40 6 3 40 10 3 40 3 5 40 6 5 40 10 5 40 3 6 40 6 6 40 10 6 40 3 7 40 6 7 40 10 7 40 3 9 40 6 9 40 10 9 40 0 12 5 2 63 6 2 63 5 3 63 6 3 63 5 6 63 6 6 63 5 8 63 6 8 63 5 9 63 6 9 63 5 12 63 6 12 63 0 30 2 1 95 3 1 95 4 1 95 6 1 95 10 1 95 2 2 95 3 2 95 4 2 95 6 2 95 10 2 95 2 4 95 3 4 95 4 4 95 6 4 95 10 4 95 2 8 95 3 8 95 4 8 95 6 8 95 10 8 95 2 9 95 3 9 95 4 9 95 6 9 95 10 9 95 2 10 95 3 10 95 4 10 95 6 10 95 10 10 95 0 30 1 1 68 3 1 68 5 1 68 8 1 68 10 1 68 1 3 68 3 3 68 5 3 68 8 3 68 10 3 68 1 5 68 3 5 68 5 5 68 8 5 68 10 5 68 1 7 68 3 7 68 5 7 68 8 7 68 10 7 68 1 9 68 3 9 68 5 9 68 8 9 68 10 9 68 1 11 68 3 11 68 5 11 68 8 11 68 10 11 68 0 12 6 1 91 10 1 91 6 4 91 10 4 91 6 6 91 10 6 91 6 8 91 10 8 91 6 9 91 10 9 91 6 11 91 10 11 91 0 24 2 1 43 3 1 43 4 1 43 5 1 43 2 3 43 3 3 43 4 3 43 5 3 43 2 5 43 3 5 43 4 5 43 5 5 43 2 6 43 3 6 43 4 6 43 5 6 43 2 7 43 3 7 43 4 7 43 5 7 43 2 8 43 3 8 43 4 8 43 5 8 43 1 6 2 32 3 32 6 32 7 32 11 32 12 32 0 18 2 2 54 4 2 54 6 2 54 2 3 54 4 3 54 6 3 54 2 4 54 4 4 54 6 4 54 2 8 54 4 8 54 6 8 54 2 9 54 4 9 54 6 9 54 2 10 54 4 10 54 6 10 54 0 18 1 1 92 9 1 92 10 1 92 1 3 92 9 3 92 10 3 92 1 6 92 9 6 92 10 6 92 1 7 92 9 7 92 10 7 92 1 9 92 9 9 92 10 9 92 1 11 92 9 11 92 10 11 92 0 24 3 2 40 5 2 40 8 2 40 9 2 40 3 3 40 5 3 40 8 3 40 9 3 40 3 5 40 5 5 40 8 5 40 9 5 40 3 6 40 5 6 40 8 6 40 9 6 40 3 7 40 5 7 40 8 7 40 9 7 40 3 8 40 5 8 40 8 8 40 9 8 40 0 12 1 1 84 3 1 84 1 2 84 3 2 84 1 8 84 3 8 84 1 9 84 3 9 84 1 11 84 3 11 84 1 12 84 3 12 84 0 12 2 2 38 8 2 38 2 4 38 8 4 38 2 7 38 8 7 38 2 9 38 8 9 38 2 10 38 8 10 38 2 12 38 8 12 38 
21 0 18 1 2 94 2 2 94 6 2 94 1 3 94 2 3 94 6 3 94 1 4 94 2 4 94 6 4 94 1 7 94 2 7 94 6 7 94 1 9 94 2 9 94 6 9 94 1 11 94 2 11 94 6 11 94 0 24 1 1 63 2 1 63 3 1 63 8 1 63 1 4 63 2 4 63 3 4 63 8 4 63 1 5 63 2 5 63 3 5 63 8 5 63 1 8 63 2 8 63 3 8 63 8 8 63 1 10 63 2 10 63 3 10 63 8 10 63 1 11 63 2 11 63 3 11 63 8 11 63 0 18 3 3 99 4 3 99 9 3 99 3 5 99 4 5 99 9 5 99 3 9 99 4 9 99 9 9 99 3 10 99 4 10 99 9 10 99 3 11 99 4 11 99 9 11 99 3 12 99 4 12 99 9 12 99 0 24 2 1 45 3 1 45 6 1 45 8 1 45 2 2 45 3 2 45 6 2 45 8 2 45 2 4 45 3 4 45 6 4 45 8 4 45 2 5 45 3 5 45 6 5 45 8 5 45 2 6 45 3 6 45 6 6 45 8 6 45 2 9 45 3 9 45 6 9 45 8 9 45 0 30 1 2 28 2 2 28 6 2 28 7 2 28 9 2 28 1 3 28 2 3 28 6 3 28 7 3 28 9 3 28 1 4 28 2 4 28 6 4 28 7 4 28 9 4 28 1 6 28 2 6 28 6 6 28 7 6 28 9 6 28 1 9 28 2 9 28 6 9 28 7 9 28 9 9 28 1 10 28 2 10 28 6 10 28 7 10 28 9 10 28 0 18 6 4 59 7 4 59 9 4 59 6 5 59 7 5 59 9 5 59 6 7 59 7 7 59 9 7 59 6 8 59 7 8 59 9 8 59 6 10 59 7 10 59 9 10 59 6 11 59 7 11 59 9 11 59 0 6 7 1 97 7 3 97 7 4 97 7 5 97 7 6 97 7 7 97 1 6 3 69 4 69 5 69 7 69 10 69 12 69 0 18 3 6 61 6 6 61 9 6 61 3 7 61 6 7 61 9 7 61 3 8 61 6 8 61 9 8 61 3 9 61 6 9 61 9 9 61 3 10 61 6 10 61 9 10 61 3 11 61 6 11 61 9 11 61 0 24 1 2 98 2 2 98 6 2 98 10 2 98 1 4 98 2 4 98 6 4 98 10 4 98 1 7 98 2 7 98 6 7 98 10 7 98 1 8 98 2 8 98 6 8 98 10 8 98 1 9 98 2 9 98 6 9 98 10 9 98 1 11 98 2 11 98 6 11 98 10 11 98 0 12 1 1 42 7 1 42 1 2 42 7 2 42 1 3 42 7 3 42 1 4 42 7 4 42 1 10 42 7 10 42 1 12 42 7 12 42 0 18 2 1 100 3 1 100 6 1 100 2 3 100 3 3 100 6 3 100 2 5 100 3 5 100 6 5 100 2 6 100 3 6 100 6 6 100 2 7 100 3 7 100 6 7 100 2 12 100 3 12 100 6 12 100 0 12 7 1 68 8 1 68 7 2 68 8 2 68 7 6 68 8 6 68 7 7 68 8 7 68 7 8 68 8 8 68 7 11 68 8 11 68 0 6 1 2 83 1 4 83 1 5 83 1 8 83 1 11 83 1 12 83 0 18 4 1 69 6 1 69 8 1 69 4 2 69 6 2 69 8 2 69 4 3 69 6 3 69 8 3 69 4 4 69 6 4 69 8 4 69 4 6 69 6 6 69 8 6 69 4 12 69 6 12 69 8 12 69 0 30 2 1 17 3 1 17 7 1 17 8 1 17 9 1 17 2 7 17 3 7 17 7 7 17 8 7 17 9 7 17 2 9 17 3 9 17 7 9 17 8 9 17 9 9 17 2 10 17 3 10 17 7 10 17 8 10 17 9 10 17 2 11 17 3 11 17 7 11 17 8 11 17 9 11 17 2 12 17 3 12 17 7 12 17 8 12 17 9 12 17 0 18 1 1 26 6 1 26 7 1 26 1 3 26 6 3 26 7 3 26 1 5 26 6 5 26 7 5 26 1 7 26 6 7 26 7 7 26 1 10 26 6 10 26 7 10 26 1 12 26 6 12 26 7 12 26 0 12 6 2 29 10 2 29 6 4 29 10 4 29 6 6 29 10 6 29 6 7 29 10 7 29 6 9 29 10 9 29 6 12 29 10 12 29 0 36 1 1 20 2 1 20 4 1 20 5 1 20 7 1 20 10 1 20 1 2 20 2 2 20 4 2 20 5 2 20 7 2 20 10 2 20 1 4 20 2 4 20 4 4 20 5 4 20 7 4 20 10 4 20 1 5 20 2 5 20 4 5 20 5 5 20 7 5 20 10 5 20 1 8 20 2 8 20 4 8 20 5 8 20 7 8 20 10 8 20 1 12 20 2 12 20 4 12 20 5 12 20 7 12 20 10 12 20 0 24 1 1 100 5 1 100 8 1 100 10 1 100 1 2 100 5 2 100 8 2 100 10 2 100 1 3 100 5 3 100 8 3 100 10 3 100 1 6 100 5 6 100 8 6 100 10 6 100 1 9 100 5 9 100 8 9 100 10 9 100 1 11 100 5 11 100 8 11 100 10 11 100 0 18 2 2 87 5 2 87 10 2 87 2 4 87 5 4 87 10 4 87 2 7 87 5 7 87 10 7 87 2 8 87 5 8 87 10 8 87 2 9 87 5 9 87 10 9 87 2 10 87 5 10 87 10 10 87 
15 0 12 2 1 67 10 1 67 2 3 67 10 3 67 2 7 67 10 7 67 2 9 67 10 9 67 2 11 67 10 11 67 2 12 67 10 12 67 0 30 1 2 16 2 2 16 3 2 16 6 2 16 8 2 16 1 3 16 2 3 16 3 3 16 6 3 16 8 3 16 1 7 16 2 7 16 3 7 16 6 7 16 8 7 16 1 8 16 2 8 16 3 8 16 6 8 16 8 8 16 1 9 16 2 9 16 3 9 16 6 9 16 8 9 16 1 11 16 2 11 16 3 11 16 6 11 16 8 11 16 0 6 1 4 86 1 5 86 1 7 86 1 8 86 1 9 86 1 10 86 0 6 9 1 36 9 2 36 9 6 36 9 8 36 9 10 36 9 12 36 0 12 3 2 73 10 2 73 3 3 73 10 3 73 3 4 73 10 4 73 3 8 73 10 8 73 3 9 73 10 9 73 3 10 73 10 10 73 0 6 5 2 41 5 3 41 5 5 41 5 6 41 5 10 41 5 12 41 0 18 2 1 100 6 1 100 9 1 100 2 2 100 6 2 100 9 2 100 2 3 100 6 3 100 9 3 100 2 5 100 6 5 100 9 5 100 2 7 100 6 7 100 9 7 100 2 9 100 6 9 100 9 9 100 0 6 2 1 23 2 5 23 2 6 23 2 7 23 2 9 23 2 11 23 1 6 4 33 7 33 8 33 9 33 10 33 11 33 0 6 2 1 92 2 2 92 2 6 92 2 7 92 2 9 92 2 10 92 0 30 3 1 74 4 1 74 5 1 74 6 1 74 8 1 74 3 3 74 4 3 74 5 3 74 6 3 74 8 3 74 3 4 74 4 4 74 5 4 74 6 4 74 8 4 74 3 9 74 4 9 74 5 9 74 6 9 74 8 9 74 3 10 74 4 10 74 5 10 74 6 10 74 8 10 74 3 11 74 4 11 74 5 11 74 6 11 74 8 11 74 0 30 1 3 90 4 3 90 7 3 90 8 3 90 9 3 90 1 4 90 4 4 90 7 4 90 8 4 90 9 4 90 1 7 90 4 7 90 7 7 90 8 7 90 9 7 90 1 8 90 4 8 90 7 8 90 8 8 90 9 8 90 1 9 90 4 9 90 7 9 90 8 9 90 9 9 90 1 12 90 4 12 90 7 12 90 8 12 90 9 12 90 0 6 1 2 49 1 3 49 1 6 49 1 8 49 1 9 49 1 12 49 1 6 3 34 5 34 6 34 8 34 10 34 12 34 0 24 4 2 47 5 2 47 8 2 47 10 2 47 4 4 47 5 4 47 8 4 47 10 4 47 4 6 47 5 6 47 8 6 47 10 6 47 4 9 47 5 9 47 8 9 47 10 9 47 4 11 47 5 11 47 8 11 47 10 11 47 4 12 47 5 12 47 8 12 47 10 12 47 
17 0 6 10 1 62 10 2 62 10 4 62 10 5 62 10 7 62 10 10 62 1 6 1 59 3 59 4 59 5 59 10 59 12 59 0 12 5 1 98 7 1 98 5 2 98 7 2 98 5 3 98 7 3 98 5 7 98 7 7 98 5 10 98 7 10 98 5 12 98 7 12 98 0 12 3 1 73 4 1 73 3 5 73 4 5 73 3 6 73 4 6 73 3 8 73 4 8 73 3 9 73 4 9 73 3 11 73 4 11 73 0 12 2 2 79 5 2 79 2 6 79 5 6 79 2 7 79 5 7 79 2 10 79 5 10 79 2 11 79 5 11 79 2 12 79 5 12 79 0 24 3 1 10 5 1 10 7 1 10 9 1 10 3 3 10 5 3 10 7 3 10 9 3 10 3 6 10 5 6 10 7 6 10 9 6 10 3 7 10 5 7 10 7 7 10 9 7 10 3 8 10 5 8 10 7 8 10 9 8 10 3 11 10 5 11 10 7 11 10 9 11 10 0 30 6 1 32 7 1 32 8 1 32 9 1 32 10 1 32 6 2 32 7 2 32 8 2 32 9 2 32 10 2 32 6 4 32 7 4 32 8 4 32 9 4 32 10 4 32 6 5 32 7 5 32 8 5 32 9 5 32 10 5 32 6 6 32 7 6 32 8 6 32 9 6 32 10 6 32 6 7 32 7 7 32 8 7 32 9 7 32 10 7 32 0 18 1 2 55 3 2 55 10 2 55 1 5 55 3 5 55 10 5 55 1 6 55 3 6 55 10 6 55 1 9 55 3 9 55 10 9 55 1 10 55 3 10 55 10 10 55 1 11 55 3 11 55 10 11 55 0 12 1 2 53 5 2 53 1 6 53 5 6 53 1 7 53 5 7 53 1 9 53 5 9 53 1 11 53 5 11 53 1 12 53 5 12 53 0 12 4 2 19 8 2 19 4 6 19 8 6 19 4 7 19 8 7 19 4 8 19 8 8 19 4 11 19 8 11 19 4 12 19 8 12 19 0 18 8 2 55 9 2 55 10 2 55 8 4 55 9 4 55 10 4 55 8 6 55 9 6 55 10 6 55 8 7 55 9 7 55 10 7 55 8 8 55 9 8 55 10 8 55 8 10 55 9 10 55 10 10 55 0 12 3 2 88 8 2 88 3 3 88 8 3 88 3 5 88 8 5 88 3 6 88 8 6 88 3 8 88 8 8 88 3 9 88 8 9 88 0 12 3 1 46 8 1 46 3 4 46 8 4 46 3 5 46 8 5 46 3 6 46 8 6 46 3 11 46 8 11 46 3 12 46 8 12 46 1 6 1 73 3 73 6 73 7 73 10 73 11 73 0 24 1 1 30 3 1 30 7 1 30 10 1 30 1 6 30 3 6 30 7 6 30 10 6 30 1 7 30 3 7 30 7 7 30 10 7 30 1 9 30 3 9 30 7 9 30 10 9 30 1 10 30 3 10 30 7 10 30 10 10 30 1 12 30 3 12 30 7 12 30 10 12 30 0 12 1 1 48 2 1 48 1 5 48 2 5 48 1 6 48 2 6 48 1 9 48 2 9 48 1 10 48 2 10 48 1 12 48 2 12 48 0 12 1 3 50 9 3 50 1 4 50 9 4 50 1 7 50 9 7 50 1 9 50 9 9 50 1 11 50 9 11 50 1 12 50 9 12 50 
25 0 12 1 4 37 8 4 37 1 6 37 8 6 37 1 7 37 8 7 37 1 8 37 8 8 37 1 11 37 8 11 37 1 12 37 8 12 37 0 30 2 1 75 5 1 75 7 1 75 8 1 75 10 1 75 2 3 75 5 3 75 7 3 75 8 3 75 10 3 75 2 4 75 5 4 75 7 4 75 8 4 75 10 4 75 2 7 75 5 7 75 7 7 75 8 7 75 10 7 75 2 8 75 5 8 75 7 8 75 8 8 75 10 8 75 2 12 75 5 12 75 7 12 75 8 12 75 10 12 75 0 18 1 1 36 2 1 36 5 1 36 1 6 36 2 6 36 5 6 36 1 7 36 2 7 36 5 7 36 1 9 36 2 9 36 5 9 36 1 10 36 2 10 36 5 10 36 1 12 36 2 12 36 5 12 36 0 18 1 2 71 3 2 71 6 2 71 1 4 71 3 4 71 6 4 71 1 7 71 3 7 71 6 7 71 1 9 71 3 9 71 6 9 71 1 10 71 3 10 71 6 10 71 1 11 71 3 11 71 6 11 71 0 12 7 2 66 8 2 66 7 3 66 8 3 66 7 5 66 8 5 66 7 9 66 8 9 66 7 11 66 8 11 66 7 12 66 8 12 66 1 6 2 39 3 39 4 39 6 39 9 39 12 39 0 18 2 1 17 3 1 17 4 1 17 2 5 17 3 5 17 4 5 17 2 6 17 3 6 17 4 6 17 2 7 17 3 7 17 4 7 17 2 9 17 3 9 17 4 9 17 2 11 17 3 11 17 4 11 17 0 24 1 1 30 3 1 30 4 1 30 7 1 30 1 2 30 3 2 30 4 2 30 7 2 30 1 5 30 3 5 30 4 5 30 7 5 30 1 6 30 3 6 30 4 6 30 7 6 30 1 9 30 3 9 30 4 9 30 7 9 30 1 12 30 3 12 30 4 12 30 7 12 30 0 24 2 5 42 4 5 42 5 5 42 7 5 42 2 7 42 4 7 42 5 7 42 7 7 42 2 9 42 4 9 42 5 9 42 7 9 42 2 10 42 4 10 42 5 10 42 7 10 42 2 11 42 4 11 42 5 11 42 7 11 42 2 12 42 4 12 42 5 12 42 7 12 42 0 18 1 3 94 4 3 94 7 3 94 1 6 94 4 6 94 7 6 94 1 7 94 4 7 94 7 7 94 1 8 94 4 8 94 7 8 94 1 10 94 4 10 94 7 10 94 1 11 94 4 11 94 7 11 94 0 18 1 2 59 2 2 59 5 2 59 1 5 59 2 5 59 5 5 59 1 7 59 2 7 59 5 7 59 1 8 59 2 8 59 5 8 59 1 10 59 2 10 59 5 10 59 1 12 59 2 12 59 5 12 59 0 6 6 1 36 6 3 36 6 6 36 6 7 36 6 8 36 6 12 36 0 30 1 3 68 3 3 68 4 3 68 9 3 68 10 3 68 1 4 68 3 4 68 4 4 68 9 4 68 10 4 68 1 6 68 3 6 68 4 6 68 9 6 68 10 6 68 1 7 68 3 7 68 4 7 68 9 7 68 10 7 68 1 8 68 3 8 68 4 8 68 9 8 68 10 8 68 1 11 68 3 11 68 4 11 68 9 11 68 10 11 68 0 24 1 2 21 3 2 21 5 2 21 7 2 21 1 3 21 3 3 21 5 3 21 7 3 21 1 4 21 3 4 21 5 4 21 7 4 21 1 8 21 3 8 21 5 8 21 7 8 21 1 9 21 3 9 21 5 9 21 7 9 21 1 10 21 3 10 21 5 10 21 7 10 21 0 30 4 6 25 5 6 25 7 6 25 8 6 25 9 6 25 4 7 25 5 7 25 7 7 25 8 7 25 9 7 25 4 8 25 5 8 25 7 8 25 8 8 25 9 8 25 4 9 25 5 9 25 7 9 25 8 9 25 9 9 25 4 10 25 5 10 25 7 10 25 8 10 25 9 10 25 4 12 25 5 12 25 7 12 25 8 12 25 9 12 25 0 6 10 1 65 10 4 65 10 8 65 10 9 65 10 11 65 10 12 65 0 18 1 1 58 3 1 58 7 1 58 1 4 58 3 4 58 7 4 58 1 7 58 3 7 58 7 7 58 1 8 58 3 8 58 7 8 58 1 9 58 3 9 58 7 9 58 1 11 58 3 11 58 7 11 58 0 18 3 1 65 7 1 65 8 1 65 3 5 65 7 5 65 8 5 65 3 7 65 7 7 65 8 7 65 3 8 65 7 8 65 8 8 65 3 10 65 7 10 65 8 10 65 3 12 65 7 12 65 8 12 65 0 12 4 1 36 8 1 36 4 3 36 8 3 36 4 5 36 8 5 36 4 7 36 8 7 36 4 9 36 8 9 36 4 10 36 8 10 36 0 18 1 2 45 8 2 45 10 2 45 1 5 45 8 5 45 10 5 45 1 6 45 8 6 45 10 6 45 1 7 45 8 7 45 10 7 45 1 11 45 8 11 45 10 11 45 1 12 45 8 12 45 10 12 45 0 12 5 3 82 8 3 82 5 4 82 8 4 82 5 5 82 8 5 82 5 7 82 8 7 82 5 8 82 8 8 82 5 10 82 8 10 82 0 12 1 2 42 4 2 42 1 4 42 4 4 42 1 5 42 4 5 42 1 8 42 4 8 42 1 10 42 4 10 42 1 12 42 4 12 42 0 18 5 1 82 9 1 82 10 1 82 5 2 82 9 2 82 10 2 82 5 5 82 9 5 82 10 5 82 5 6 82 9 6 82 10 6 82 5 10 82 9 10 82 10 10 82 5 11 82 9 11 82 10 11 82 0 6 9 2 51 9 4 51 9 5 51 9 6 51 9 8 51 9 12 51 0 24 1 1 75 2 1 75 4 1 75 9 1 75 1 3 75 2 3 75 4 3 75 9 3 75 1 7 75 2 7 75 4 7 75 9 7 75 1 9 75 2 9 75 4 9 75 9 9 75 1 10 75 2 10 75 4 10 75 9 10 75 1 11 75 2 11 75 4 11 75 9 11 75 
23 0 6 3 1 35 3 5 35 3 6 35 3 8 35 3 10 35 3 11 35 0 24 4 1 78 6 1 78 7 1 78 10 1 78 4 2 78 6 2 78 7 2 78 10 2 78 4 3 78 6 3 78 7 3 78 10 3 78 4 9 78 6 9 78 7 9 78 10 9 78 4 10 78 6 10 78 7 10 78 10 10 78 4 11 78 6 11 78 7 11 78 10 11 78 1 6 1 43 2 43 5 43 7 43 9 43 10 43 0 12 3 1 77 4 1 77 3 2 77 4 2 77 3 3 77 4 3 77 3 7 77 4 7 77 3 8 77 4 8 77 3 11 77 4 11 77 1 6 4 42 6 42 7 42 8 42 11 42 12 42 0 6 3 3 18 3 5 18 3 8 18 3 10 18 3 11 18 3 12 18 1 6 2 63 5 63 6 63 9 63 11 63 12 63 0 24 2 2 99 7 2 99 8 2 99 10 2 99 2 3 99 7 3 99 8 3 99 10 3 99 2 4 99 7 4 99 8 4 99 10 4 99 2 6 99 7 6 99 8 6 99 10 6 99 2 9 99 7 9 99 8 9 99 10 9 99 2 10 99 7 10 99 8 10 99 10 10 99 0 18 2 3 16 3 3 16 7 3 16 2 4 16 3 4 16 7 4 16 2 5 16 3 5 16 7 5 16 2 6 16 3 6 16 7 6 16 2 8 16 3 8 16 7 8 16 2 11 16 3 11 16 7 11 16 0 6 9 1 34 9 3 34 9 6 34 9 7 34 9 10 34 9 12 34 1 6 4 99 5 99 6 99 10 99 11 99 12 99 0 12 2 4 87 5 4 87 2 5 87 5 5 87 2 6 87 5 6 87 2 7 87 5 7 87 2 9 87 5 9 87 2 12 87 5 12 87 1 6 1 46 3 46 4 46 5 46 9 46 12 46 0 18 3 1 81 7 1 81 8 1 81 3 4 81 7 4 81 8 4 81 3 7 81 7 7 81 8 7 81 3 8 81 7 8 81 8 8 81 3 9 81 7 9 81 8 9 81 3 12 81 7 12 81 8 12 81 0 12 2 2 41 6 2 41 2 3 41 6 3 41 2 4 41 6 4 41 2 6 41 6 6 41 2 11 41 6 11 41 2 12 41 6 12 41 0 30 1 3 58 3 3 58 6 3 58 7 3 58 10 3 58 1 4 58 3 4 58 6 4 58 7 4 58 10 4 58 1 5 58 3 5 58 6 5 58 7 5 58 10 5 58 1 7 58 3 7 58 6 7 58 7 7 58 10 7 58 1 9 58 3 9 58 6 9 58 7 9 58 10 9 58 1 10 58 3 10 58 6 10 58 7 10 58 10 10 58 0 12 1 3 57 8 3 57 1 4 57 8 4 57 1 9 57 8 9 57 1 10 57 8 10 57 1 11 57 8 11 57 1 12 57 8 12 57 0 24 1 2 30 6 2 30 7 2 30 10 2 30 1 3 30 6 3 30 7 3 30 10 3 30 1 5 30 6 5 30 7 5 30 10 5 30 1 8 30 6 8 30 7 8 30 10 8 30 1 10 30 6 10 30 7 10 30 10 10 30 1 12 30 6 12 30 7 12 30 10 12 30 0 12 2 2 60 9 2 60 2 3 60 9 3 60 2 7 60 9 7 60 2 8 60 9 8 60 2 9 60 9 9 60 2 11 60 9 11 60 0 6 4 1 52 4 2 52 4 3 52 4 4 52 4 7 52 4 8 52 0 24 1 2 92 5 2 92 7 2 92 9 2 92 1 3 92 5 3 92 7 3 92 9 3 92 1 5 92 5 5 92 7 5 92 9 5 92 1 6 92 5 6 92 7 6 92 9 6 92 1 7 92 5 7 92 7 7 92 9 7 92 1 9 92 5 9 92 7 9 92 9 9 92 0 18 5 2 32 6 2 32 7 2 32 5 4 32 6 4 32 7 4 32 5 6 32 6 6 32 7 6 32 5 8 32 6 8 32 7 8 32 5 10 32 6 10 32 7 10 32 5 12 32 6 12 32 7 12 32 0 12 1 3 80 9 3 80 1 5 80 9 5 80 1 6 80 9 6 80 1 9 80 9 9 80 1 11 80 9 11 80 1 12 80 9 12 80 
19 0 18 4 1 42 7 1 42 10 1 42 4 2 42 7 2 42 10 2 42 4 4 42 7 4 42 10 4 42 4 7 42 7 7 42 10 7 42 4 9 42 7 9 42 10 9 42 4 11 42 7 11 42 10 11 42 0 18 1 2 33 3 2 33 7 2 33 1 4 33 3 4 33 7 4 33 1 9 33 3 9 33 7 9 33 1 10 33 3 10 33 7 10 33 1 11 33 3 11 33 7 11 33 1 12 33 3 12 33 7 12 33 0 24 2 1 40 3 1 40 5 1 40 6 1 40 2 6 40 3 6 40 5 6 40 6 6 40 2 8 40 3 8 40 5 8 40 6 8 40 2 9 40 3 9 40 5 9 40 6 9 40 2 10 40 3 10 40 5 10 40 6 10 40 2 11 40 3 11 40 5 11 40 6 11 40 0 36 2 1 80 3 1 80 4 1 80 5 1 80 6 1 80 9 1 80 2 3 80 3 3 80 4 3 80 5 3 80 6 3 80 9 3 80 2 5 80 3 5 80 4 5 80 5 5 80 6 5 80 9 5 80 2 7 80 3 7 80 4 7 80 5 7 80 6 7 80 9 7 80 2 8 80 3 8 80 4 8 80 5 8 80 6 8 80 9 8 80 2 11 80 3 11 80 4 11 80 5 11 80 6 11 80 9 11 80 1 6 2 72 4 72 7 72 8 72 9 72 11 72 0 18 3 1 64 7 1 64 8 1 64 3 2 64 7 2 64 8 2 64 3 7 64 7 7 64 8 7 64 3 8 64 7 8 64 8 8 64 3 9 64 7 9 64 8 9 64 3 11 64 7 11 64 8 11 64 0 36 1 1 77 4 1 77 5 1 77 7 1 77 8 1 77 9 1 77 1 6 77 4 6 77 5 6 77 7 6 77 8 6 77 9 6 77 1 7 77 4 7 77 5 7 77 7 7 77 8 7 77 9 7 77 1 9 77 4 9 77 5 9 77 7 9 77 8 9 77 9 9 77 1 10 77 4 10 77 5 10 77 7 10 77 8 10 77 9 10 77 1 11 77 4 11 77 5 11 77 7 11 77 8 11 77 9 11 77 1 6 1 23 3 23 6 23 7 23 9 23 11 23 0 18 2 5 50 9 5 50 10 5 50 2 6 50 9 6 50 10 6 50 2 9 50 9 9 50 10 9 50 2 10 50 9 10 50 10 10 50 2 11 50 9 11 50 10 11 50 2 12 50 9 12 50 10 12 50 1 6 4 13 5 13 7 13 10 13 11 13 12 13 0 6 5 4 38 5 5 38 5 6 38 5 9 38 5 10 38 5 11 38 0 24 4 1 21 7 1 21 8 1 21 10 1 21 4 2 21 7 2 21 8 2 21 10 2 21 4 3 21 7 3 21 8 3 21 10 3 21 4 4 21 7 4 21 8 4 21 10 4 21 4 7 21 7 7 21 8 7 21 10 7 21 4 8 21 7 8 21 8 8 21 10 8 21 0 18 1 1 77 8 1 77 10 1 77 1 2 77 8 2 77 10 2 77 1 4 77 8 4 77 10 4 77 1 5 77 8 5 77 10 5 77 1 10 77 8 10 77 10 10 77 1 12 77 8 12 77 10 12 77 0 24 1 2 95 2 2 95 8 2 95 9 2 95 1 4 95 2 4 95 8 4 95 9 4 95 1 6 95 2 6 95 8 6 95 9 6 95 1 9 95 2 9 95 8 9 95 9 9 95 1 11 95 2 11 95 8 11 95 9 11 95 1 12 95 2 12 95 8 12 95 9 12 95 0 18 7 4 60 8 4 60 9 4 60 7 6 60 8 6 60 9 6 60 7 7 60 8 7 60 9 7 60 7 9 60 8 9 60 9 9 60 7 10 60 8 10 60 9 10 60 7 12 60 8 12 60 9 12 60 1 6 1 94 2 94 3 94 5 94 6 94 9 94 0 12 4 1 53 10 1 53 4 2 53 10 2 53 4 6 53 10 6 53 4 7 53 10 7 53 4 8 53 10 8 53 4 9 53 10 9 53 0 36 3 1 82 4 1 82 5 1 82 6 1 82 8 1 82 10 1 82 3 3 82 4 3 82 5 3 82 6 3 82 8 3 82 10 3 82 3 5 82 4 5 82 5 5 82 6 5 82 8 5 82 10 5 82 3 6 82 4 6 82 5 6 82 6 6 82 8 6 82 10 6 82 3 11 82 4 11 82 5 11 82 6 11 82 8 11 82 10 11 82 3 12 82 4 12 82 5 12 82 6 12 82 8 12 82 10 12 82 0 30 1 1 60 3 1 60 5 1 60 7 1 60 9 1 60 1 4 60 3 4 60 5 4 60 7 4 60 9 4 60 1 5 60 3 5 60 5 5 60 7 5 60 9 5 60 1 8 60 3 8 60 5 8 60 7 8 60 9 8 60 1 9 60 3 9 60 5 9 60 7 9 60 9 9 60 1 10 60 3 10 60 5 10 60 7 10 60 9 10 60 
19 0 12 2 2 60 4 2 60 2 4 60 4 4 60 2 6 60 4 6 60 2 7 60 4 7 60 2 10 60 4 10 60 2 11 60 4 11 60 0 36 3 1 93 4 1 93 5 1 93 7 1 93 8 1 93 9 1 93 3 4 93 4 4 93 5 4 93 7 4 93 8 4 93 9 4 93 3 5 93 4 5 93 5 5 93 7 5 93 8 5 93 9 5 93 3 8 93 4 8 93 5 8 93 7 8 93 8 8 93 9 8 93 3 10 93 4 10 93 5 10 93 7 10 93 8 10 93 9 10 93 3 12 93 4 12 93 5 12 93 7 12 93 8 12 93 9 12 93 0 24 2 1 49 4 1 49 6 1 49 8 1 49 2 2 49 4 2 49 6 2 49 8 2 49 2 4 49 4 4 49 6 4 49 8 4 49 2 6 49 4 6 49 6 6 49 8 6 49 2 7 49 4 7 49 6 7 49 8 7 49 2 10 49 4 10 49 6 10 49 8 10 49 1 6 3 82 4 82 6 82 7 82 11 82 12 82 0 30 2 3 68 4 3 68 5 3 68 7 3 68 9 3 68 2 5 68 4 5 68 5 5 68 7 5 68 9 5 68 2 7 68 4 7 68 5 7 68 7 7 68 9 7 68 2 8 68 4 8 68 5 8 68 7 8 68 9 8 68 2 9 68 4 9 68 5 9 68 7 9 68 9 9 68 2 10 68 4 10 68 5 10 68 7 10 68 9 10 68 0 12 1 1 42 4 1 42 1 2 42 4 2 42 1 3 42 4 3 42 1 6 42 4 6 42 1 10 42 4 10 42 1 12 42 4 12 42 0 18 1 5 96 2 5 96 8 5 96 1 6 96 2 6 96 8 6 96 1 7 96 2 7 96 8 7 96 1 9 96 2 9 96 8 9 96 1 10 96 2 10 96 8 10 96 1 11 96 2 11 96 8 11 96 0 24 1 1 90 2 1 90 6 1 90 10 1 90 1 3 90 2 3 90 6 3 90 10 3 90 1 4 90 2 4 90 6 4 90 10 4 90 1 6 90 2 6 90 6 6 90 10 6 90 1 8 90 2 8 90 6 8 90 10 8 90 1 10 90 2 10 90 6 10 90 10 10 90 0 24 1 1 36 4 1 36 5 1 36 10 1 36 1 2 36 4 2 36 5 2 36 10 2 36 1 3 36 4 3 36 5 3 36 10 3 36 1 4 36 4 4 36 5 4 36 10 4 36 1 5 36 4 5 36 5 5 36 10 5 36 1 9 36 4 9 36 5 9 36 10 9 36 0 6 10 1 70 10 3 70 10 4 70 10 5 70 10 6 70 10 12 70 0 18 4 3 12 5 3 12 10 3 12 4 4 12 5 4 12 10 4 12 4 6 12 5 6 12 10 6 12 4 7 12 5 7 12 10 7 12 4 9 12 5 9 12 10 9 12 4 12 12 5 12 12 10 12 12 0 30 2 1 56 3 1 56 4 1 56 8 1 56 9 1 56 2 4 56 3 4 56 4 4 56 8 4 56 9 4 56 2 6 56 3 6 56 4 6 56 8 6 56 9 6 56 2 7 56 3 7 56 4 7 56 8 7 56 9 7 56 2 8 56 3 8 56 4 8 56 8 8 56 9 8 56 2 12 56 3 12 56 4 12 56 8 12 56 9 12 56 0 18 2 1 14 4 1 14 10 1 14 2 6 14 4 6 14 10 6 14 2 7 14 4 7 14 10 7 14 2 9 14 4 9 14 10 9 14 2 10 14 4 10 14 10 10 14 2 12 14 4 12 14 10 12 14 0 12 4 3 60 6 3 60 4 5 60 6 5 60 4 7 60 6 7 60 4 10 60 6 10 60 4 11 60 6 11 60 4 12 60 6 12 60 0 30 2 7 18 3 7 18 6 7 18 7 7 18 8 7 18 2 8 18 3 8 18 6 8 18 7 8 18 8 8 18 2 9 18 3 9 18 6 9 18 7 9 18 8 9 18 2 10 18 3 10 18 6 10 18 7 10 18 8 10 18 2 11 18 3 11 18 6 11 18 7 11 18 8 11 18 2 12 18 3 12 18 6 12 18 7 12 18 8 12 18 0 18 2 2 88 3 2 88 5 2 88 2 5 88 3 5 88 5 5 88 2 7 88 3 7 88 5 7 88 2 9 88 3 9 88 5 9 88 2 10 88 3 10 88 5 10 88 2 11 88 3 11 88 5 11 88 1 6 1 19 2 19 6 19 9 19 10 19 12 19 0 30 2 1 87 6 1 87 8 1 87 9 1 87 10 1 87 2 2 87 6 2 87 8 2 87 9 2 87 10 2 87 2 3 87 6 3 87 8 3 87 9 3 87 10 3 87 2 5 87 6 5 87 8 5 87 9 5 87 10 5 87 2 8 87 6 8 87 8 8 87 9 8 87 10 8 87 2 9 87 6 9 87 8 9 87 9 9 87 10 9 87 0 12 3 2 50 6 2 50 3 5 50 6 5 50 3 7 50 6 7 50 3 9 50 6 9 50 3 10 50 6 10 50 3 12 50 6 12 50 
21 0 12 4 2 50 7 2 50 4 4 50 7 4 50 4 5 50 7 5 50 4 6 50 7 6 50 4 9 50 7 9 50 4 10 50 7 10 50 0 12 6 1 63 8 1 63 6 2 63 8 2 63 6 3 63 8 3 63 6 5 63 8 5 63 6 9 63 8 9 63 6 11 63 8 11 63 0 12 3 1 16 5 1 16 3 2 16 5 2 16 3 3 16 5 3 16 3 4 16 5 4 16 3 5 16 5 5 16 3 12 16 5 12 16 1 6 2 65 3 65 5 65 8 65 9 65 11 65 0 24 1 2 71 2 2 71 6 2 71 9 2 71 1 3 71 2 3 71 6 3 71 9 3 71 1 4 71 2 4 71 6 4 71 9 4 71 1 7 71 2 7 71 6 7 71 9 7 71 1 9 71 2 9 71 6 9 71 9 9 71 1 12 71 2 12 71 6 12 71 9 12 71 0 24 1 1 44 3 1 44 4 1 44 7 1 44 1 2 44 3 2 44 4 2 44 7 2 44 1 5 44 3 5 44 4 5 44 7 5 44 1 8 44 3 8 44 4 8 44 7 8 44 1 9 44 3 9 44 4 9 44 7 9 44 1 10 44 3 10 44 4 10 44 7 10 44 1 6 1 46 3 46 4 46 6 46 10 46 12 46 0 12 3 1 35 6 1 35 3 2 35 6 2 35 3 4 35 6 4 35 3 8 35 6 8 35 3 11 35 6 11 35 3 12 35 6 12 35 0 18 1 3 11 3 3 11 9 3 11 1 6 11 3 6 11 9 6 11 1 9 11 3 9 11 9 9 11 1 10 11 3 10 11 9 10 11 1 11 11 3 11 11 9 11 11 1 12 11 3 12 11 9 12 11 0 24 2 2 83 3 2 83 7 2 83 10 2 83 2 3 83 3 3 83 7 3 83 10 3 83 2 4 83 3 4 83 7 4 83 10 4 83 2 6 83 3 6 83 7 6 83 10 6 83 2 7 83 3 7 83 7 7 83 10 7 83 2 11 83 3 11 83 7 11 83 10 11 83 0 6 2 1 12 2 3 12 2 4 12 2 5 12 2 6 12 2 12 12 0 6 2 1 98 2 3 98 2 5 98 2 6 98 2 8 98 2 9 98 0 36 1 1 25 4 1 25 6 1 25 7 1 25 8 1 25 9 1 25 1 2 25 4 2 25 6 2 25 7 2 25 8 2 25 9 2 25 1 9 25 4 9 25 6 9 25 7 9 25 8 9 25 9 9 25 1 10 25 4 10 25 6 10 25 7 10 25 8 10 25 9 10 25 1 11 25 4 11 25 6 11 25 7 11 25 8 11 25 9 11 25 1 12 25 4 12 25 6 12 25 7 12 25 8 12 25 9 12 25 0 24 1 1 84 3 1 84 8 1 84 10 1 84 1 3 84 3 3 84 8 3 84 10 3 84 1 9 84 3 9 84 8 9 84 10 9 84 1 10 84 3 10 84 8 10 84 10 10 84 1 11 84 3 11 84 8 11 84 10 11 84 1 12 84 3 12 84 8 12 84 10 12 84 0 24 2 1 36 3 1 36 8 1 36 9 1 36 2 3 36 3 3 36 8 3 36 9 3 36 2 5 36 3 5 36 8 5 36 9 5 36 2 6 36 3 6 36 8 6 36 9 6 36 2 8 36 3 8 36 8 8 36 9 8 36 2 12 36 3 12 36 8 12 36 9 12 36 0 12 1 2 41 6 2 41 1 3 41 6 3 41 1 4 41 6 4 41 1 6 41 6 6 41 1 10 41 6 10 41 1 11 41 6 11 41 0 12 3 3 44 5 3 44 3 5 44 5 5 44 3 6 44 5 6 44 3 7 44 5 7 44 3 9 44 5 9 44 3 11 44 5 11 44 0 18 2 2 51 4 2 51 9 2 51 2 4 51 4 4 51 9 4 51 2 6 51 4 6 51 9 6 51 2 9 51 4 9 51 9 9 51 2 10 51 4 10 51 9 10 51 2 11 51 4 11 51 9 11 51 0 18 3 5 58 7 5 58 10 5 58 3 6 58 7 6 58 10 6 58 3 9 58 7 9 58 10 9 58 3 10 58 7 10 58 10 10 58 3 11 58 7 11 58 10 11 58 3 12 58 7 12 58 10 12 58 0 12 2 1 56 10 1 56 2 7 56 10 7 56 2 8 56 10 8 56 2 9 56 10 9 56 2 11 56 10 11 56 2 12 56 10 12 56 0 12 3 1 27 8 1 27 3 4 27 8 4 27 3 5 27 8 5 27 3 6 27 8 6 27 3 8 27 8 8 27 3 9 27 8 9 27 
16 0 18 3 1 97 5 1 97 9 1 97 3 2 97 5 2 97 9 2 97 3 4 97 5 4 97 9 4 97 3 6 97 5 6 97 9 6 97 3 9 97 5 9 97 9 9 97 3 10 97 5 10 97 9 10 97 0 24 2 2 93 4 2 93 5 2 93 6 2 93 2 5 93 4 5 93 5 5 93 6 5 93 2 6 93 4 6 93 5 6 93 6 6 93 2 8 93 4 8 93 5 8 93 6 8 93 2 9 93 4 9 93 5 9 93 6 9 93 2 10 93 4 10 93 5 10 93 6 10 93 0 6 8 1 41 8 2 41 8 3 41 8 4 41 8 9 41 8 10 41 1 6 4 59 6 59 8 59 9 59 10 59 11 59 0 6 1 1 83 1 2 83 1 4 83 1 5 83 1 8 83 1 10 83 0 18 1 1 99 4 1 99 7 1 99 1 2 99 4 2 99 7 2 99 1 3 99 4 3 99 7 3 99 1 4 99 4 4 99 7 4 99 1 5 99 4 5 99 7 5 99 1 10 99 4 10 99 7 10 99 1 6 1 90 3 90 7 90 8 90 9 90 10 90 0 18 1 3 90 4 3 90 9 3 90 1 6 90 4 6 90 9 6 90 1 7 90 4 7 90 9 7 90 1 10 90 4 10 90 9 10 90 1 11 90 4 11 90 9 11 90 1 12 90 4 12 90 9 12 90 0 18 3 1 58 6 1 58 7 1 58 3 3 58 6 3 58 7 3 58 3 4 58 6 4 58 7 4 58 3 8 58 6 8 58 7 8 58 3 10 58 6 10 58 7 10 58 3 11 58 6 11 58 7 11 58 0 30 1 2 15 2 2 15 3 2 15 5 2 15 10 2 15 1 6 15 2 6 15 3 6 15 5 6 15 10 6 15 1 8 15 2 8 15 3 8 15 5 8 15 10 8 15 1 9 15 2 9 15 3 9 15 5 9 15 10 9 15 1 11 15 2 11 15 3 11 15 5 11 15 10 11 15 1 12 15 2 12 15 3 12 15 5 12 15 10 12 15 0 12 4 3 95 7 3 95 4 4 95 7 4 95 4 7 95 7 7 95 4 8 95 7 8 95 4 9 95 7 9 95 4 12 95 7 12 95 0 18 5 1 65 9 1 65 10 1 65 5 2 65 9 2 65 10 2 65 5 6 65 9 6 65 10 6 65 5 7 65 9 7 65 10 7 65 5 10 65 9 10 65 10 10 65 5 11 65 9 11 65 10 11 65 0 30 5 3 73 6 3 73 7 3 73 8 3 73 9 3 73 5 5 73 6 5 73 7 5 73 8 5 73 9 5 73 5 7 73 6 7 73 7 7 73 8 7 73 9 7 73 5 8 73 6 8 73 7 8 73 8 8 73 9 8 73 5 10 73 6 10 73 7 10 73 8 10 73 9 10 73 5 12 73 6 12 73 7 12 73 8 12 73 9 12 73 0 24 1 4 96 5 4 96 7 4 96 10 4 96 1 6 96 5 6 96 7 6 96 10 6 96 1 7 96 5 7 96 7 7 96 10 7 96 1 9 96 5 9 96 7 9 96 10 9 96 1 10 96 5 10 96 7 10 96 10 10 96 1 11 96 5 11 96 7 11 96 10 11 96 0 12 1 1 42 10 1 42 1 3 42 10 3 42 1 6 42 10 6 42 1 7 42 10 7 42 1 8 42 10 8 42 1 12 42 10 12 42 0 18 4 2 53 5 2 53 9 2 53 4 5 53 5 5 53 9 5 53 4 9 53 5 9 53 9 9 53 4 10 53 5 10 53 9 10 53 4 11 53 5 11 53 9 11 53 4 12 53 5 12 53 9 12 53 
16 0 12 6 3 61 9 3 61 6 4 61 9 4 61 6 5 61 9 5 61 6 7 61 9 7 61 6 10 61 9 10 61 6 11 61 9 11 61 0 12 2 1 24 9 1 24 2 3 24 9 3 24 2 5 24 9 5 24 2 6 24 9 6 24 2 7 24 9 7 24 2 10 24 9 10 24 1 6 2 90 3 90 8 90 10 90 11 90 12 90 1 6 1 11 2 11 3 11 4 11 5 11 7 11 0 12 1 1 12 3 1 12 1 2 12 3 2 12 1 3 12 3 3 12 1 5 12 3 5 12 1 6 12 3 6 12 1 10 12 3 10 12 0 12 1 2 68 3 2 68 1 3 68 3 3 68 1 5 68 3 5 68 1 8 68 3 8 68 1 10 68 3 10 68 1 11 68 3 11 68 1 6 2 61 3 61 4 61 7 61 10 61 11 61 1 6 1 40 2 40 3 40 5 40 7 40 9 40 0 24 3 3 70 4 3 70 5 3 70 10 3 70 3 5 70 4 5 70 5 5 70 10 5 70 3 7 70 4 7 70 5 7 70 10 7 70 3 8 70 4 8 70 5 8 70 10 8 70 3 9 70 4 9 70 5 9 70 10 9 70 3 11 70 4 11 70 5 11 70 10 11 70 0 12 6 2 76 9 2 76 6 3 76 9 3 76 6 4 76 9 4 76 6 5 76 9 5 76 6 8 76 9 8 76 6 9 76 9 9 76 0 30 1 1 48 3 1 48 4 1 48 5 1 48 8 1 48 1 3 48 3 3 48 4 3 48 5 3 48 8 3 48 1 5 48 3 5 48 4 5 48 5 5 48 8 5 48 1 6 48 3 6 48 4 6 48 5 6 48 8 6 48 1 9 48 3 9 48 4 9 48 5 9 48 8 9 48 1 10 48 3 10 48 4 10 48 5 10 48 8 10 48 0 6 2 1 19 2 3 19 2 4 19 2 5 19 2 7 19 2 10 19 1 6 1 49 3 49 8 49 9 49 10 49 11 49 0 18 5 1 76 6 1 76 8 1 76 5 2 76 6 2 76 8 2 76 5 3 76 6 3 76 8 3 76 5 9 76 6 9 76 8 9 76 5 11 76 6 11 76 8 11 76 5 12 76 6 12 76 8 12 76 0 18 1 2 24 2 2 24 7 2 24 1 4 24 2 4 24 7 4 24 1 6 24 2 6 24 7 6 24 1 7 24 2 7 24 7 7 24 1 8 24 2 8 24 7 8 24 1 10 24 2 10 24 7 10 24 0 24 4 2 35 5 2 35 6 2 35 10 2 35 4 5 35 5 5 35 6 5 35 10 5 35 4 6 35 5 6 35 6 6 35 10 6 35 4 9 35 5 9 35 6 9 35 10 9 35 4 11 35 5 11 35 6 11 35 10 11 35 4 12 35 5 12 35 6 12 35 10 12 35 
25 0 18 7 3 10 8 3 10 9 3 10 7 4 10 8 4 10 9 4 10 7 6 10 8 6 10 9 6 10 7 7 10 8 7 10 9 7 10 7 9 10 8 9 10 9 9 10 7 11 10 8 11 10 9 11 10 0 30 2 1 46 4 1 46 6 1 46 7 1 46 10 1 46 2 2 46 4 2 46 6 2 46 7 2 46 10 2 46 2 3 46 4 3 46 6 3 46 7 3 46 10 3 46 2 5 46 4 5 46 6 5 46 7 5 46 10 5 46 2 11 46 4 11 46 6 11 46 7 11 46 10 11 46 2 12 46 4 12 46 6 12 46 7 12 46 10 12 46 0 6 4 3 18 4 4 18 4 6 18 4 8 18 4 9 18 4 11 18 0 24 1 1 72 2 1 72 3 1 72 6 1 72 1 2 72 2 2 72 3 2 72 6 2 72 1 6 72 2 6 72 3 6 72 6 6 72 1 9 72 2 9 72 3 9 72 6 9 72 1 11 72 2 11 72 3 11 72 6 11 72 1 12 72 2 12 72 3 12 72 6 12 72 0 12 3 1 32 8 1 32 3 2 32 8 2 32 3 4 32 8 4 32 3 6 32 8 6 32 3 10 32 8 10 32 3 12 32 8 12 32 0 12 3 1 92 4 1 92 3 3 92 4 3 92 3 5 92 4 5 92 3 6 92 4 6 92 3 9 92 4 9 92 3 12 92 4 12 92 0 24 7 3 14 8 3 14 9 3 14 10 3 14 7 6 14 8 6 14 9 6 14 10 6 14 7 9 14 8 9 14 9 9 14 10 9 14 7 10 14 8 10 14 9 10 14 10 10 14 7 11 14 8 11 14 9 11 14 10 11 14 7 12 14 8 12 14 9 12 14 10 12 14 0 12 4 3 53 8 3 53 4 4 53 8 4 53 4 7 53 8 7 53 4 10 53 8 10 53 4 11 53 8 11 53 4 12 53 8 12 53 0 18 2 2 49 3 2 49 6 2 49 2 4 49 3 4 49 6 4 49 2 5 49 3 5 49 6 5 49 2 10 49 3 10 49 6 10 49 2 11 49 3 11 49 6 11 49 2 12 49 3 12 49 6 12 49 1 6 1 83 4 83 5 83 7 83 10 83 11 83 0 12 2 1 81 9 1 81 2 2 81 9 2 81 2 3 81 9 3 81 2 6 81 9 6 81 2 7 81 9 7 81 2 9 81 9 9 81 0 24 1 1 76 4 1 76 5 1 76 9 1 76 1 2 76 4 2 76 5 2 76 9 2 76 1 5 76 4 5 76 5 5 76 9 5 76 1 6 76 4 6 76 5 6 76 9 6 76 1 8 76 4 8 76 5 8 76 9 8 76 1 12 76 4 12 76 5 12 76 9 12 76 0 24 1 6 88 2 6 88 7 6 88 8 6 88 1 7 88 2 7 88 7 7 88 8 7 88 1 8 88 2 8 88 7 8 88 8 8 88 1 9 88 2 9 88 7 9 88 8 9 88 1 10 88 2 10 88 7 10 88 8 10 88 1 12 88 2 12 88 7 12 88 8 12 88 0 24 2 3 34 5 3 34 8 3 34 10 3 34 2 4 34 5 4 34 8 4 34 10 4 34 2 6 34 5 6 34 8 6 34 10 6 34 2 7 34 5 7 34 8 7 34 10 7 34 2 9 34 5 9 34 8 9 34 10 9 34 2 12 34 5 12 34 8 12 34 10 12 34 0 6 6 1 54 6 4 54 6 5 54 6 6 54 6 7 54 6 10 54 0 12 3 3 22 5 3 22 3 4 22 5 4 22 3 6 22 5 6 22 3 8 22 5 8 22 3 9 22 5 9 22 3 12 22 5 12 22 0 24 2 2 47 5 2 47 8 2 47 9 2 47 2 3 47 5 3 47 8 3 47 9 3 47 2 6 47 5 6 47 8 6 47 9 6 47 2 9 47 5 9 47 8 9 47 9 9 47 2 11 47 5 11 47 8 11 47 9 11 47 2 12 47 5 12 47 8 12 47 9 12 47 1 6 1 31 2 31 5 31 7 31 8 31 9 31 0 6 6 3 43 6 4 43 6 5 43 6 6 43 6 7 43 6 11 43 0 36 1 3 29 2 3 29 4 3 29 5 3 29 6 3 29 8 3 29 1 4 29 2 4 29 4 4 29 5 4 29 6 4 29 8 4 29 1 6 29 2 6 29 4 6 29 5 6 29 6 6 29 8 6 29 1 7 29 2 7 29 4 7 29 5 7 29 6 7 29 8 7 29 1 9 29 2 9 29 4 9 29 5 9 29 6 9 29 8 9 29 1 10 29 2 10 29 4 10 29 5 10 29 6 10 29 8 10 29 0 30 1 4 59 2 4 59 4 4 59 5 4 59 7 4 59 1 6 59 2 6 59 4 6 59 5 6 59 7 6 59 1 9 59 2 9 59 4 9 59 5 9 59 7 9 59 1 10 59 2 10 59 4 10 59 5 10 59 7 10 59 1 11 59 2 11 59 4 11 59 5 11 59 7 11 59 1 12 59 2 12 59 4 12 59 5 12 59 7 12 59 0 18 4 3 26 8 3 26 10 3 26 4 4 26 8 4 26 10 4 26 4 6 26 8 6 26 10 6 26 4 7 26 8 7 26 10 7 26 4 9 26 8 9 26 10 9 26 4 10 26 8 10 26 10 10 26 0 24 2 3 57 4 3 57 6 3 57 9 3 57 2 5 57 4 5 57 6 5 57 9 5 57 2 6 57 4 6 57 6 6 57 9 6 57 2 7 57 4 7 57 6 7 57 9 7 57 2 9 57 4 9 57 6 9 57 9 9 57 2 12 57 4 12 57 6 12 57 9 12 57 0 6 6 1 11 6 2 11 6 4 11 6 9 11 6 10 11 6 12 11 0 18 3 2 90 7 2 90 10 2 90 3 7 90 7 7 90 10 7 90 3 9 90 7 9 90 10 9 90 3 10 90 7 10 90 10 10 90 3 11 90 7 11 90 10 11 90 3 12 90 7 12 90 10 12 90 
17 0 24 1 3 55 4 3 55 6 3 55 7 3 55 1 6 55 4 6 55 6 6 55 7 6 55 1 7 55 4 7 55 6 7 55 7 7 55 1 8 55 4 8 55 6 8 55 7 8 55 1 10 55 4 10 55 6 10 55 7 10 55 1 12 55 4 12 55 6 12 55 7 12 55 0 18 3 1 71 6 1 71 10 1 71 3 5 71 6 5 71 10 5 71 3 6 71 6 6 71 10 6 71 3 9 71 6 9 71 10 9 71 3 10 71 6 10 71 10 10 71 3 12 71 6 12 71 10 12 71 0 12 2 2 64 4 2 64 2 4 64 4 4 64 2 5 64 4 5 64 2 6 64 4 6 64 2 8 64 4 8 64 2 10 64 4 10 64 0 18 2 1 36 3 1 36 5 1 36 2 5 36 3 5 36 5 5 36 2 6 36 3 6 36 5 6 36 2 7 36 3 7 36 5 7 36 2 8 36 3 8 36 5 8 36 2 10 36 3 10 36 5 10 36 0 18 2 1 26 3 1 26 8 1 26 2 3 26 3 3 26 8 3 26 2 4 26 3 4 26 8 4 26 2 5 26 3 5 26 8 5 26 2 10 26 3 10 26 8 10 26 2 11 26 3 11 26 8 11 26 0 18 1 2 34 4 2 34 8 2 34 1 4 34 4 4 34 8 4 34 1 6 34 4 6 34 8 6 34 1 7 34 4 7 34 8 7 34 1 8 34 4 8 34 8 8 34 1 11 34 4 11 34 8 11 34 0 24 1 2 68 2 2 68 4 2 68 6 2 68 1 4 68 2 4 68 4 4 68 6 4 68 1 6 68 2 6 68 4 6 68 6 6 68 1 7 68 2 7 68 4 7 68 6 7 68 1 9 68 2 9 68 4 9 68 6 9 68 1 10 68 2 10 68 4 10 68 6 10 68 0 12 2 1 55 7 1 55 2 2 55 7 2 55 2 7 55 7 7 55 2 8 55 7 8 55 2 9 55 7 9 55 2 12 55 7 12 55 0 30 1 1 41 4 1 41 5 1 41 8 1 41 9 1 41 1 2 41 4 2 41 5 2 41 8 2 41 9 2 41 1 4 41 4 4 41 5 4 41 8 4 41 9 4 41 1 6 41 4 6 41 5 6 41 8 6 41 9 6 41 1 8 41 4 8 41 5 8 41 8 8 41 9 8 41 1 9 41 4 9 41 5 9 41 8 9 41 9 9 41 0 6 3 1 36 3 4 36 3 6 36 3 10 36 3 11 36 3 12 36 1 6 2 64 5 64 7 64 8 64 10 64 12 64 0 12 7 4 91 9 4 91 7 5 91 9 5 91 7 8 91 9 8 91 7 9 91 9 9 91 7 10 91 9 10 91 7 12 91 9 12 91 0 24 1 2 16 2 2 16 4 2 16 5 2 16 1 7 16 2 7 16 4 7 16 5 7 16 1 9 16 2 9 16 4 9 16 5 9 16 1 10 16 2 10 16 4 10 16 5 10 16 1 11 16 2 11 16 4 11 16 5 11 16 1 12 16 2 12 16 4 12 16 5 12 16 0 24 1 1 29 2 1 29 6 1 29 8 1 29 1 5 29 2 5 29 6 5 29 8 5 29 1 6 29 2 6 29 6 6 29 8 6 29 1 7 29 2 7 29 6 7 29 8 7 29 1 8 29 2 8 29 6 8 29 8 8 29 1 9 29 2 9 29 6 9 29 8 9 29 0 36 2 2 87 3 2 87 5 2 87 6 2 87 7 2 87 9 2 87 2 4 87 3 4 87 5 4 87 6 4 87 7 4 87 9 4 87 2 5 87 3 5 87 5 5 87 6 5 87 7 5 87 9 5 87 2 8 87 3 8 87 5 8 87 6 8 87 7 8 87 9 8 87 2 10 87 3 10 87 5 10 87 6 10 87 7 10 87 9 10 87 2 11 87 3 11 87 5 11 87 6 11 87 7 11 87 9 11 87 0 18 1 1 76 5 1 76 6 1 76 1 5 76 5 5 76 6 5 76 1 6 76 5 6 76 6 6 76 1 8 76 5 8 76 6 8 76 1 9 76 5 9 76 6 9 76 1 12 76 5 12 76 6 12 76 0 6 4 1 69 4 2 69 4 7 69 4 9 69 4 11 69 4 12 69 
21 0 18 4 4 72 5 4 72 8 4 72 4 6 72 5 6 72 8 6 72 4 8 72 5 8 72 8 8 72 4 10 72 5 10 72 8 10 72 4 11 72 5 11 72 8 11 72 4 12 72 5 12 72 8 12 72 0 18 4 1 66 9 1 66 10 1 66 4 3 66 9 3 66 10 3 66 4 6 66 9 6 66 10 6 66 4 7 66 9 7 66 10 7 66 4 8 66 9 8 66 10 8 66 4 12 66 9 12 66 10 12 66 0 18 2 3 33 4 3 33 9 3 33 2 6 33 4 6 33 9 6 33 2 8 33 4 8 33 9 8 33 2 9 33 4 9 33 9 9 33 2 11 33 4 11 33 9 11 33 2 12 33 4 12 33 9 12 33 1 6 3 21 5 21 6 21 8 21 10 21 12 21 0 18 3 3 81 5 3 81 7 3 81 3 4 81 5 4 81 7 4 81 3 5 81 5 5 81 7 5 81 3 7 81 5 7 81 7 7 81 3 9 81 5 9 81 7 9 81 3 10 81 5 10 81 7 10 81 0 24 1 3 22 5 3 22 9 3 22 10 3 22 1 5 22 5 5 22 9 5 22 10 5 22 1 6 22 5 6 22 9 6 22 10 6 22 1 8 22 5 8 22 9 8 22 10 8 22 1 10 22 5 10 22 9 10 22 10 10 22 1 12 22 5 12 22 9 12 22 10 12 22 0 30 6 4 60 7 4 60 8 4 60 9 4 60 10 4 60 6 5 60 7 5 60 8 5 60 9 5 60 10 5 60 6 6 60 7 6 60 8 6 60 9 6 60 10 6 60 6 7 60 7 7 60 8 7 60 9 7 60 10 7 60 6 8 60 7 8 60 8 8 60 9 8 60 10 8 60 6 11 60 7 11 60 8 11 60 9 11 60 10 11 60 0 6 10 2 85 10 5 85 10 6 85 10 8 85 10 9 85 10 11 85 0 30 2 2 37 4 2 37 5 2 37 8 2 37 9 2 37 2 3 37 4 3 37 5 3 37 8 3 37 9 3 37 2 5 37 4 5 37 5 5 37 8 5 37 9 5 37 2 8 37 4 8 37 5 8 37 8 8 37 9 8 37 2 9 37 4 9 37 5 9 37 8 9 37 9 9 37 2 10 37 4 10 37 5 10 37 8 10 37 9 10 37 0 12 1 2 70 7 2 70 1 5 70 7 5 70 1 6 70 7 6 70 1 8 70 7 8 70 1 11 70 7 11 70 1 12 70 7 12 70 0 18 2 2 58 8 2 58 10 2 58 2 3 58 8 3 58 10 3 58 2 5 58 8 5 58 10 5 58 2 7 58 8 7 58 10 7 58 2 11 58 8 11 58 10 11 58 2 12 58 8 12 58 10 12 58 0 18 2 1 49 6 1 49 9 1 49 2 2 49 6 2 49 9 2 49 2 3 49 6 3 49 9 3 49 2 6 49 6 6 49 9 6 49 2 7 49 6 7 49 9 7 49 2 8 49 6 8 49 9 8 49 0 18 4 1 59 5 1 59 9 1 59 4 3 59 5 3 59 9 3 59 4 6 59 5 6 59 9 6 59 4 7 59 5 7 59 9 7 59 4 9 59 5 9 59 9 9 59 4 10 59 5 10 59 9 10 59 1 6 1 54 2 54 3 54 5 54 10 54 11 54 0 18 4 1 39 8 1 39 9 1 39 4 2 39 8 2 39 9 2 39 4 7 39 8 7 39 9 7 39 4 9 39 8 9 39 9 9 39 4 11 39 8 11 39 9 11 39 4 12 39 8 12 39 9 12 39 1 6 3 78 4 78 5 78 6 78 8 78 11 78 0 12 4 3 95 7 3 95 4 6 95 7 6 95 4 7 95 7 7 95 4 8 95 7 8 95 4 9 95 7 9 95 4 12 95 7 12 95 0 18 2 3 21 9 3 21 10 3 21 2 4 21 9 4 21 10 4 21 2 5 21 9 5 21 10 5 21 2 6 21 9 6 21 10 6 21 2 7 21 9 7 21 10 7 21 2 8 21 9 8 21 10 8 21 0 12 7 1 36 8 1 36 7 2 36 8 2 36 7 3 36 8 3 36 7 4 36 8 4 36 7 8 36 8 8 36 7 12 36 8 12 36 0 24 1 4 66 2 4 66 7 4 66 10 4 66 1 8 66 2 8 66 7 8 66 10 8 66 1 9 66 2 9 66 7 9 66 10 9 66 1 10 66 2 10 66 7 10 66 10 10 66 1 11 66 2 11 66 7 11 66 10 11 66 1 12 66 2 12 66 7 12 66 10 12 66 0 12 4 1 84 6 1 84 4 4 84 6 4 84 4 5 84 6 5 84 4 7 84 6 7 84 4 9 84 6 9 84 4 10 84 6 10 84 
17 0 18 2 1 11 8 1 11 10 1 11 2 4 11 8 4 11 10 4 11 2 5 11 8 5 11 10 5 11 2 6 11 8 6 11 10 6 11 2 9 11 8 9 11 10 9 11 2 10 11 8 10 11 10 10 11 0 12 1 2 37 8 2 37 1 3 37 8 3 37 1 7 37 8 7 37 1 8 37 8 8 37 1 11 37 8 11 37 1 12 37 8 12 37 0 12 1 1 11 6 1 11 1 3 11 6 3 11 1 6 11 6 6 11 1 7 11 6 7 11 1 10 11 6 10 11 1 12 11 6 12 11 0 12 2 2 81 8 2 81 2 3 81 8 3 81 2 7 81 8 7 81 2 8 81 8 8 81 2 10 81 8 10 81 2 12 81 8 12 81 0 24 1 4 46 2 4 46 6 4 46 9 4 46 1 5 46 2 5 46 6 5 46 9 5 46 1 6 46 2 6 46 6 6 46 9 6 46 1 9 46 2 9 46 6 9 46 9 9 46 1 11 46 2 11 46 6 11 46 9 11 46 1 12 46 2 12 46 6 12 46 9 12 46 0 6 7 1 76 7 2 76 7 3 76 7 4 76 7 6 76 7 8 76 0 18 1 1 20 2 1 20 9 1 20 1 2 20 2 2 20 9 2 20 1 4 20 2 4 20 9 4 20 1 5 20 2 5 20 9 5 20 1 8 20 2 8 20 9 8 20 1 10 20 2 10 20 9 10 20 0 24 1 3 96 6 3 96 7 3 96 9 3 96 1 4 96 6 4 96 7 4 96 9 4 96 1 5 96 6 5 96 7 5 96 9 5 96 1 7 96 6 7 96 7 7 96 9 7 96 1 10 96 6 10 96 7 10 96 9 10 96 1 11 96 6 11 96 7 11 96 9 11 96 0 24 1 2 73 3 2 73 4 2 73 8 2 73 1 3 73 3 3 73 4 3 73 8 3 73 1 7 73 3 7 73 4 7 73 8 7 73 1 9 73 3 9 73 4 9 73 8 9 73 1 10 73 3 10 73 4 10 73 8 10 73 1 12 73 3 12 73 4 12 73 8 12 73 0 18 3 1 43 6 1 43 7 1 43 3 4 43 6 4 43 7 4 43 3 6 43 6 6 43 7 6 43 3 10 43 6 10 43 7 10 43 3 11 43 6 11 43 7 11 43 3 12 43 6 12 43 7 12 43 1 6 2 84 5 84 6 84 9 84 11 84 12 84 0 12 5 2 75 9 2 75 5 3 75 9 3 75 5 4 75 9 4 75 5 9 75 9 9 75 5 10 75 9 10 75 5 12 75 9 12 75 0 18 2 1 97 6 1 97 9 1 97 2 5 97 6 5 97 9 5 97 2 6 97 6 6 97 9 6 97 2 9 97 6 9 97 9 9 97 2 10 97 6 10 97 9 10 97 2 11 97 6 11 97 9 11 97 0 36 1 3 37 3 3 37 4 3 37 5 3 37 7 3 37 9 3 37 1 4 37 3 4 37 4 4 37 5 4 37 7 4 37 9 4 37 1 5 37 3 5 37 4 5 37 5 5 37 7 5 37 9 5 37 1 8 37 3 8 37 4 8 37 5 8 37 7 8 37 9 8 37 1 9 37 3 9 37 4 9 37 5 9 37 7 9 37 9 9 37 1 11 37 3 11 37 4 11 37 5 11 37 7 11 37 9 11 37 0 30 2 3 47 3 3 47 4 3 47 8 3 47 10 3 47 2 4 47 3 4 47 4 4 47 8 4 47 10 4 47 2 6 47 3 6 47 4 6 47 8 6 47 10 6 47 2 7 47 3 7 47 4 7 47 8 7 47 10 7 47 2 8 47 3 8 47 4 8 47 8 8 47 10 8 47 2 12 47 3 12 47 4 12 47 8 12 47 10 12 47 1 6 4 98 5 98 6 98 7 98 8 98 10 98 0 24 5 3 89 6 3 89 7 3 89 9 3 89 5 5 89 6 5 89 7 5 89 9 5 89 5 7 89 6 7 89 7 7 89 9 7 89 5 8 89 6 8 89 7 8 89 9 8 89 5 9 89 6 9 89 7 9 89 9 9 89 5 10 89 6 10 89 7 10 89 9 10 89 
23 0 18 2 1 69 3 1 69 10 1 69 2 2 69 3 2 69 10 2 69 2 4 69 3 4 69 10 4 69 2 10 69 3 10 69 10 10 69 2 11 69 3 11 69 10 11 69 2 12 69 3 12 69 10 12 69 0 12 1 1 87 5 1 87 1 3 87 5 3 87 1 4 87 5 4 87 1 6 87 5 6 87 1 10 87 5 10 87 1 11 87 5 11 87 0 30 2 1 77 5 1 77 6 1 77 9 1 77 10 1 77 2 2 77 5 2 77 6 2 77 9 2 77 10 2 77 2 8 77 5 8 77 6 8 77 9 8 77 10 8 77 2 9 77 5 9 77 6 9 77 9 9 77 10 9 77 2 10 77 5 10 77 6 10 77 9 10 77 10 10 77 2 11 77 5 11 77 6 11 77 9 11 77 10 11 77 0 18 2 1 18 6 1 18 7 1 18 2 2 18 6 2 18 7 2 18 2 3 18 6 3 18 7 3 18 2 4 18 6 4 18 7 4 18 2 11 18 6 11 18 7 11 18 2 12 18 6 12 18 7 12 18 0 18 7 2 18 8 2 18 9 2 18 7 4 18 8 4 18 9 4 18 7 5 18 8 5 18 9 5 18 7 8 18 8 8 18 9 8 18 7 10 18 8 10 18 9 10 18 7 12 18 8 12 18 9 12 18 0 30 1 1 15 2 1 15 5 1 15 7 1 15 8 1 15 1 2 15 2 2 15 5 2 15 7 2 15 8 2 15 1 3 15 2 3 15 5 3 15 7 3 15 8 3 15 1 9 15 2 9 15 5 9 15 7 9 15 8 9 15 1 10 15 2 10 15 5 10 15 7 10 15 8 10 15 1 11 15 2 11 15 5 11 15 7 11 15 8 11 15 0 6 10 1 44 10 3 44 10 4 44 10 5 44 10 7 44 10 11 44 0 12 3 3 70 8 3 70 3 7 70 8 7 70 3 8 70 8 8 70 3 9 70 8 9 70 3 10 70 8 10 70 3 12 70 8 12 70 0 24 1 3 20 4 3 20 5 3 20 8 3 20 1 5 20 4 5 20 5 5 20 8 5 20 1 8 20 4 8 20 5 8 20 8 8 20 1 9 20 4 9 20 5 9 20 8 9 20 1 10 20 4 10 20 5 10 20 8 10 20 1 12 20 4 12 20 5 12 20 8 12 20 0 18 2 1 70 4 1 70 8 1 70 2 2 70 4 2 70 8 2 70 2 4 70 4 4 70 8 4 70 2 5 70 4 5 70 8 5 70 2 6 70 4 6 70 8 6 70 2 10 70 4 10 70 8 10 70 0 12 1 2 19 3 2 19 1 3 19 3 3 19 1 6 19 3 6 19 1 7 19 3 7 19 1 10 19 3 10 19 1 11 19 3 11 19 0 12 2 2 24 3 2 24 2 4 24 3 4 24 2 6 24 3 6 24 2 7 24 3 7 24 2 9 24 3 9 24 2 10 24 3 10 24 1 6 1 44 2 44 6 44 9 44 10 44 12 44 0 6 1 1 21 1 2 21 1 6 21 1 7 21 1 10 21 1 11 21 0 24 1 2 69 3 2 69 8 2 69 10 2 69 1 6 69 3 6 69 8 6 69 10 6 69 1 7 69 3 7 69 8 7 69 10 7 69 1 9 69 3 9 69 8 9 69 10 9 69 1 10 69 3 10 69 8 10 69 10 10 69 1 12 69 3 12 69 8 12 69 10 12 69 0 12 2 1 19 4 1 19 2 3 19 4 3 19 2 5 19 4 5 19 2 6 19 4 6 19 2 9 19 4 9 19 2 10 19 4 10 19 0 6 6 1 84 6 4 84 6 5 84 6 6 84 6 8 84 6 10 84 0 12 6 4 47 9 4 47 6 5 47 9 5 47 6 6 47 9 6 47 6 7 47 9 7 47 6 8 47 9 8 47 6 9 47 9 9 47 0 30 3 4 86 4 4 86 7 4 86 9 4 86 10 4 86 3 6 86 4 6 86 7 6 86 9 6 86 10 6 86 3 9 86 4 9 86 7 9 86 9 9 86 10 9 86 3 10 86 4 10 86 7 10 86 9 10 86 10 10 86 3 11 86 4 11 86 7 11 86 9 11 86 10 11 86 3 12 86 4 12 86 7 12 86 9 12 86 10 12 86 1 6 2 31 4 31 7 31 9 31 10 31 12 31 0 24 1 1 42 4 1 42 5 1 42 8 1 42 1 5 42 4 5 42 5 5 42 8 5 42 1 6 42 4 6 42 5 6 42 8 6 42 1 8 42 4 8 42 5 8 42 8 8 42 1 9 42 4 9 42 5 9 42 8 9 42 1 12 42 4 12 42 5 12 42 8 12 42 0 18 6 1 11 7 1 11 8 1 11 6 3 11 7 3 11 8 3 11 6 4 11 7 4 11 8 4 11 6 9 11 7 9 11 8 9 11 6 10 11 7 10 11 8 10 11 6 11 11 7 11 11 8 11 11 0 36 1 1 23 2 1 23 4 1 23 7 1 23 8 1 23 10 1 23 1 2 23 2 2 23 4 2 23 7 2 23 8 2 23 10 2 23 1 5 23 2 5 23 4 5 23 7 5 23 8 5 23 10 5 23 1 6 23 2 6 23 4 6 23 7 6 23 8 6 23 10 6 23 1 7 23 2 7 23 4 7 23 7 7 23 8 7 23 10 7 23 1 10 23 2 10 23 4 10 23 7 10 23 8 10 23 10 10 23 
16 0 24 2 1 48 3 1 48 7 1 48 10 1 48 2 4 48 3 4 48 7 4 48 10 4 48 2 5 48 3 5 48 7 5 48 10 5 48 2 7 48 3 7 48 7 7 48 10 7 48 2 8 48 3 8 48 7 8 48 10 8 48 2 9 48 3 9 48 7 9 48 10 9 48 0 6 4 2 15 4 6 15 4 9 15 4 10 15 4 11 15 4 12 15 0 12 2 2 97 7 2 97 2 5 97 7 5 97 2 6 97 7 6 97 2 7 97 7 7 97 2 9 97 7 9 97 2 12 97 7 12 97 0 18 2 1 23 3 1 23 10 1 23 2 2 23 3 2 23 10 2 23 2 6 23 3 6 23 10 6 23 2 7 23 3 7 23 10 7 23 2 8 23 3 8 23 10 8 23 2 12 23 3 12 23 10 12 23 0 18 1 1 29 9 1 29 10 1 29 1 2 29 9 2 29 10 2 29 1 3 29 9 3 29 10 3 29 1 4 29 9 4 29 10 4 29 1 7 29 9 7 29 10 7 29 1 8 29 9 8 29 10 8 29 0 36 1 1 96 3 1 96 6 1 96 7 1 96 8 1 96 10 1 96 1 3 96 3 3 96 6 3 96 7 3 96 8 3 96 10 3 96 1 5 96 3 5 96 6 5 96 7 5 96 8 5 96 10 5 96 1 6 96 3 6 96 6 6 96 7 6 96 8 6 96 10 6 96 1 9 96 3 9 96 6 9 96 7 9 96 8 9 96 10 9 96 1 10 96 3 10 96 6 10 96 7 10 96 8 10 96 10 10 96 0 30 2 1 66 4 1 66 5 1 66 7 1 66 9 1 66 2 2 66 4 2 66 5 2 66 7 2 66 9 2 66 2 4 66 4 4 66 5 4 66 7 4 66 9 4 66 2 5 66 4 5 66 5 5 66 7 5 66 9 5 66 2 10 66 4 10 66 5 10 66 7 10 66 9 10 66 2 12 66 4 12 66 5 12 66 7 12 66 9 12 66 1 6 1 41 2 41 6 41 7 41 10 41 12 41 0 18 1 4 43 5 4 43 7 4 43 1 5 43 5 5 43 7 5 43 1 7 43 5 7 43 7 7 43 1 10 43 5 10 43 7 10 43 1 11 43 5 11 43 7 11 43 1 12 43 5 12 43 7 12 43 0 12 3 3 58 5 3 58 3 4 58 5 4 58 3 6 58 5 6 58 3 7 58 5 7 58 3 9 58 5 9 58 3 12 58 5 12 58 0 6 5 2 93 5 4 93 5 5 93 5 7 93 5 9 93 5 12 93 0 18 3 1 78 4 1 78 10 1 78 3 8 78 4 8 78 10 8 78 3 9 78 4 9 78 10 9 78 3 10 78 4 10 78 10 10 78 3 11 78 4 11 78 10 11 78 3 12 78 4 12 78 10 12 78 0 30 2 1 74 3 1 74 6 1 74 7 1 74 10 1 74 2 4 74 3 4 74 6 4 74 7 4 74 10 4 74 2 8 74 3 8 74 6 8 74 7 8 74 10 8 74 2 9 74 3 9 74 6 9 74 7 9 74 10 9 74 2 10 74 3 10 74 6 10 74 7 10 74 10 10 74 2 11 74 3 11 74 6 11 74 7 11 74 10 11 74 0 12 4 1 57 10 1 57 4 3 57 10 3 57 4 7 57 10 7 57 4 8 57 10 8 57 4 9 57 10 9 57 4 11 57 10 11 57 0 12 3 3 68 9 3 68 3 4 68 9 4 68 3 5 68 9 5 68 3 9 68 9 9 68 3 10 68 9 10 68 3 11 68 9 11 68 1 6 2 85 5 85 6 85 7 85 9 85 11 85 
