20 10 12
15 0 42 1 1 66 4 1 66 6 1 66 7 1 66 8 1 66 9 1 66 10 1 66 1 5 66 4 5 66 6 5 66 7 5 66 8 5 66 9 5 66 10 5 66 1 8 66 4 8 66 6 8 66 7 8 66 8 8 66 9 8 66 10 8 66 1 10 66 4 10 66 6 10 66 7 10 66 8 10 66 9 10 66 10 10 66 1 11 66 4 11 66 6 11 66 7 11 66 8 11 66 9 11 66 10 11 66 1 12 66 4 12 66 6 12 66 7 12 66 8 12 66 9 12 66 10 12 66 0 24 2 1 29 6 1 29 9 1 29 10 1 29 2 5 29 6 5 29 9 5 29 10 5 29 2 7 29 6 7 29 9 7 29 10 7 29 2 8 29 6 8 29 9 8 29 10 8 29 2 9 29 6 9 29 9 9 29 10 9 29 2 10 29 6 10 29 9 10 29 10 10 29 0 48 1 3 11 2 3 11 3 3 11 4 3 11 5 3 11 8 3 11 9 3 11 10 3 11 1 4 11 2 4 11 3 4 11 4 4 11 5 4 11 8 4 11 9 4 11 10 4 11 1 5 11 2 5 11 3 5 11 4 5 11 5 5 11 8 5 11 9 5 11 10 5 11 1 9 11 2 9 11 3 9 11 4 9 11 5 9 11 8 9 11 9 9 11 10 9 11 1 10 11 2 10 11 3 10 11 4 10 11 5 10 11 8 10 11 9 10 11 10 10 11 1 12 11 2 12 11 3 12 11 4 12 11 5 12 11 8 12 11 9 12 11 10 12 11 0 24 1 1 62 2 1 62 4 1 62 8 1 62 1 5 62 2 5 62 4 5 62 8 5 62 1 8 62 2 8 62 4 8 62 8 8 62 1 9 62 2 9 62 4 9 62 8 9 62 1 10 62 2 10 62 4 10 62 8 10 62 1 11 62 2 11 62 4 11 62 8 11 62 1 6 2 94 4 94 6 94 8 94 9 94 12 94 0 30 1 2 41 3 2 41 6 2 41 9 2 41 10 2 41 1 4 41 3 4 41 6 4 41 9 4 41 10 4 41 1 5 41 3 5 41 6 5 41 9 5 41 10 5 41 1 8 41 3 8 41 6 8 41 9 8 41 10 8 41 1 10 41 3 10 41 6 10 41 9 10 41 10 10 41 1 11 41 3 11 41 6 11 41 9 11 41 10 11 41 0 48 1 1 90 2 1 90 3 1 90 5 1 90 6 1 90 7 1 90 9 1 90 10 1 90 1 5 90 2 5 90 3 5 90 5 5 90 6 5 90 7 5 90 9 5 90 10 5 90 1 7 90 2 7 90 3 7 90 5 7 90 6 7 90 7 7 90 9 7 90 10 7 90 1 10 90 2 10 90 3 10 90 5 10 90 6 10 90 7 10 90 9 10 90 10 10 90 1 11 90 2 11 90 3 11 90 5 11 90 6 11 90 7 11 90 9 11 90 10 11 90 1 12 90 2 12 90 3 12 90 5 12 90 6 12 90 7 12 90 9 12 90 10 12 90 0 36 1 1 63 3 1 63 6 1 63 7 1 63 8 1 63 10 1 63 1 2 63 3 2 63 6 2 63 7 2 63 8 2 63 10 2 63 1 4 63 3 4 63 6 4 63 7 4 63 8 4 63 10 4 63 1 5 63 3 5 63 6 5 63 7 5 63 8 5 63 10 5 63 1 8 63 3 8 63 6 8 63 7 8 63 8 8 63 10 8 63 1 9 63 3 9 63 6 9 63 7 9 63 8 9 63 10 9 63 0 24 1 1 45 5 1 45 6 1 45 10 1 45 1 4 45 5 4 45 6 4 45 10 4 45 1 5 45 5 5 45 6 5 45 10 5 45 1 7 45 5 7 45 6 7 45 10 7 45 1 10 45 5 10 45 6 10 45 10 10 45 1 11 45 5 11 45 6 11 45 10 11 45 0 24 6 1 91 8 1 91 9 1 91 10 1 91 6 3 91 8 3 91 9 3 91 10 3 91 6 4 91 8 4 91 9 4 91 10 4 91 6 5 91 8 5 91 9 5 91 10 5 91 6 7 91 8 7 91 9 7 91 10 7 91 6 11 91 8 11 91 9 11 91 10 11 91 0 24 1 2 73 6 2 73 7 2 73 9 2 73 1 5 73 6 5 73 7 5 73 9 5 73 1 7 73 6 7 73 7 7 73 9 7 73 1 8 73 6 8 73 7 8 73 9 8 73 1 10 73 6 10 73 7 10 73 9 10 73 1 12 73 6 12 73 7 12 73 9 12 73 0 30 1 1 31 4 1 31 6 1 31 8 1 31 10 1 31 1 3 31 4 3 31 6 3 31 8 3 31 10 3 31 1 5 31 4 5 31 6 5 31 8 5 31 10 5 31 1 6 31 4 6 31 6 6 31 8 6 31 10 6 31 1 10 31 4 10 31 6 10 31 8 10 31 10 10 31 1 12 31 4 12 31 6 12 31 8 12 31 10 12 31 0 48 1 4 97 3 4 97 4 4 97 6 4 97 7 4 97 8 4 97 9 4 97 10 4 97 1 6 97 3 6 97 4 6 97 6 6 97 7 6 97 8 6 97 9 6 97 10 6 97 1 7 97 3 7 97 4 7 97 6 7 97 7 7 97 8 7 97 9 7 97 10 7 97 1 9 97 3 9 97 4 9 97 6 9 97 7 9 97 8 9 97 9 9 97 10 9 97 1 11 97 3 11 97 4 11 97 6 11 97 7 11 97 8 11 97 9 11 97 10 11 97 1 12 97 3 12 97 4 12 97 6 12 97 7 12 97 8 12 97 9 12 97 10 12 97 0 30 1 1 11 3 1 11 5 1 11 8 1 11 9 1 11 1 2 11 3 2 11 5 2 11 8 2 11 9 2 11 1 4 11 3 4 11 5 4 11 8 4 11 9 4 11 1 6 11 3 6 11 5 6 11 8 6 11 9 6 11 1 7 11 3 7 11 5 7 11 8 7 11 9 7 11 1 12 11 3 12 11 5 12 11 8 12 11 9 12 11 0 30 1 2 20 5 2 20 6 2 20 7 2 20 8 2 20 1 4 20 5 4 20 6 4 20 7 4 20 8 4 20 1 6 20 5 6 20 6 6 20 7 6 20 8 6 20 1 7 20 5 7 20 6 7 20 7 7 20 8 7 20 1 10 20 5 10 20 6 10 20 7 10 20 8 10 20 1 11 20 5 11 20 6 11 20 7 11 20 8 11 20 
20 0 24 3 2 90 5 2 90 9 2 90 10 2 90 3 4 90 5 4 90 9 4 90 10 4 90 3 6 90 5 6 90 9 6 90 10 6 90 3 9 90 5 9 90 9 9 90 10 9 90 3 10 90 5 10 90 9 10 90 10 10 90 3 12 90 5 12 90 9 12 90 10 12 90 0 42 2 4 21 3 4 21 4 4 21 5 4 21 7 4 21 8 4 21 10 4 21 2 6 21 3 6 21 4 6 21 5 6 21 7 6 21 8 6 21 10 6 21 2 8 21 3 8 21 4 8 21 5 8 21 7 8 21 8 8 21 10 8 21 2 9 21 3 9 21 4 9 21 5 9 21 7 9 21 8 9 21 10 9 21 2 10 21 3 10 21 4 10 21 5 10 21 7 10 21 8 10 21 10 10 21 2 12 21 3 12 21 4 12 21 5 12 21 7 12 21 8 12 21 10 12 21 1 6 2 78 4 78 5 78 7 78 9 78 12 78 0 30 1 1 37 5 1 37 7 1 37 9 1 37 10 1 37 1 2 37 5 2 37 7 2 37 9 2 37 10 2 37 1 3 37 5 3 37 7 3 37 9 3 37 10 3 37 1 5 37 5 5 37 7 5 37 9 5 37 10 5 37 1 11 37 5 11 37 7 11 37 9 11 37 10 11 37 1 12 37 5 12 37 7 12 37 9 12 37 10 12 37 0 42 1 3 68 2 3 68 5 3 68 6 3 68 8 3 68 9 3 68 10 3 68 1 4 68 2 4 68 5 4 68 6 4 68 8 4 68 9 4 68 10 4 68 1 5 68 2 5 68 5 5 68 6 5 68 8 5 68 9 5 68 10 5 68 1 6 68 2 6 68 5 6 68 6 6 68 8 6 68 9 6 68 10 6 68 1 7 68 2 7 68 5 7 68 6 7 68 8 7 68 9 7 68 10 7 68 1 10 68 2 10 68 5 10 68 6 10 68 8 10 68 9 10 68 10 10 68 0 30 3 1 48 4 1 48 6 1 48 7 1 48 8 1 48 3 3 48 4 3 48 6 3 48 7 3 48 8 3 48 3 5 48 4 5 48 6 5 48 7 5 48 8 5 48 3 8 48 4 8 48 6 8 48 7 8 48 8 8 48 3 10 48 4 10 48 6 10 48 7 10 48 8 10 48 3 11 48 4 11 48 6 11 48 7 11 48 8 11 48 0 42 1 1 55 2 1 55 4 1 55 5 1 55 6 1 55 7 1 55 10 1 55 1 2 55 2 2 55 4 2 55 5 2 55 6 2 55 7 2 55 10 2 55 1 4 55 2 4 55 4 4 55 5 4 55 6 4 55 7 4 55 10 4 55 1 5 55 2 5 55 4 5 55 5 5 55 6 5 55 7 5 55 10 5 55 1 10 55 2 10 55 4 10 55 5 10 55 6 10 55 7 10 55 10 10 55 1 12 55 2 12 55 4 12 55 5 12 55 6 12 55 7 12 55 10 12 55 0 18 2 2 38 6 2 38 10 2 38 2 3 38 6 3 38 10 3 38 2 4 38 6 4 38 10 4 38 2 6 38 6 6 38 10 6 38 2 7 38 6 7 38 10 7 38 2 8 38 6 8 38 10 8 38 0 24 2 1 49 3 1 49 9 1 49 10 1 49 2 3 49 3 3 49 9 3 49 10 3 49 2 4 49 3 4 49 9 4 49 10 4 49 2 5 49 3 5 49 9 5 49 10 5 49 2 6 49 3 6 49 9 6 49 10 6 49 2 7 49 3 7 49 9 7 49 10 7 49 0 18 1 1 69 2 1 69 10 1 69 1 2 69 2 2 69 10 2 69 1 3 69 2 3 69 10 3 69 1 4 69 2 4 69 10 4 69 1 11 69 2 11 69 10 11 69 1 12 69 2 12 69 10 12 69 1 6 1 73 5 73 6 73 8 73 9 73 12 73 1 6 1 80 6 80 7 80 8 80 10 80 11 80 0 24 2 1 83 4 1 83 6 1 83 7 1 83 2 4 83 4 4 83 6 4 83 7 4 83 2 5 83 4 5 83 6 5 83 7 5 83 2 8 83 4 8 83 6 8 83 7 8 83 2 9 83 4 9 83 6 9 83 7 9 83 2 12 83 4 12 83 6 12 83 7 12 83 0 36 1 1 39 2 1 39 5 1 39 7 1 39 8 1 39 10 1 39 1 2 39 2 2 39 5 2 39 7 2 39 8 2 39 10 2 39 1 5 39 2 5 39 5 5 39 7 5 39 8 5 39 10 5 39 1 6 39 2 6 39 5 6 39 7 6 39 8 6 39 10 6 39 1 7 39 2 7 39 5 7 39 7 7 39 8 7 39 10 7 39 1 11 39 2 11 39 5 11 39 7 11 39 8 11 39 10 11 39 0 24 1 4 98 2 4 98 3 4 98 10 4 98 1 7 98 2 7 98 3 7 98 10 7 98 1 9 98 2 9 98 3 9 98 10 9 98 1 10 98 2 10 98 3 10 98 10 10 98 1 11 98 2 11 98 3 11 98 10 11 98 1 12 98 2 12 98 3 12 98 10 12 98 0 36 2 2 71 3 2 71 4 2 71 5 2 71 6 2 71 10 2 71 2 5 71 3 5 71 4 5 71 5 5 71 6 5 71 10 5 71 2 6 71 3 6 71 4 6 71 5 6 71 6 6 71 10 6 71 2 7 71 3 7 71 4 7 71 5 7 71 6 7 71 10 7 71 2 8 71 3 8 71 4 8 71 5 8 71 6 8 71 10 8 71 2 9 71 3 9 71 4 9 71 5 9 71 6 9 71 10 9 71 0 30 1 1 24 3 1 24 6 1 24 8 1 24 10 1 24 1 4 24 3 4 24 6 4 24 8 4 24 10 4 24 1 5 24 3 5 24 6 5 24 8 5 24 10 5 24 1 7 24 3 7 24 6 7 24 8 7 24 10 7 24 1 9 24 3 9 24 6 9 24 8 9 24 10 9 24 1 12 24 3 12 24 6 12 24 8 12 24 10 12 24 1 6 2 89 4 89 5 89 6 89 7 89 8 89 1 6 1 73 4 73 5 73 7 73 9 73 10 73 1 6 1 44 2 44 3 44 8 44 9 44 11 44 
23 0 42 3 3 61 5 3 61 6 3 61 7 3 61 8 3 61 9 3 61 10 3 61 3 5 61 5 5 61 6 5 61 7 5 61 8 5 61 9 5 61 10 5 61 3 6 61 5 6 61 6 6 61 7 6 61 8 6 61 9 6 61 10 6 61 3 9 61 5 9 61 6 9 61 7 9 61 8 9 61 9 9 61 10 9 61 3 11 61 5 11 61 6 11 61 7 11 61 8 11 61 9 11 61 10 11 61 3 12 61 5 12 61 6 12 61 7 12 61 8 12 61 9 12 61 10 12 61 0 30 1 1 53 2 1 53 5 1 53 8 1 53 10 1 53 1 2 53 2 2 53 5 2 53 8 2 53 10 2 53 1 3 53 2 3 53 5 3 53 8 3 53 10 3 53 1 4 53 2 4 53 5 4 53 8 4 53 10 4 53 1 5 53 2 5 53 5 5 53 8 5 53 10 5 53 1 12 53 2 12 53 5 12 53 8 12 53 10 12 53 0 30 1 1 35 2 1 35 5 1 35 7 1 35 10 1 35 1 3 35 2 3 35 5 3 35 7 3 35 10 3 35 1 5 35 2 5 35 5 5 35 7 5 35 10 5 35 1 6 35 2 6 35 5 6 35 7 6 35 10 6 35 1 7 35 2 7 35 5 7 35 7 7 35 10 7 35 1 11 35 2 11 35 5 11 35 7 11 35 10 11 35 0 36 3 1 95 4 1 95 5 1 95 7 1 95 9 1 95 10 1 95 3 5 95 4 5 95 5 5 95 7 5 95 9 5 95 10 5 95 3 6 95 4 6 95 5 6 95 7 6 95 9 6 95 10 6 95 3 9 95 4 9 95 5 9 95 7 9 95 9 9 95 10 9 95 3 11 95 4 11 95 5 11 95 7 11 95 9 11 95 10 11 95 3 12 95 4 12 95 5 12 95 7 12 95 9 12 95 10 12 95 0 36 1 5 33 2 5 33 3 5 33 5 5 33 6 5 33 7 5 33 1 6 33 2 6 33 3 6 33 5 6 33 6 6 33 7 6 33 1 8 33 2 8 33 3 8 33 5 8 33 6 8 33 7 8 33 1 9 33 2 9 33 3 9 33 5 9 33 6 9 33 7 9 33 1 10 33 2 10 33 3 10 33 5 10 33 6 10 33 7 10 33 1 12 33 2 12 33 3 12 33 5 12 33 6 12 33 7 12 33 1 6 1 59 3 59 4 59 5 59 7 59 11 59 0 24 4 1 68 5 1 68 6 1 68 8 1 68 4 4 68 5 4 68 6 4 68 8 4 68 4 6 68 5 6 68 6 6 68 8 6 68 4 8 68 5 8 68 6 8 68 8 8 68 4 9 68 5 9 68 6 9 68 8 9 68 4 11 68 5 11 68 6 11 68 8 11 68 0 24 2 1 61 7 1 61 9 1 61 10 1 61 2 5 61 7 5 61 9 5 61 10 5 61 2 6 61 7 6 61 9 6 61 10 6 61 2 8 61 7 8 61 9 8 61 10 8 61 2 10 61 7 10 61 9 10 61 10 10 61 2 12 61 7 12 61 9 12 61 10 12 61 0 30 3 4 56 5 4 56 7 4 56 8 4 56 9 4 56 3 5 56 5 5 56 7 5 56 8 5 56 9 5 56 3 6 56 5 6 56 7 6 56 8 6 56 9 6 56 3 7 56 5 7 56 7 7 56 8 7 56 9 7 56 3 9 56 5 9 56 7 9 56 8 9 56 9 9 56 3 10 56 5 10 56 7 10 56 8 10 56 9 10 56 0 42 1 1 28 3 1 28 4 1 28 5 1 28 7 1 28 8 1 28 10 1 28 1 2 28 3 2 28 4 2 28 5 2 28 7 2 28 8 2 28 10 2 28 1 3 28 3 3 28 4 3 28 5 3 28 7 3 28 8 3 28 10 3 28 1 7 28 3 7 28 4 7 28 5 7 28 7 7 28 8 7 28 10 7 28 1 8 28 3 8 28 4 8 28 5 8 28 7 8 28 8 8 28 10 8 28 1 11 28 3 11 28 4 11 28 5 11 28 7 11 28 8 11 28 10 11 28 0 18 3 2 18 4 2 18 10 2 18 3 5 18 4 5 18 10 5 18 3 8 18 4 8 18 10 8 18 3 10 18 4 10 18 10 10 18 3 11 18 4 11 18 10 11 18 3 12 18 4 12 18 10 12 18 0 24 2 1 35 3 1 35 9 1 35 10 1 35 2 2 35 3 2 35 9 2 35 10 2 35 2 7 35 3 7 35 9 7 35 10 7 35 2 8 35 3 8 35 9 8 35 10 8 35 2 10 35 3 10 35 9 10 35 10 10 35 2 12 35 3 12 35 9 12 35 10 12 35 1 6 1 73 2 73 5 73 7 73 8 73 11 73 0 18 3 1 78 8 1 78 10 1 78 3 4 78 8 4 78 10 4 78 3 5 78 8 5 78 10 5 78 3 6 78 8 6 78 10 6 78 3 9 78 8 9 78 10 9 78 3 11 78 8 11 78 10 11 78 0 24 1 2 70 3 2 70 9 2 70 10 2 70 1 6 70 3 6 70 9 6 70 10 6 70 1 8 70 3 8 70 9 8 70 10 8 70 1 9 70 3 9 70 9 9 70 10 9 70 1 11 70 3 11 70 9 11 70 10 11 70 1 12 70 3 12 70 9 12 70 10 12 70 0 30 2 2 65 3 2 65 5 2 65 7 2 65 10 2 65 2 3 65 3 3 65 5 3 65 7 3 65 10 3 65 2 4 65 3 4 65 5 4 65 7 4 65 10 4 65 2 5 65 3 5 65 5 5 65 7 5 65 10 5 65 2 7 65 3 7 65 5 7 65 7 7 65 10 7 65 2 9 65 3 9 65 5 9 65 7 9 65 10 9 65 0 42 1 2 44 3 2 44 5 2 44 6 2 44 7 2 44 9 2 44 10 2 44 1 5 44 3 5 44 5 5 44 6 5 44 7 5 44 9 5 44 10 5 44 1 6 44 3 6 44 5 6 44 6 6 44 7 6 44 9 6 44 10 6 44 1 7 44 3 7 44 5 7 44 6 7 44 7 7 44 9 7 44 10 7 44 1 9 44 3 9 44 5 9 44 6 9 44 7 9 44 9 9 44 10 9 44 1 12 44 3 12 44 5 12 44 6 12 44 7 12 44 9 12 44 10 12 44 0 36 1 3 56 4 3 56 5 3 56 6 3 56 7 3 56 9 3 56 1 4 56 4 4 56 5 4 56 6 4 56 7 4 56 9 4 56 1 5 56 4 5 56 5 5 56 6 5 56 7 5 56 9 5 56 1 8 56 4 8 56 5 8 56 6 8 56 7 8 56 9 8 56 1 9 56 4 9 56 5 9 56 6 9 56 7 9 56 9 9 56 1 12 56 4 12 56 5 12 56 6 12 56 7 12 56 9 12 56 0 30 1 1 60 2 1 60 4 1 60 7 1 60 10 1 60 1 2 60 2 2 60 4 2 60 7 2 60 10 2 60 1 3 60 2 3 60 4 3 60 7 3 60 10 3 60 1 4 60 2 4 60 4 4 60 7 4 60 10 4 60 1 8 60 2 8 60 4 8 60 7 8 60 10 8 60 1 10 60 2 10 60 4 10 60 7 10 60 10 10 60 0 36 1 4 69 2 4 69 4 4 69 5 4 69 6 4 69 9 4 69 1 6 69 2 6 69 4 6 69 5 6 69 6 6 69 9 6 69 1 8 69 2 8 69 4 8 69 5 8 69 6 8 69 9 8 69 1 9 69 2 9 69 4 9 69 5 9 69 6 9 69 9 9 69 1 11 69 2 11 69 4 11 69 5 11 69 6 11 69 9 11 69 1 12 69 2 12 69 4 12 69 5 12 69 6 12 69 9 12 69 0 18 3 5 94 6 5 94 8 5 94 3 6 94 6 6 94 8 6 94 3 8 94 6 8 94 8 8 94 3 9 94 6 9 94 8 9 94 3 10 94 6 10 94 8 10 94 3 12 94 6 12 94 8 12 94 1 6 3 28 4 28 7 28 8 28 9 28 11 28 0 12 2 3 63 10 3 63 2 4 63 10 4 63 2 5 63 10 5 63 2 7 63 10 7 63 2 11 63 10 11 63 2 12 63 10 12 63 
18 1 6 3 17 4 17 7 17 8 17 9 17 11 17 0 24 2 1 61 6 1 61 7 1 61 10 1 61 2 2 61 6 2 61 7 2 61 10 2 61 2 4 61 6 4 61 7 4 61 10 4 61 2 6 61 6 6 61 7 6 61 10 6 61 2 10 61 6 10 61 7 10 61 10 10 61 2 11 61 6 11 61 7 11 61 10 11 61 0 30 2 3 34 4 3 34 7 3 34 9 3 34 10 3 34 2 4 34 4 4 34 7 4 34 9 4 34 10 4 34 2 5 34 4 5 34 7 5 34 9 5 34 10 5 34 2 6 34 4 6 34 7 6 34 9 6 34 10 6 34 2 9 34 4 9 34 7 9 34 9 9 34 10 9 34 2 10 34 4 10 34 7 10 34 9 10 34 10 10 34 0 24 1 2 96 2 2 96 5 2 96 7 2 96 1 6 96 2 6 96 5 6 96 7 6 96 1 8 96 2 8 96 5 8 96 7 8 96 1 9 96 2 9 96 5 9 96 7 9 96 1 10 96 2 10 96 5 10 96 7 10 96 1 11 96 2 11 96 5 11 96 7 11 96 0 42 1 3 31 2 3 31 3 3 31 4 3 31 6 3 31 8 3 31 10 3 31 1 5 31 2 5 31 3 5 31 4 5 31 6 5 31 8 5 31 10 5 31 1 6 31 2 6 31 3 6 31 4 6 31 6 6 31 8 6 31 10 6 31 1 8 31 2 8 31 3 8 31 4 8 31 6 8 31 8 8 31 10 8 31 1 10 31 2 10 31 3 10 31 4 10 31 6 10 31 8 10 31 10 10 31 1 11 31 2 11 31 3 11 31 4 11 31 6 11 31 8 11 31 10 11 31 0 18 1 1 82 3 1 82 9 1 82 1 4 82 3 4 82 9 4 82 1 7 82 3 7 82 9 7 82 1 8 82 3 8 82 9 8 82 1 9 82 3 9 82 9 9 82 1 11 82 3 11 82 9 11 82 0 36 2 2 40 4 2 40 5 2 40 7 2 40 9 2 40 10 2 40 2 4 40 4 4 40 5 4 40 7 4 40 9 4 40 10 4 40 2 7 40 4 7 40 5 7 40 7 7 40 9 7 40 10 7 40 2 8 40 4 8 40 5 8 40 7 8 40 9 8 40 10 8 40 2 9 40 4 9 40 5 9 40 7 9 40 9 9 40 10 9 40 2 11 40 4 11 40 5 11 40 7 11 40 9 11 40 10 11 40 0 30 1 1 63 5 1 63 6 1 63 7 1 63 8 1 63 1 2 63 5 2 63 6 2 63 7 2 63 8 2 63 1 3 63 5 3 63 6 3 63 7 3 63 8 3 63 1 4 63 5 4 63 6 4 63 7 4 63 8 4 63 1 5 63 5 5 63 6 5 63 7 5 63 8 5 63 1 8 63 5 8 63 6 8 63 7 8 63 8 8 63 0 36 1 3 95 3 3 95 4 3 95 5 3 95 7 3 95 8 3 95 1 4 95 3 4 95 4 4 95 5 4 95 7 4 95 8 4 95 1 5 95 3 5 95 4 5 95 5 5 95 7 5 95 8 5 95 1 7 95 3 7 95 4 7 95 5 7 95 7 7 95 8 7 95 1 8 95 3 8 95 4 8 95 5 8 95 7 8 95 8 8 95 1 12 95 3 12 95 4 12 95 5 12 95 7 12 95 8 12 95 0 36 1 1 68 2 1 68 4 1 68 6 1 68 8 1 68 9 1 68 1 2 68 2 2 68 4 2 68 6 2 68 8 2 68 9 2 68 1 5 68 2 5 68 4 5 68 6 5 68 8 5 68 9 5 68 1 7 68 2 7 68 4 7 68 6 7 68 8 7 68 9 7 68 1 9 68 2 9 68 4 9 68 6 9 68 8 9 68 9 9 68 1 11 68 2 11 68 4 11 68 6 11 68 8 11 68 9 11 68 0 24 1 4 91 5 4 91 7 4 91 9 4 91 1 5 91 5 5 91 7 5 91 9 5 91 1 7 91 5 7 91 7 7 91 9 7 91 1 9 91 5 9 91 7 9 91 9 9 91 1 10 91 5 10 91 7 10 91 9 10 91 1 11 91 5 11 91 7 11 91 9 11 91 0 48 1 1 43 2 1 43 3 1 43 4 1 43 5 1 43 6 1 43 8 1 43 10 1 43 1 2 43 2 2 43 3 2 43 4 2 43 5 2 43 6 2 43 8 2 43 10 2 43 1 4 43 2 4 43 3 4 43 4 4 43 5 4 43 6 4 43 8 4 43 10 4 43 1 6 43 2 6 43 3 6 43 4 6 43 5 6 43 6 6 43 8 6 43 10 6 43 1 7 43 2 7 43 3 7 43 4 7 43 5 7 43 6 7 43 8 7 43 10 7 43 1 9 43 2 9 43 3 9 43 4 9 43 5 9 43 6 9 43 8 9 43 10 9 43 0 24 4 3 32 5 3 32 8 3 32 10 3 32 4 4 32 5 4 32 8 4 32 10 4 32 4 5 32 5 5 32 8 5 32 10 5 32 4 8 32 5 8 32 8 8 32 10 8 32 4 10 32 5 10 32 8 10 32 10 10 32 4 11 32 5 11 32 8 11 32 10 11 32 0 18 3 1 54 5 1 54 7 1 54 3 2 54 5 2 54 7 2 54 3 3 54 5 3 54 7 3 54 3 4 54 5 4 54 7 4 54 3 5 54 5 5 54 7 5 54 3 12 54 5 12 54 7 12 54 0 24 1 1 92 2 1 92 9 1 92 10 1 92 1 4 92 2 4 92 9 4 92 10 4 92 1 5 92 2 5 92 9 5 92 10 5 92 1 6 92 2 6 92 9 6 92 10 6 92 1 8 92 2 8 92 9 8 92 10 8 92 1 10 92 2 10 92 9 10 92 10 10 92 0 48 1 1 40 4 1 40 5 1 40 6 1 40 7 1 40 8 1 40 9 1 40 10 1 40 1 2 40 4 2 40 5 2 40 6 2 40 7 2 40 8 2 40 9 2 40 10 2 40 1 3 40 4 3 40 5 3 40 6 3 40 7 3 40 8 3 40 9 3 40 10 3 40 1 7 40 4 7 40 5 7 40 6 7 40 7 7 40 8 7 40 9 7 40 10 7 40 1 8 40 4 8 40 5 8 40 6 8 40 7 8 40 8 8 40 9 8 40 10 8 40 1 9 40 4 9 40 5 9 40 6 9 40 7 9 40 8 9 40 9 9 40 10 9 40 0 24 2 2 84 4 2 84 6 2 84 10 2 84 2 3 84 4 3 84 6 3 84 10 3 84 2 5 84 4 5 84 6 5 84 10 5 84 2 8 84 4 8 84 6 8 84 10 8 84 2 9 84 4 9 84 6 9 84 10 9 84 2 11 84 4 11 84 6 11 84 10 11 84 0 30 2 3 38 3 3 38 5 3 38 9 3 38 10 3 38 2 4 38 3 4 38 5 4 38 9 4 38 10 4 38 2 5 38 3 5 38 5 5 38 9 5 38 10 5 38 2 7 38 3 7 38 5 7 38 9 7 38 10 7 38 2 9 38 3 9 38 5 9 38 9 9 38 10 9 38 2 10 38 3 10 38 5 10 38 9 10 38 10 10 38 
21 0 30 2 1 94 3 1 94 5 1 94 7 1 94 9 1 94 2 4 94 3 4 94 5 4 94 7 4 94 9 4 94 2 6 94 3 6 94 5 6 94 7 6 94 9 6 94 2 7 94 3 7 94 5 7 94 7 7 94 9 7 94 2 8 94 3 8 94 5 8 94 7 8 94 9 8 94 2 12 94 3 12 94 5 12 94 7 12 94 9 12 94 1 6 3 63 4 63 6 63 7 63 10 63 11 63 1 6 1 99 4 99 5 99 6 99 7 99 9 99 0 36 3 2 45 4 2 45 6 2 45 7 2 45 8 2 45 9 2 45 3 4 45 4 4 45 6 4 45 7 4 45 8 4 45 9 4 45 3 8 45 4 8 45 6 8 45 7 8 45 8 8 45 9 8 45 3 9 45 4 9 45 6 9 45 7 9 45 8 9 45 9 9 45 3 10 45 4 10 45 6 10 45 7 10 45 8 10 45 9 10 45 3 11 45 4 11 45 6 11 45 7 11 45 8 11 45 9 11 45 0 36 1 1 28 2 1 28 3 1 28 7 1 28 8 1 28 10 1 28 1 2 28 2 2 28 3 2 28 7 2 28 8 2 28 10 2 28 1 4 28 2 4 28 3 4 28 7 4 28 8 4 28 10 4 28 1 9 28 2 9 28 3 9 28 7 9 28 8 9 28 10 9 28 1 10 28 2 10 28 3 10 28 7 10 28 8 10 28 10 10 28 1 12 28 2 12 28 3 12 28 7 12 28 8 12 28 10 12 28 0 36 3 4 59 5 4 59 7 4 59 8 4 59 9 4 59 10 4 59 3 6 59 5 6 59 7 6 59 8 6 59 9 6 59 10 6 59 3 7 59 5 7 59 7 7 59 8 7 59 9 7 59 10 7 59 3 8 59 5 8 59 7 8 59 8 8 59 9 8 59 10 8 59 3 9 59 5 9 59 7 9 59 8 9 59 9 9 59 10 9 59 3 10 59 5 10 59 7 10 59 8 10 59 9 10 59 10 10 59 0 30 5 1 97 7 1 97 8 1 97 9 1 97 10 1 97 5 4 97 7 4 97 8 4 97 9 4 97 10 4 97 5 5 97 7 5 97 8 5 97 9 5 97 10 5 97 5 10 97 7 10 97 8 10 97 9 10 97 10 10 97 5 11 97 7 11 97 8 11 97 9 11 97 10 11 97 5 12 97 7 12 97 8 12 97 9 12 97 10 12 97 0 42 1 2 69 3 2 69 6 2 69 7 2 69 8 2 69 9 2 69 10 2 69 1 3 69 3 3 69 6 3 69 7 3 69 8 3 69 9 3 69 10 3 69 1 4 69 3 4 69 6 4 69 7 4 69 8 4 69 9 4 69 10 4 69 1 5 69 3 5 69 6 5 69 7 5 69 8 5 69 9 5 69 10 5 69 1 6 69 3 6 69 6 6 69 7 6 69 8 6 69 9 6 69 10 6 69 1 12 69 3 12 69 6 12 69 7 12 69 8 12 69 9 12 69 10 12 69 0 36 2 3 61 4 3 61 5 3 61 8 3 61 9 3 61 10 3 61 2 4 61 4 4 61 5 4 61 8 4 61 9 4 61 10 4 61 2 6 61 4 6 61 5 6 61 8 6 61 9 6 61 10 6 61 2 7 61 4 7 61 5 7 61 8 7 61 9 7 61 10 7 61 2 10 61 4 10 61 5 10 61 8 10 61 9 10 61 10 10 61 2 12 61 4 12 61 5 12 61 8 12 61 9 12 61 10 12 61 1 6 2 98 3 98 5 98 9 98 10 98 11 98 0 30 2 3 42 3 3 42 4 3 42 7 3 42 9 3 42 2 4 42 3 4 42 4 4 42 7 4 42 9 4 42 2 8 42 3 8 42 4 8 42 7 8 42 9 8 42 2 10 42 3 10 42 4 10 42 7 10 42 9 10 42 2 11 42 3 11 42 4 11 42 7 11 42 9 11 42 2 12 42 3 12 42 4 12 42 7 12 42 9 12 42 0 36 1 3 100 2 3 100 4 3 100 5 3 100 7 3 100 8 3 100 1 4 100 2 4 100 4 4 100 5 4 100 7 4 100 8 4 100 1 7 100 2 7 100 4 7 100 5 7 100 7 7 100 8 7 100 1 8 100 2 8 100 4 8 100 5 8 100 7 8 100 8 8 100 1 10 100 2 10 100 4 10 100 5 10 100 7 10 100 8 10 100 1 12 100 2 12 100 4 12 100 5 12 100 7 12 100 8 12 100 0 30 2 2 68 7 2 68 8 2 68 9 2 68 10 2 68 2 3 68 7 3 68 8 3 68 9 3 68 10 3 68 2 5 68 7 5 68 8 5 68 9 5 68 10 5 68 2 6 68 7 6 68 8 6 68 9 6 68 10 6 68 2 7 68 7 7 68 8 7 68 9 7 68 10 7 68 2 12 68 7 12 68 8 12 68 9 12 68 10 12 68 0 12 3 4 83 8 4 83 3 5 83 8 5 83 3 6 83 8 6 83 3 8 83 8 8 83 3 9 83 8 9 83 3 12 83 8 12 83 0 36 1 3 69 2 3 69 3 3 69 6 3 69 8 3 69 10 3 69 1 4 69 2 4 69 3 4 69 6 4 69 8 4 69 10 4 69 1 7 69 2 7 69 3 7 69 6 7 69 8 7 69 10 7 69 1 8 69 2 8 69 3 8 69 6 8 69 8 8 69 10 8 69 1 9 69 2 9 69 3 9 69 6 9 69 8 9 69 10 9 69 1 12 69 2 12 69 3 12 69 6 12 69 8 12 69 10 12 69 0 24 4 1 17 5 1 17 9 1 17 10 1 17 4 3 17 5 3 17 9 3 17 10 3 17 4 6 17 5 6 17 9 6 17 10 6 17 4 7 17 5 7 17 9 7 17 10 7 17 4 9 17 5 9 17 9 9 17 10 9 17 4 10 17 5 10 17 9 10 17 10 10 17 0 24 1 3 26 3 3 26 8 3 26 9 3 26 1 4 26 3 4 26 8 4 26 9 4 26 1 5 26 3 5 26 8 5 26 9 5 26 1 6 26 3 6 26 8 6 26 9 6 26 1 7 26 3 7 26 8 7 26 9 7 26 1 9 26 3 9 26 8 9 26 9 9 26 0 6 8 3 29 8 7 29 8 9 29 8 10 29 8 11 29 8 12 29 0 42 2 1 20 3 1 20 4 1 20 6 1 20 7 1 20 8 1 20 9 1 20 2 2 20 3 2 20 4 2 20 6 2 20 7 2 20 8 2 20 9 2 20 2 5 20 3 5 20 4 5 20 6 5 20 7 5 20 8 5 20 9 5 20 2 6 20 3 6 20 4 6 20 6 6 20 7 6 20 8 6 20 9 6 20 2 8 20 3 8 20 4 8 20 6 8 20 7 8 20 8 8 20 9 8 20 2 12 20 3 12 20 4 12 20 6 12 20 7 12 20 8 12 20 9 12 20 0 36 2 1 100 3 1 100 4 1 100 7 1 100 8 1 100 10 1 100 2 3 100 3 3 100 4 3 100 7 3 100 8 3 100 10 3 100 2 4 100 3 4 100 4 4 100 7 4 100 8 4 100 10 4 100 2 10 100 3 10 100 4 10 100 7 10 100 8 10 100 10 10 100 2 11 100 3 11 100 4 11 100 7 11 100 8 11 100 10 11 100 2 12 100 3 12 100 4 12 100 7 12 100 8 12 100 10 12 100 0 18 2 1 87 4 1 87 7 1 87 2 2 87 4 2 87 7 2 87 2 4 87 4 4 87 7 4 87 2 5 87 4 5 87 7 5 87 2 6 87 4 6 87 7 6 87 2 11 87 4 11 87 7 11 87 
15 1 6 3 67 6 67 8 67 9 67 11 67 12 67 0 42 2 1 16 3 1 16 4 1 16 5 1 16 8 1 16 9 1 16 10 1 16 2 3 16 3 3 16 4 3 16 5 3 16 8 3 16 9 3 16 10 3 16 2 5 16 3 5 16 4 5 16 5 5 16 8 5 16 9 5 16 10 5 16 2 6 16 3 6 16 4 6 16 5 6 16 8 6 16 9 6 16 10 6 16 2 8 16 3 8 16 4 8 16 5 8 16 8 8 16 9 8 16 10 8 16 2 11 16 3 11 16 4 11 16 5 11 16 8 11 16 9 11 16 10 11 16 0 18 3 2 86 4 2 86 6 2 86 3 3 86 4 3 86 6 3 86 3 4 86 4 4 86 6 4 86 3 5 86 4 5 86 6 5 86 3 7 86 4 7 86 6 7 86 3 11 86 4 11 86 6 11 86 0 30 2 4 36 3 4 36 5 4 36 7 4 36 10 4 36 2 6 36 3 6 36 5 6 36 7 6 36 10 6 36 2 7 36 3 7 36 5 7 36 7 7 36 10 7 36 2 8 36 3 8 36 5 8 36 7 8 36 10 8 36 2 9 36 3 9 36 5 9 36 7 9 36 10 9 36 2 11 36 3 11 36 5 11 36 7 11 36 10 11 36 0 18 2 1 73 6 1 73 9 1 73 2 3 73 6 3 73 9 3 73 2 4 73 6 4 73 9 4 73 2 5 73 6 5 73 9 5 73 2 7 73 6 7 73 9 7 73 2 12 73 6 12 73 9 12 73 0 36 2 3 41 3 3 41 4 3 41 5 3 41 8 3 41 10 3 41 2 4 41 3 4 41 4 4 41 5 4 41 8 4 41 10 4 41 2 5 41 3 5 41 4 5 41 5 5 41 8 5 41 10 5 41 2 6 41 3 6 41 4 6 41 5 6 41 8 6 41 10 6 41 2 9 41 3 9 41 4 9 41 5 9 41 8 9 41 10 9 41 2 10 41 3 10 41 4 10 41 5 10 41 8 10 41 10 10 41 1 6 1 100 2 100 3 100 4 100 8 100 9 100 1 6 3 23 4 23 6 23 10 23 11 23 12 23 0 24 4 1 33 5 1 33 6 1 33 9 1 33 4 2 33 5 2 33 6 2 33 9 2 33 4 7 33 5 7 33 6 7 33 9 7 33 4 9 33 5 9 33 6 9 33 9 9 33 4 10 33 5 10 33 6 10 33 9 10 33 4 12 33 5 12 33 6 12 33 9 12 33 0 24 1 4 92 3 4 92 6 4 92 9 4 92 1 5 92 3 5 92 6 5 92 9 5 92 1 6 92 3 6 92 6 6 92 9 6 92 1 9 92 3 9 92 6 9 92 9 9 92 1 10 92 3 10 92 6 10 92 9 10 92 1 11 92 3 11 92 6 11 92 9 11 92 0 42 1 1 74 4 1 74 6 1 74 7 1 74 8 1 74 9 1 74 10 1 74 1 4 74 4 4 74 6 4 74 7 4 74 8 4 74 9 4 74 10 4 74 1 5 74 4 5 74 6 5 74 7 5 74 8 5 74 9 5 74 10 5 74 1 8 74 4 8 74 6 8 74 7 8 74 8 8 74 9 8 74 10 8 74 1 9 74 4 9 74 6 9 74 7 9 74 8 9 74 9 9 74 10 9 74 1 11 74 4 11 74 6 11 74 7 11 74 8 11 74 9 11 74 10 11 74 0 30 1 1 90 2 1 90 5 1 90 7 1 90 8 1 90 1 2 90 2 2 90 5 2 90 7 2 90 8 2 90 1 5 90 2 5 90 5 5 90 7 5 90 8 5 90 1 8 90 2 8 90 5 8 90 7 8 90 8 8 90 1 9 90 2 9 90 5 9 90 7 9 90 8 9 90 1 10 90 2 10 90 5 10 90 7 10 90 8 10 90 1 6 4 49 6 49 7 49 9 49 10 49 11 49 0 18 5 1 34 6 1 34 8 1 34 5 4 34 6 4 34 8 4 34 5 5 34 6 5 34 8 5 34 5 8 34 6 8 34 8 8 34 5 9 34 6 9 34 8 9 34 5 12 34 6 12 34 8 12 34 0 30 2 1 47 3 1 47 5 1 47 8 1 47 9 1 47 2 3 47 3 3 47 5 3 47 8 3 47 9 3 47 2 4 47 3 4 47 5 4 47 8 4 47 9 4 47 2 5 47 3 5 47 5 5 47 8 5 47 9 5 47 2 8 47 3 8 47 5 8 47 8 8 47 9 8 47 2 9 47 3 9 47 5 9 47 8 9 47 9 9 47 
17 0 18 2 2 62 4 2 62 9 2 62 2 3 62 4 3 62 9 3 62 2 6 62 4 6 62 9 6 62 2 8 62 4 8 62 9 8 62 2 11 62 4 11 62 9 11 62 2 12 62 4 12 62 9 12 62 1 6 1 59 2 59 3 59 5 59 10 59 11 59 0 48 2 2 98 3 2 98 4 2 98 6 2 98 7 2 98 8 2 98 9 2 98 10 2 98 2 6 98 3 6 98 4 6 98 6 6 98 7 6 98 8 6 98 9 6 98 10 6 98 2 7 98 3 7 98 4 7 98 6 7 98 7 7 98 8 7 98 9 7 98 10 7 98 2 8 98 3 8 98 4 8 98 6 8 98 7 8 98 8 8 98 9 8 98 10 8 98 2 9 98 3 9 98 4 9 98 6 9 98 7 9 98 8 9 98 9 9 98 10 9 98 2 11 98 3 11 98 4 11 98 6 11 98 7 11 98 8 11 98 9 11 98 10 11 98 0 36 2 3 73 6 3 73 7 3 73 8 3 73 9 3 73 10 3 73 2 4 73 6 4 73 7 4 73 8 4 73 9 4 73 10 4 73 2 5 73 6 5 73 7 5 73 8 5 73 9 5 73 10 5 73 2 6 73 6 6 73 7 6 73 8 6 73 9 6 73 10 6 73 2 10 73 6 10 73 7 10 73 8 10 73 9 10 73 10 10 73 2 11 73 6 11 73 7 11 73 8 11 73 9 11 73 10 11 73 0 12 7 2 79 10 2 79 7 3 79 10 3 79 7 6 79 10 6 79 7 8 79 10 8 79 7 10 79 10 10 79 7 12 79 10 12 79 0 24 6 4 10 7 4 10 8 4 10 10 4 10 6 5 10 7 5 10 8 5 10 10 5 10 6 6 10 7 6 10 8 6 10 10 6 10 6 7 10 7 7 10 8 7 10 10 7 10 6 8 10 7 8 10 8 8 10 10 8 10 6 11 10 7 11 10 8 11 10 10 11 10 0 36 2 1 32 4 1 32 5 1 32 8 1 32 9 1 32 10 1 32 2 2 32 4 2 32 5 2 32 8 2 32 9 2 32 10 2 32 2 4 32 4 4 32 5 4 32 8 4 32 9 4 32 10 4 32 2 6 32 4 6 32 5 6 32 8 6 32 9 6 32 10 6 32 2 11 32 4 11 32 5 11 32 8 11 32 9 11 32 10 11 32 2 12 32 4 12 32 5 12 32 8 12 32 9 12 32 10 12 32 0 48 1 3 55 2 3 55 3 3 55 4 3 55 5 3 55 6 3 55 8 3 55 10 3 55 1 5 55 2 5 55 3 5 55 4 5 55 5 5 55 6 5 55 8 5 55 10 5 55 1 6 55 2 6 55 3 6 55 4 6 55 5 6 55 6 6 55 8 6 55 10 6 55 1 8 55 2 8 55 3 8 55 4 8 55 5 8 55 6 8 55 8 8 55 10 8 55 1 10 55 2 10 55 3 10 55 4 10 55 5 10 55 6 10 55 8 10 55 10 10 55 1 11 55 2 11 55 3 11 55 4 11 55 5 11 55 6 11 55 8 11 55 10 11 55 0 18 5 1 53 6 1 53 10 1 53 5 2 53 6 2 53 10 2 53 5 5 53 6 5 53 10 5 53 5 10 53 6 10 53 10 10 53 5 11 53 6 11 53 10 11 53 5 12 53 6 12 53 10 12 53 0 12 7 2 19 9 2 19 7 3 19 9 3 19 7 6 19 9 6 19 7 7 19 9 7 19 7 10 19 9 10 19 7 12 19 9 12 19 0 12 3 2 55 4 2 55 3 5 55 4 5 55 3 6 55 4 6 55 3 7 55 4 7 55 3 10 55 4 10 55 3 11 55 4 11 55 0 36 1 3 88 3 3 88 4 3 88 5 3 88 7 3 88 8 3 88 1 4 88 3 4 88 4 4 88 5 4 88 7 4 88 8 4 88 1 7 88 3 7 88 4 7 88 5 7 88 7 7 88 8 7 88 1 8 88 3 8 88 4 8 88 5 8 88 7 8 88 8 8 88 1 9 88 3 9 88 4 9 88 5 9 88 7 9 88 8 9 88 1 12 88 3 12 88 4 12 88 5 12 88 7 12 88 8 12 88 0 18 1 1 46 3 1 46 8 1 46 1 3 46 3 3 46 8 3 46 1 5 46 3 5 46 8 5 46 1 6 46 3 6 46 8 6 46 1 9 46 3 9 46 8 9 46 1 10 46 3 10 46 8 10 46 0 36 1 1 73 3 1 73 7 1 73 8 1 73 9 1 73 10 1 73 1 2 73 3 2 73 7 2 73 8 2 73 9 2 73 10 2 73 1 4 73 3 4 73 7 4 73 8 4 73 9 4 73 10 4 73 1 5 73 3 5 73 7 5 73 8 5 73 9 5 73 10 5 73 1 6 73 3 6 73 7 6 73 8 6 73 9 6 73 10 6 73 1 11 73 3 11 73 7 11 73 8 11 73 9 11 73 10 11 73 0 42 2 1 30 3 1 30 4 1 30 5 1 30 6 1 30 8 1 30 9 1 30 2 2 30 3 2 30 4 2 30 5 2 30 6 2 30 8 2 30 9 2 30 2 5 30 3 5 30 4 5 30 5 5 30 6 5 30 8 5 30 9 5 30 2 7 30 3 7 30 4 7 30 5 7 30 6 7 30 8 7 30 9 7 30 2 8 30 3 8 30 4 8 30 5 8 30 6 8 30 8 8 30 9 8 30 2 12 30 3 12 30 4 12 30 5 12 30 6 12 30 8 12 30 9 12 30 1 6 1 48 4 48 6 48 10 48 11 48 12 48 0 42 2 1 50 3 1 50 5 1 50 6 1 50 7 1 50 8 1 50 9 1 50 2 2 50 3 2 50 5 2 50 6 2 50 7 2 50 8 2 50 9 2 50 2 4 50 3 4 50 5 4 50 6 4 50 7 4 50 8 4 50 9 4 50 2 5 50 3 5 50 5 5 50 6 5 50 7 5 50 8 5 50 9 5 50 2 7 50 3 7 50 5 7 50 6 7 50 7 7 50 8 7 50 9 7 50 2 9 50 3 9 50 5 9 50 6 9 50 7 9 50 8 9 50 9 9 50 
25 0 18 4 3 37 5 3 37 6 3 37 4 5 37 5 5 37 6 5 37 4 7 37 5 7 37 6 7 37 4 10 37 5 10 37 6 10 37 4 11 37 5 11 37 6 11 37 4 12 37 5 12 37 6 12 37 0 36 1 5 75 3 5 75 7 5 75 8 5 75 9 5 75 10 5 75 1 6 75 3 6 75 7 6 75 8 6 75 9 6 75 10 6 75 1 8 75 3 8 75 7 8 75 8 8 75 9 8 75 10 8 75 1 9 75 3 9 75 7 9 75 8 9 75 9 9 75 10 9 75 1 10 75 3 10 75 7 10 75 8 10 75 9 10 75 10 10 75 1 12 75 3 12 75 7 12 75 8 12 75 9 12 75 10 12 75 0 42 2 1 36 3 1 36 4 1 36 5 1 36 6 1 36 7 1 36 10 1 36 2 2 36 3 2 36 4 2 36 5 2 36 6 2 36 7 2 36 10 2 36 2 3 36 3 3 36 4 3 36 5 3 36 6 3 36 7 3 36 10 3 36 2 7 36 3 7 36 4 7 36 5 7 36 6 7 36 7 7 36 10 7 36 2 10 36 3 10 36 4 10 36 5 10 36 6 10 36 7 10 36 10 10 36 2 12 36 3 12 36 4 12 36 5 12 36 6 12 36 7 12 36 10 12 36 0 24 2 4 71 4 4 71 6 4 71 8 4 71 2 5 71 4 5 71 6 5 71 8 5 71 2 7 71 4 7 71 6 7 71 8 7 71 2 8 71 4 8 71 6 8 71 8 8 71 2 9 71 4 9 71 6 9 71 8 9 71 2 12 71 4 12 71 6 12 71 8 12 71 0 30 1 1 66 6 1 66 7 1 66 8 1 66 10 1 66 1 2 66 6 2 66 7 2 66 8 2 66 10 2 66 1 3 66 6 3 66 7 3 66 8 3 66 10 3 66 1 4 66 6 4 66 7 4 66 8 4 66 10 4 66 1 5 66 6 5 66 7 5 66 8 5 66 10 5 66 1 10 66 6 10 66 7 10 66 8 10 66 10 10 66 0 30 2 3 39 3 3 39 4 3 39 6 3 39 7 3 39 2 4 39 3 4 39 4 4 39 6 4 39 7 4 39 2 6 39 3 6 39 4 6 39 6 6 39 7 6 39 2 8 39 3 8 39 4 8 39 6 8 39 7 8 39 2 9 39 3 9 39 4 9 39 6 9 39 7 9 39 2 12 39 3 12 39 4 12 39 6 12 39 7 12 39 0 36 2 1 17 4 1 17 5 1 17 7 1 17 8 1 17 9 1 17 2 3 17 4 3 17 5 3 17 7 3 17 8 3 17 9 3 17 2 5 17 4 5 17 5 5 17 7 5 17 8 5 17 9 5 17 2 8 17 4 8 17 5 8 17 7 8 17 8 8 17 9 8 17 2 9 17 4 9 17 5 9 17 7 9 17 8 9 17 9 9 17 2 11 17 4 11 17 5 11 17 7 11 17 8 11 17 9 11 17 0 30 2 1 30 6 1 30 7 1 30 8 1 30 9 1 30 2 3 30 6 3 30 7 3 30 8 3 30 9 3 30 2 5 30 6 5 30 7 5 30 8 5 30 9 5 30 2 6 30 6 6 30 7 6 30 8 6 30 9 6 30 2 8 30 6 8 30 7 8 30 8 8 30 9 8 30 2 12 30 6 12 30 7 12 30 8 12 30 9 12 30 0 48 2 1 42 3 1 42 5 1 42 6 1 42 7 1 42 8 1 42 9 1 42 10 1 42 2 3 42 3 3 42 5 3 42 6 3 42 7 3 42 8 3 42 9 3 42 10 3 42 2 5 42 3 5 42 5 5 42 6 5 42 7 5 42 8 5 42 9 5 42 10 5 42 2 7 42 3 7 42 5 7 42 6 7 42 7 7 42 8 7 42 9 7 42 10 7 42 2 9 42 3 9 42 5 9 42 6 9 42 7 9 42 8 9 42 9 9 42 10 9 42 2 10 42 3 10 42 5 10 42 6 10 42 7 10 42 8 10 42 9 10 42 10 10 42 0 30 2 3 94 6 3 94 7 3 94 9 3 94 10 3 94 2 4 94 6 4 94 7 4 94 9 4 94 10 4 94 2 5 94 6 5 94 7 5 94 9 5 94 10 5 94 2 6 94 6 6 94 7 6 94 9 6 94 10 6 94 2 7 94 6 7 94 7 7 94 9 7 94 10 7 94 2 9 94 6 9 94 7 9 94 9 9 94 10 9 94 0 42 2 1 59 3 1 59 4 1 59 6 1 59 7 1 59 9 1 59 10 1 59 2 2 59 3 2 59 4 2 59 6 2 59 7 2 59 9 2 59 10 2 59 2 3 59 3 3 59 4 3 59 6 3 59 7 3 59 9 3 59 10 3 59 2 4 59 3 4 59 4 4 59 6 4 59 7 4 59 9 4 59 10 4 59 2 6 59 3 6 59 4 6 59 6 6 59 7 6 59 9 6 59 10 6 59 2 12 59 3 12 59 4 12 59 6 12 59 7 12 59 9 12 59 10 12 59 0 18 1 1 36 7 1 36 10 1 36 1 2 36 7 2 36 10 2 36 1 5 36 7 5 36 10 5 36 1 8 36 7 8 36 10 8 36 1 9 36 7 9 36 10 9 36 1 10 36 7 10 36 10 10 36 1 6 2 68 3 68 4 68 5 68 9 68 11 68 0 36 2 1 21 4 1 21 5 1 21 6 1 21 7 1 21 9 1 21 2 2 21 4 2 21 5 2 21 6 2 21 7 2 21 9 2 21 2 3 21 4 3 21 5 3 21 6 3 21 7 3 21 9 3 21 2 6 21 4 6 21 5 6 21 6 6 21 7 6 21 9 6 21 2 8 21 4 8 21 5 8 21 6 8 21 7 8 21 9 8 21 2 11 21 4 11 21 5 11 21 6 11 21 7 11 21 9 11 21 0 30 1 3 25 2 3 25 3 3 25 7 3 25 10 3 25 1 5 25 2 5 25 3 5 25 7 5 25 10 5 25 1 6 25 2 6 25 3 6 25 7 6 25 10 6 25 1 10 25 2 10 25 3 10 25 7 10 25 10 10 25 1 11 25 2 11 25 3 11 25 7 11 25 10 11 25 1 12 25 2 12 25 3 12 25 7 12 25 10 12 25 1 6 2 65 3 65 6 65 8 65 9 65 12 65 0 24 3 2 58 6 2 58 7 2 58 9 2 58 3 8 58 6 8 58 7 8 58 9 8 58 3 9 58 6 9 58 7 9 58 9 9 58 3 10 58 6 10 58 7 10 58 9 10 58 3 11 58 6 11 58 7 11 58 9 11 58 3 12 58 6 12 58 7 12 58 9 12 58 0 30 3 4 65 4 4 65 5 4 65 7 4 65 9 4 65 3 6 65 4 6 65 5 6 65 7 6 65 9 6 65 3 7 65 4 7 65 5 7 65 7 7 65 9 7 65 3 8 65 4 8 65 5 8 65 7 8 65 9 8 65 3 10 65 4 10 65 5 10 65 7 10 65 9 10 65 3 12 65 4 12 65 5 12 65 7 12 65 9 12 65 0 30 1 3 36 3 3 36 4 3 36 5 3 36 10 3 36 1 5 36 3 5 36 4 5 36 5 5 36 10 5 36 1 7 36 3 7 36 4 7 36 5 7 36 10 7 36 1 8 36 3 8 36 4 8 36 5 8 36 10 8 36 1 9 36 3 9 36 4 9 36 5 9 36 10 9 36 1 10 36 3 10 36 4 10 36 5 10 36 10 10 36 1 6 1 45 4 45 6 45 8 45 10 45 11 45 0 24 2 1 82 4 1 82 5 1 82 6 1 82 2 2 82 4 2 82 5 2 82 6 2 82 2 3 82 4 3 82 5 3 82 6 3 82 2 4 82 4 4 82 5 4 82 6 4 82 2 9 82 4 9 82 5 9 82 6 9 82 2 11 82 4 11 82 5 11 82 6 11 82 0 30 1 1 42 3 1 42 4 1 42 7 1 42 10 1 42 1 5 42 3 5 42 4 5 42 7 5 42 10 5 42 1 8 42 3 8 42 4 8 42 7 8 42 10 8 42 1 9 42 3 9 42 4 9 42 7 9 42 10 9 42 1 10 42 3 10 42 4 10 42 7 10 42 10 10 42 1 12 42 3 12 42 4 12 42 7 12 42 10 12 42 0 24 2 2 82 5 2 82 7 2 82 8 2 82 2 3 82 5 3 82 7 3 82 8 3 82 2 6 82 5 6 82 7 6 82 8 6 82 2 8 82 5 8 82 7 8 82 8 8 82 2 9 82 5 9 82 7 9 82 8 9 82 2 12 82 5 12 82 7 12 82 8 12 82 0 24 1 3 51 5 3 51 6 3 51 7 3 51 1 4 51 5 4 51 6 4 51 7 4 51 1 5 51 5 5 51 6 5 51 7 5 51 1 6 51 5 6 51 6 6 51 7 6 51 1 7 51 5 7 51 6 7 51 7 7 51 1 12 51 5 12 51 6 12 51 7 12 51 0 48 1 6 75 2 6 75 3 6 75 5 6 75 7 6 75 8 6 75 9 6 75 10 6 75 1 8 75 2 8 75 3 8 75 5 8 75 7 8 75 8 8 75 9 8 75 10 8 75 1 9 75 2 9 75 3 9 75 5 9 75 7 9 75 8 9 75 9 9 75 10 9 75 1 10 75 2 10 75 3 10 75 5 10 75 7 10 75 8 10 75 9 10 75 10 10 75 1 11 75 2 11 75 3 11 75 5 11 75 7 11 75 8 11 75 9 11 75 10 11 75 1 12 75 2 12 75 3 12 75 5 12 75 7 12 75 8 12 75 9 12 75 10 12 75 
23 0 18 5 1 35 6 1 35 9 1 35 5 3 35 6 3 35 9 3 35 5 5 35 6 5 35 9 5 35 5 6 35 6 6 35 9 6 35 5 8 35 6 8 35 9 8 35 5 11 35 6 11 35 9 11 35 0 30 1 1 78 2 1 78 3 1 78 6 1 78 10 1 78 1 2 78 2 2 78 3 2 78 6 2 78 10 2 78 1 5 78 2 5 78 3 5 78 6 5 78 10 5 78 1 6 78 2 6 78 3 6 78 6 6 78 10 6 78 1 7 78 2 7 78 3 7 78 6 7 78 10 7 78 1 9 78 2 9 78 3 9 78 6 9 78 10 9 78 0 36 1 2 43 2 2 43 3 2 43 4 2 43 6 2 43 10 2 43 1 3 43 2 3 43 3 3 43 4 3 43 6 3 43 10 3 43 1 4 43 2 4 43 3 4 43 4 4 43 6 4 43 10 4 43 1 5 43 2 5 43 3 5 43 4 5 43 6 5 43 10 5 43 1 7 43 2 7 43 3 7 43 4 7 43 6 7 43 10 7 43 1 11 43 2 11 43 3 11 43 4 11 43 6 11 43 10 11 43 0 18 5 2 77 9 2 77 10 2 77 5 3 77 9 3 77 10 3 77 5 4 77 9 4 77 10 4 77 5 5 77 9 5 77 10 5 77 5 7 77 9 7 77 10 7 77 5 10 77 9 10 77 10 10 77 0 30 1 2 42 3 2 42 4 2 42 7 2 42 10 2 42 1 3 42 3 3 42 4 3 42 7 3 42 10 3 42 1 6 42 3 6 42 4 6 42 7 6 42 10 6 42 1 10 42 3 10 42 4 10 42 7 10 42 10 10 42 1 11 42 3 11 42 4 11 42 7 11 42 10 11 42 1 12 42 3 12 42 4 12 42 7 12 42 10 12 42 0 24 1 1 18 3 1 18 9 1 18 10 1 18 1 2 18 3 2 18 9 2 18 10 2 18 1 7 18 3 7 18 9 7 18 10 7 18 1 9 18 3 9 18 9 9 18 10 9 18 1 11 18 3 11 18 9 11 18 10 11 18 1 12 18 3 12 18 9 12 18 10 12 18 0 24 1 1 63 4 1 63 9 1 63 10 1 63 1 2 63 4 2 63 9 2 63 10 2 63 1 4 63 4 4 63 9 4 63 10 4 63 1 6 63 4 6 63 9 6 63 10 6 63 1 8 63 4 8 63 9 8 63 10 8 63 1 9 63 4 9 63 9 9 63 10 9 63 0 30 2 1 99 3 1 99 4 1 99 8 1 99 9 1 99 2 3 99 3 3 99 4 3 99 8 3 99 9 3 99 2 4 99 3 4 99 4 4 99 8 4 99 9 4 99 2 6 99 3 6 99 4 6 99 8 6 99 9 6 99 2 8 99 3 8 99 4 8 99 8 8 99 9 8 99 2 12 99 3 12 99 4 12 99 8 12 99 9 12 99 0 36 3 2 16 4 2 16 5 2 16 6 2 16 8 2 16 9 2 16 3 3 16 4 3 16 5 3 16 6 3 16 8 3 16 9 3 16 3 4 16 4 4 16 5 4 16 6 4 16 8 4 16 9 4 16 3 7 16 4 7 16 5 7 16 6 7 16 8 7 16 9 7 16 3 9 16 4 9 16 5 9 16 6 9 16 8 9 16 9 9 16 3 12 16 4 12 16 5 12 16 6 12 16 8 12 16 9 12 16 1 6 1 34 2 34 3 34 4 34 9 34 10 34 0 12 1 1 99 9 1 99 1 3 99 9 3 99 1 6 99 9 6 99 1 9 99 9 9 99 1 11 99 9 11 99 1 12 99 9 12 99 0 30 2 1 87 3 1 87 4 1 87 5 1 87 9 1 87 2 3 87 3 3 87 4 3 87 5 3 87 9 3 87 2 4 87 3 4 87 4 4 87 5 4 87 9 4 87 2 5 87 3 5 87 4 5 87 5 5 87 9 5 87 2 7 87 3 7 87 4 7 87 5 7 87 9 7 87 2 11 87 3 11 87 4 11 87 5 11 87 9 11 87 0 30 2 3 46 4 3 46 6 3 46 7 3 46 10 3 46 2 5 46 4 5 46 6 5 46 7 5 46 10 5 46 2 6 46 4 6 46 6 6 46 7 6 46 10 6 46 2 7 46 4 7 46 6 7 46 7 7 46 10 7 46 2 8 46 4 8 46 6 8 46 7 8 46 10 8 46 2 11 46 4 11 46 6 11 46 7 11 46 10 11 46 1 6 1 81 4 81 5 81 6 81 8 81 11 81 0 24 4 1 41 5 1 41 8 1 41 9 1 41 4 2 41 5 2 41 8 2 41 9 2 41 4 3 41 5 3 41 8 3 41 9 3 41 4 8 41 5 8 41 8 8 41 9 8 41 4 10 41 5 10 41 8 10 41 9 10 41 4 11 41 5 11 41 8 11 41 9 11 41 0 36 3 5 58 4 5 58 6 5 58 7 5 58 8 5 58 10 5 58 3 6 58 4 6 58 6 6 58 7 6 58 8 6 58 10 6 58 3 8 58 4 8 58 6 8 58 7 8 58 8 8 58 10 8 58 3 9 58 4 9 58 6 9 58 7 9 58 8 9 58 10 9 58 3 11 58 4 11 58 6 11 58 7 11 58 8 11 58 10 11 58 3 12 58 4 12 58 6 12 58 7 12 58 8 12 58 10 12 58 0 36 1 1 57 3 1 57 4 1 57 7 1 57 8 1 57 9 1 57 1 3 57 3 3 57 4 3 57 7 3 57 8 3 57 9 3 57 1 6 57 3 6 57 4 6 57 7 6 57 8 6 57 9 6 57 1 7 57 3 7 57 4 7 57 7 7 57 8 7 57 9 7 57 1 8 57 3 8 57 4 8 57 7 8 57 8 8 57 9 8 57 1 9 57 3 9 57 4 9 57 7 9 57 8 9 57 9 9 57 0 36 4 2 30 5 2 30 6 2 30 7 2 30 8 2 30 9 2 30 4 3 30 5 3 30 6 3 30 7 3 30 8 3 30 9 3 30 4 5 30 5 5 30 6 5 30 7 5 30 8 5 30 9 5 30 4 6 30 5 6 30 6 6 30 7 6 30 8 6 30 9 6 30 4 7 30 5 7 30 6 7 30 7 7 30 8 7 30 9 7 30 4 9 30 5 9 30 6 9 30 7 9 30 8 9 30 9 9 30 0 36 2 4 60 3 4 60 4 4 60 7 4 60 8 4 60 9 4 60 2 5 60 3 5 60 4 5 60 7 5 60 8 5 60 9 5 60 2 7 60 3 7 60 4 7 60 7 7 60 8 7 60 9 7 60 2 10 60 3 10 60 4 10 60 7 10 60 8 10 60 9 10 60 2 11 60 3 11 60 4 11 60 7 11 60 8 11 60 9 11 60 2 12 60 3 12 60 4 12 60 7 12 60 8 12 60 9 12 60 0 36 2 1 52 3 1 52 6 1 52 7 1 52 8 1 52 9 1 52 2 3 52 3 3 52 6 3 52 7 3 52 8 3 52 9 3 52 2 5 52 3 5 52 6 5 52 7 5 52 8 5 52 9 5 52 2 7 52 3 7 52 6 7 52 7 7 52 8 7 52 9 7 52 2 10 52 3 10 52 6 10 52 7 10 52 8 10 52 9 10 52 2 11 52 3 11 52 6 11 52 7 11 52 8 11 52 9 11 52 0 24 1 4 92 5 4 92 8 4 92 9 4 92 1 5 92 5 5 92 8 5 92 9 5 92 1 6 92 5 6 92 8 6 92 9 6 92 1 9 92 5 9 92 8 9 92 9 9 92 1 11 92 5 11 92 8 11 92 9 11 92 1 12 92 5 12 92 8 12 92 9 12 92 0 24 2 1 32 4 1 32 6 1 32 8 1 32 2 2 32 4 2 32 6 2 32 8 2 32 2 3 32 4 3 32 6 3 32 8 3 32 2 5 32 4 5 32 6 5 32 8 5 32 2 8 32 4 8 32 6 8 32 8 8 32 2 12 32 4 12 32 6 12 32 8 12 32 0 48 1 2 80 2 2 80 3 2 80 4 2 80 5 2 80 6 2 80 8 2 80 9 2 80 1 3 80 2 3 80 3 3 80 4 3 80 5 3 80 6 3 80 8 3 80 9 3 80 1 5 80 2 5 80 3 5 80 4 5 80 5 5 80 6 5 80 8 5 80 9 5 80 1 6 80 2 6 80 3 6 80 4 6 80 5 6 80 6 6 80 8 6 80 9 6 80 1 9 80 2 9 80 3 9 80 4 9 80 5 9 80 6 9 80 8 9 80 9 9 80 1 10 80 2 10 80 3 10 80 4 10 80 5 10 80 6 10 80 8 10 80 9 10 80 
19 0 36 1 2 42 2 2 42 4 2 42 5 2 42 6 2 42 9 2 42 1 4 42 2 4 42 4 4 42 5 4 42 6 4 42 9 4 42 1 5 42 2 5 42 4 5 42 5 5 42 6 5 42 9 5 42 1 6 42 2 6 42 4 6 42 5 6 42 6 6 42 9 6 42 1 7 42 2 7 42 4 7 42 5 7 42 6 7 42 9 7 42 1 11 42 2 11 42 4 11 42 5 11 42 6 11 42 9 11 42 0 36 1 3 33 3 3 33 4 3 33 7 3 33 8 3 33 10 3 33 1 5 33 3 5 33 4 5 33 7 5 33 8 5 33 10 5 33 1 6 33 3 6 33 4 6 33 7 6 33 8 6 33 10 6 33 1 7 33 3 7 33 4 7 33 7 7 33 8 7 33 10 7 33 1 10 33 3 10 33 4 10 33 7 10 33 8 10 33 10 10 33 1 11 33 3 11 33 4 11 33 7 11 33 8 11 33 10 11 33 0 30 1 1 40 4 1 40 6 1 40 9 1 40 10 1 40 1 5 40 4 5 40 6 5 40 9 5 40 10 5 40 1 6 40 4 6 40 6 6 40 9 6 40 10 6 40 1 8 40 4 8 40 6 8 40 9 8 40 10 8 40 1 10 40 4 10 40 6 10 40 9 10 40 10 10 40 1 12 40 4 12 40 6 12 40 9 12 40 10 12 40 0 30 2 2 80 3 2 80 6 2 80 9 2 80 10 2 80 2 6 80 3 6 80 6 6 80 9 6 80 10 6 80 2 8 80 3 8 80 6 8 80 9 8 80 10 8 80 2 9 80 3 9 80 6 9 80 9 9 80 10 9 80 2 11 80 3 11 80 6 11 80 9 11 80 10 11 80 2 12 80 3 12 80 6 12 80 9 12 80 10 12 80 0 36 1 4 72 2 4 72 3 4 72 6 4 72 8 4 72 9 4 72 1 6 72 2 6 72 3 6 72 6 6 72 8 6 72 9 6 72 1 9 72 2 9 72 3 9 72 6 9 72 8 9 72 9 9 72 1 10 72 2 10 72 3 10 72 6 10 72 8 10 72 9 10 72 1 11 72 2 11 72 3 11 72 6 11 72 8 11 72 9 11 72 1 12 72 2 12 72 3 12 72 6 12 72 8 12 72 9 12 72 0 24 1 1 64 3 1 64 5 1 64 10 1 64 1 2 64 3 2 64 5 2 64 10 2 64 1 5 64 3 5 64 5 5 64 10 5 64 1 6 64 3 6 64 5 6 64 10 6 64 1 7 64 3 7 64 5 7 64 10 7 64 1 11 64 3 11 64 5 11 64 10 11 64 0 30 1 2 77 4 2 77 5 2 77 8 2 77 9 2 77 1 4 77 4 4 77 5 4 77 8 4 77 9 4 77 1 5 77 4 5 77 5 5 77 8 5 77 9 5 77 1 7 77 4 7 77 5 7 77 8 7 77 9 7 77 1 9 77 4 9 77 5 9 77 8 9 77 9 9 77 1 12 77 4 12 77 5 12 77 8 12 77 9 12 77 1 6 1 23 3 23 4 23 6 23 7 23 10 23 0 36 1 3 50 2 3 50 3 3 50 4 3 50 5 3 50 9 3 50 1 4 50 2 4 50 3 4 50 4 4 50 5 4 50 9 4 50 1 6 50 2 6 50 3 6 50 4 6 50 5 6 50 9 6 50 1 8 50 2 8 50 3 8 50 4 8 50 5 8 50 9 8 50 1 9 50 2 9 50 3 9 50 4 9 50 5 9 50 9 9 50 1 11 50 2 11 50 3 11 50 4 11 50 5 11 50 9 11 50 0 24 5 2 13 6 2 13 7 2 13 10 2 13 5 3 13 6 3 13 7 3 13 10 3 13 5 8 13 6 8 13 7 8 13 10 8 13 5 9 13 6 9 13 7 9 13 10 9 13 5 10 13 6 10 13 7 10 13 10 10 13 5 12 13 6 12 13 7 12 13 10 12 13 0 12 6 1 38 7 1 38 6 3 38 7 3 38 6 4 38 7 4 38 6 6 38 7 6 38 6 7 38 7 7 38 6 9 38 7 9 38 0 24 2 3 21 3 3 21 7 3 21 9 3 21 2 4 21 3 4 21 7 4 21 9 4 21 2 6 21 3 6 21 7 6 21 9 6 21 2 7 21 3 7 21 7 7 21 9 7 21 2 8 21 3 8 21 7 8 21 9 8 21 2 12 21 3 12 21 7 12 21 9 12 21 0 30 1 3 77 4 3 77 5 3 77 7 3 77 8 3 77 1 5 77 4 5 77 5 5 77 7 5 77 8 5 77 1 7 77 4 7 77 5 7 77 7 7 77 8 7 77 1 9 77 4 9 77 5 9 77 7 9 77 8 9 77 1 10 77 4 10 77 5 10 77 7 10 77 8 10 77 1 11 77 4 11 77 5 11 77 7 11 77 8 11 77 0 30 5 1 95 7 1 95 8 1 95 9 1 95 10 1 95 5 3 95 7 3 95 8 3 95 9 3 95 10 3 95 5 5 95 7 5 95 8 5 95 9 5 95 10 5 95 5 6 95 7 6 95 8 6 95 9 6 95 10 6 95 5 7 95 7 7 95 8 7 95 9 7 95 10 7 95 5 9 95 7 9 95 8 9 95 9 9 95 10 9 95 0 24 4 4 60 5 4 60 6 4 60 7 4 60 4 6 60 5 6 60 6 6 60 7 6 60 4 7 60 5 7 60 6 7 60 7 7 60 4 8 60 5 8 60 6 8 60 7 8 60 4 10 60 5 10 60 6 10 60 7 10 60 4 11 60 5 11 60 6 11 60 7 11 60 0 42 1 1 94 3 1 94 4 1 94 5 1 94 6 1 94 7 1 94 9 1 94 1 2 94 3 2 94 4 2 94 5 2 94 6 2 94 7 2 94 9 2 94 1 5 94 3 5 94 4 5 94 5 5 94 6 5 94 7 5 94 9 5 94 1 7 94 3 7 94 4 7 94 5 7 94 6 7 94 7 7 94 9 7 94 1 10 94 3 10 94 4 10 94 5 10 94 6 10 94 7 10 94 9 10 94 1 11 94 3 11 94 4 11 94 5 11 94 6 11 94 7 11 94 9 11 94 0 30 2 1 53 3 1 53 4 1 53 5 1 53 6 1 53 2 2 53 3 2 53 4 2 53 5 2 53 6 2 53 2 6 53 3 6 53 4 6 53 5 6 53 6 6 53 2 7 53 3 7 53 4 7 53 5 7 53 6 7 53 2 10 53 3 10 53 4 10 53 5 10 53 6 10 53 2 12 53 3 12 53 4 12 53 5 12 53 6 12 53 0 36 1 1 82 2 1 82 6 1 82 7 1 82 9 1 82 10 1 82 1 2 82 2 2 82 6 2 82 7 2 82 9 2 82 10 2 82 1 5 82 2 5 82 6 5 82 7 5 82 9 5 82 10 5 82 1 7 82 2 7 82 6 7 82 7 7 82 9 7 82 10 7 82 1 9 82 2 9 82 6 9 82 7 9 82 9 9 82 10 9 82 1 11 82 2 11 82 6 11 82 7 11 82 9 11 82 10 11 82 0 60 1 1 60 2 1 60 3 1 60 4 1 60 5 1 60 6 1 60 7 1 60 8 1 60 9 1 60 10 1 60 1 2 60 2 2 60 3 2 60 4 2 60 5 2 60 6 2 60 7 2 60 8 2 60 9 2 60 10 2 60 1 5 60 2 5 60 3 5 60 4 5 60 5 5 60 6 5 60 7 5 60 8 5 60 9 5 60 10 5 60 1 10 60 2 10 60 3 10 60 4 10 60 5 10 60 6 10 60 7 10 60 8 10 60 9 10 60 10 10 60 1 11 60 2 11 60 3 11 60 4 11 60 5 11 60 6 11 60 7 11 60 8 11 60 9 11 60 10 11 60 1 12 60 2 12 60 3 12 60 4 12 60 5 12 60 6 12 60 7 12 60 8 12 60 9 12 60 10 12 60 
19 0 36 1 1 60 2 1 60 4 1 60 6 1 60 9 1 60 10 1 60 1 3 60 2 3 60 4 3 60 6 3 60 9 3 60 10 3 60 1 6 60 2 6 60 4 6 60 6 6 60 9 6 60 10 6 60 1 8 60 2 8 60 4 8 60 6 8 60 9 8 60 10 8 60 1 10 60 2 10 60 4 10 60 6 10 60 9 10 60 10 10 60 1 12 60 2 12 60 4 12 60 6 12 60 9 12 60 10 12 60 1 6 3 93 4 93 7 93 8 93 10 93 11 93 1 6 3 49 4 49 6 49 7 49 11 49 12 49 1 6 3 82 4 82 5 82 9 82 10 82 11 82 0 30 2 1 68 3 1 68 6 1 68 7 1 68 9 1 68 2 3 68 3 3 68 6 3 68 7 3 68 9 3 68 2 6 68 3 6 68 6 6 68 7 6 68 9 6 68 2 7 68 3 7 68 6 7 68 7 7 68 9 7 68 2 9 68 3 9 68 6 9 68 7 9 68 9 9 68 2 11 68 3 11 68 6 11 68 7 11 68 9 11 68 0 48 1 3 42 2 3 42 4 3 42 6 3 42 7 3 42 8 3 42 9 3 42 10 3 42 1 4 42 2 4 42 4 4 42 6 4 42 7 4 42 8 4 42 9 4 42 10 4 42 1 5 42 2 5 42 4 5 42 6 5 42 7 5 42 8 5 42 9 5 42 10 5 42 1 10 42 2 10 42 4 10 42 6 10 42 7 10 42 8 10 42 9 10 42 10 10 42 1 11 42 2 11 42 4 11 42 6 11 42 7 11 42 8 11 42 9 11 42 10 11 42 1 12 42 2 12 42 4 12 42 6 12 42 7 12 42 8 12 42 9 12 42 10 12 42 0 18 1 1 96 8 1 96 9 1 96 1 3 96 8 3 96 9 3 96 1 4 96 8 4 96 9 4 96 1 9 96 8 9 96 9 9 96 1 11 96 8 11 96 9 11 96 1 12 96 8 12 96 9 12 96 0 42 1 2 90 3 2 90 5 2 90 6 2 90 8 2 90 9 2 90 10 2 90 1 5 90 3 5 90 5 5 90 6 5 90 8 5 90 9 5 90 10 5 90 1 9 90 3 9 90 5 9 90 6 9 90 8 9 90 9 9 90 10 9 90 1 10 90 3 10 90 5 10 90 6 10 90 8 10 90 9 10 90 10 10 90 1 11 90 3 11 90 5 11 90 6 11 90 8 11 90 9 11 90 10 11 90 1 12 90 3 12 90 5 12 90 6 12 90 8 12 90 9 12 90 10 12 90 0 36 2 1 36 3 1 36 5 1 36 7 1 36 8 1 36 9 1 36 2 5 36 3 5 36 5 5 36 7 5 36 8 5 36 9 5 36 2 7 36 3 7 36 5 7 36 7 7 36 8 7 36 9 7 36 2 9 36 3 9 36 5 9 36 7 9 36 8 9 36 9 9 36 2 11 36 3 11 36 5 11 36 7 11 36 8 11 36 9 11 36 2 12 36 3 12 36 5 12 36 7 12 36 8 12 36 9 12 36 1 6 1 70 2 70 6 70 7 70 9 70 12 70 1 6 2 12 4 12 5 12 6 12 10 12 11 12 0 42 1 2 56 2 2 56 3 2 56 5 2 56 7 2 56 9 2 56 10 2 56 1 4 56 2 4 56 3 4 56 5 4 56 7 4 56 9 4 56 10 4 56 1 7 56 2 7 56 3 7 56 5 7 56 7 7 56 9 7 56 10 7 56 1 9 56 2 9 56 3 9 56 5 9 56 7 9 56 9 9 56 10 9 56 1 10 56 2 10 56 3 10 56 5 10 56 7 10 56 9 10 56 10 10 56 1 12 56 2 12 56 3 12 56 5 12 56 7 12 56 9 12 56 10 12 56 0 30 1 1 14 5 1 14 6 1 14 9 1 14 10 1 14 1 3 14 5 3 14 6 3 14 9 3 14 10 3 14 1 5 14 5 5 14 6 5 14 9 5 14 10 5 14 1 7 14 5 7 14 6 7 14 9 7 14 10 7 14 1 8 14 5 8 14 6 8 14 9 8 14 10 8 14 1 12 14 5 12 14 6 12 14 9 12 14 10 12 14 0 30 1 1 60 3 1 60 5 1 60 7 1 60 9 1 60 1 2 60 3 2 60 5 2 60 7 2 60 9 2 60 1 4 60 3 4 60 5 4 60 7 4 60 9 4 60 1 5 60 3 5 60 5 5 60 7 5 60 9 5 60 1 9 60 3 9 60 5 9 60 7 9 60 9 9 60 1 12 60 3 12 60 5 12 60 7 12 60 9 12 60 0 24 1 1 18 3 1 18 9 1 18 10 1 18 1 6 18 3 6 18 9 6 18 10 6 18 1 7 18 3 7 18 9 7 18 10 7 18 1 8 18 3 8 18 9 8 18 10 8 18 1 9 18 3 9 18 9 9 18 10 9 18 1 12 18 3 12 18 9 12 18 10 12 18 0 36 2 3 88 3 3 88 4 3 88 5 3 88 9 3 88 10 3 88 2 4 88 3 4 88 4 4 88 5 4 88 9 4 88 10 4 88 2 6 88 3 6 88 4 6 88 5 6 88 9 6 88 10 6 88 2 8 88 3 8 88 4 8 88 5 8 88 9 8 88 10 8 88 2 10 88 3 10 88 4 10 88 5 10 88 9 10 88 10 10 88 2 12 88 3 12 88 4 12 88 5 12 88 9 12 88 10 12 88 0 30 2 3 19 7 3 19 8 3 19 9 3 19 10 3 19 2 4 19 7 4 19 8 4 19 9 4 19 10 4 19 2 5 19 7 5 19 8 5 19 9 5 19 10 5 19 2 7 19 7 7 19 8 7 19 9 7 19 10 7 19 2 9 19 7 9 19 8 9 19 9 9 19 10 9 19 2 10 19 7 10 19 8 10 19 9 10 19 10 10 19 0 18 1 3 87 2 3 87 9 3 87 1 5 87 2 5 87 9 5 87 1 6 87 2 6 87 9 6 87 1 9 87 2 9 87 9 9 87 1 10 87 2 10 87 9 10 87 1 12 87 2 12 87 9 12 87 1 6 2 50 3 50 4 50 6 50 7 50 12 50 
21 0 18 3 3 50 7 3 50 10 3 50 3 4 50 7 4 50 10 4 50 3 6 50 7 6 50 10 6 50 3 8 50 7 8 50 10 8 50 3 9 50 7 9 50 10 9 50 3 12 50 7 12 50 10 12 50 0 24 1 1 63 2 1 63 4 1 63 6 1 63 1 2 63 2 2 63 4 2 63 6 2 63 1 4 63 2 4 63 4 4 63 6 4 63 1 5 63 2 5 63 4 5 63 6 5 63 1 8 63 2 8 63 4 8 63 6 8 63 1 9 63 2 9 63 4 9 63 6 9 63 1 6 1 16 3 16 5 16 10 16 11 16 12 16 0 18 1 2 65 2 2 65 3 2 65 1 3 65 2 3 65 3 3 65 1 5 65 2 5 65 3 5 65 1 6 65 2 6 65 3 6 65 1 9 65 2 9 65 3 9 65 1 12 65 2 12 65 3 12 65 0 36 1 2 71 2 2 71 6 2 71 8 2 71 9 2 71 10 2 71 1 5 71 2 5 71 6 5 71 8 5 71 9 5 71 10 5 71 1 7 71 2 7 71 6 7 71 8 7 71 9 7 71 10 7 71 1 9 71 2 9 71 6 9 71 8 9 71 9 9 71 10 9 71 1 10 71 2 10 71 6 10 71 8 10 71 9 10 71 10 10 71 1 11 71 2 11 71 6 11 71 8 11 71 9 11 71 10 11 71 0 36 1 2 44 3 2 44 4 2 44 6 2 44 8 2 44 10 2 44 1 3 44 3 3 44 4 3 44 6 3 44 8 3 44 10 3 44 1 4 44 3 4 44 4 4 44 6 4 44 8 4 44 10 4 44 1 7 44 3 7 44 4 7 44 6 7 44 8 7 44 10 7 44 1 11 44 3 11 44 4 11 44 6 11 44 8 11 44 10 11 44 1 12 44 3 12 44 4 12 44 6 12 44 8 12 44 10 12 44 0 30 1 2 46 4 2 46 5 2 46 8 2 46 9 2 46 1 5 46 4 5 46 5 5 46 8 5 46 9 5 46 1 6 46 4 6 46 5 6 46 8 6 46 9 6 46 1 7 46 4 7 46 5 7 46 8 7 46 9 7 46 1 11 46 4 11 46 5 11 46 8 11 46 9 11 46 1 12 46 4 12 46 5 12 46 8 12 46 9 12 46 0 36 1 1 35 3 1 35 5 1 35 7 1 35 8 1 35 10 1 35 1 4 35 3 4 35 5 4 35 7 4 35 8 4 35 10 4 35 1 5 35 3 5 35 5 5 35 7 5 35 8 5 35 10 5 35 1 7 35 3 7 35 5 7 35 7 7 35 8 7 35 10 7 35 1 8 35 3 8 35 5 8 35 7 8 35 8 8 35 10 8 35 1 10 35 3 10 35 5 10 35 7 10 35 8 10 35 10 10 35 0 30 2 2 11 3 2 11 5 2 11 8 2 11 10 2 11 2 5 11 3 5 11 5 5 11 8 5 11 10 5 11 2 6 11 3 6 11 5 6 11 8 6 11 10 6 11 2 8 11 3 8 11 5 8 11 8 8 11 10 8 11 2 9 11 3 9 11 5 9 11 8 9 11 10 9 11 2 12 11 3 12 11 5 12 11 8 12 11 10 12 11 0 18 6 2 83 9 2 83 10 2 83 6 5 83 9 5 83 10 5 83 6 6 83 9 6 83 10 6 83 6 7 83 9 7 83 10 7 83 6 8 83 9 8 83 10 8 83 6 11 83 9 11 83 10 11 83 0 42 2 2 12 3 2 12 4 2 12 6 2 12 7 2 12 9 2 12 10 2 12 2 3 12 3 3 12 4 3 12 6 3 12 7 3 12 9 3 12 10 3 12 2 4 12 3 4 12 4 4 12 6 4 12 7 4 12 9 4 12 10 4 12 2 5 12 3 5 12 4 5 12 6 5 12 7 5 12 9 5 12 10 5 12 2 10 12 3 10 12 4 10 12 6 10 12 7 10 12 9 10 12 10 10 12 2 11 12 3 11 12 4 11 12 6 11 12 7 11 12 9 11 12 10 11 12 0 12 8 2 98 9 2 98 8 4 98 9 4 98 8 6 98 9 6 98 8 8 98 9 8 98 8 10 98 9 10 98 8 11 98 9 11 98 1 6 1 25 4 25 5 25 7 25 8 25 11 25 1 6 1 84 3 84 4 84 5 84 8 84 9 84 0 24 1 2 36 6 2 36 8 2 36 10 2 36 1 3 36 6 3 36 8 3 36 10 3 36 1 4 36 6 4 36 8 4 36 10 4 36 1 7 36 6 7 36 8 7 36 10 7 36 1 8 36 6 8 36 8 8 36 10 8 36 1 11 36 6 11 36 8 11 36 10 11 36 0 30 1 1 41 6 1 41 7 1 41 9 1 41 10 1 41 1 2 41 6 2 41 7 2 41 9 2 41 10 2 41 1 8 41 6 8 41 7 8 41 9 8 41 10 8 41 1 9 41 6 9 41 7 9 41 9 9 41 10 9 41 1 11 41 6 11 41 7 11 41 9 11 41 10 11 41 1 12 41 6 12 41 7 12 41 9 12 41 10 12 41 0 24 3 1 44 4 1 44 7 1 44 9 1 44 3 2 44 4 2 44 7 2 44 9 2 44 3 5 44 4 5 44 7 5 44 9 5 44 3 6 44 4 6 44 7 6 44 9 6 44 3 11 44 4 11 44 7 11 44 9 11 44 3 12 44 4 12 44 7 12 44 9 12 44 0 30 1 3 51 3 3 51 7 3 51 8 3 51 10 3 51 1 4 51 3 4 51 7 4 51 8 4 51 10 4 51 1 6 51 3 6 51 7 6 51 8 6 51 10 6 51 1 7 51 3 7 51 7 7 51 8 7 51 10 7 51 1 9 51 3 9 51 7 9 51 8 9 51 10 9 51 1 11 51 3 11 51 7 11 51 8 11 51 10 11 51 1 6 1 58 2 58 7 58 9 58 11 58 12 58 0 30 1 3 56 2 3 56 5 3 56 8 3 56 10 3 56 1 4 56 2 4 56 5 4 56 8 4 56 10 4 56 1 6 56 2 6 56 5 6 56 8 6 56 10 6 56 1 7 56 2 7 56 5 7 56 8 7 56 10 7 56 1 8 56 2 8 56 5 8 56 8 8 56 10 8 56 1 9 56 2 9 56 5 9 56 8 9 56 10 9 56 0 24 2 3 27 6 3 27 8 3 27 9 3 27 2 5 27 6 5 27 8 5 27 9 5 27 2 7 27 6 7 27 8 7 27 9 7 27 2 8 27 6 8 27 8 8 27 9 8 27 2 10 27 6 10 27 8 10 27 9 10 27 2 12 27 6 12 27 8 12 27 9 12 27 
16 1 6 2 97 3 97 5 97 9 97 10 97 11 97 0 30 1 1 93 3 1 93 7 1 93 9 1 93 10 1 93 1 4 93 3 4 93 7 4 93 9 4 93 10 4 93 1 7 93 3 7 93 7 7 93 9 7 93 10 7 93 1 10 93 3 10 93 7 10 93 9 10 93 10 10 93 1 11 93 3 11 93 7 11 93 9 11 93 10 11 93 1 12 93 3 12 93 7 12 93 9 12 93 10 12 93 0 36 2 3 41 3 3 41 4 3 41 5 3 41 8 3 41 10 3 41 2 7 41 3 7 41 4 7 41 5 7 41 8 7 41 10 7 41 2 8 41 3 8 41 4 8 41 5 8 41 8 8 41 10 8 41 2 10 41 3 10 41 4 10 41 5 10 41 8 10 41 10 10 41 2 11 41 3 11 41 4 11 41 5 11 41 8 11 41 10 11 41 2 12 41 3 12 41 4 12 41 5 12 41 8 12 41 10 12 41 0 24 4 1 59 6 1 59 7 1 59 10 1 59 4 2 59 6 2 59 7 2 59 10 2 59 4 3 59 6 3 59 7 3 59 10 3 59 4 6 59 6 6 59 7 6 59 10 6 59 4 7 59 6 7 59 7 7 59 10 7 59 4 8 59 6 8 59 7 8 59 10 8 59 0 24 4 2 83 6 2 83 8 2 83 9 2 83 4 3 83 6 3 83 8 3 83 9 3 83 4 4 83 6 4 83 8 4 83 9 4 83 4 7 83 6 7 83 8 7 83 9 7 83 4 10 83 6 10 83 8 10 83 9 10 83 4 11 83 6 11 83 8 11 83 9 11 83 0 12 8 4 99 9 4 99 8 6 99 9 6 99 8 7 99 9 7 99 8 8 99 9 8 99 8 10 99 9 10 99 8 12 99 9 12 99 0 36 1 3 90 2 3 90 5 3 90 6 3 90 8 3 90 9 3 90 1 4 90 2 4 90 5 4 90 6 4 90 8 4 90 9 4 90 1 5 90 2 5 90 5 5 90 6 5 90 8 5 90 9 5 90 1 6 90 2 6 90 5 6 90 6 6 90 8 6 90 9 6 90 1 8 90 2 8 90 5 8 90 6 8 90 8 8 90 9 8 90 1 12 90 2 12 90 5 12 90 6 12 90 8 12 90 9 12 90 1 6 2 90 3 90 4 90 6 90 11 90 12 90 0 36 1 3 58 2 3 58 3 3 58 4 3 58 7 3 58 9 3 58 1 4 58 2 4 58 3 4 58 4 4 58 7 4 58 9 4 58 1 5 58 2 5 58 3 5 58 4 5 58 7 5 58 9 5 58 1 6 58 2 6 58 3 6 58 4 6 58 7 6 58 9 6 58 1 7 58 2 7 58 3 7 58 4 7 58 7 7 58 9 7 58 1 12 58 2 12 58 3 12 58 4 12 58 7 12 58 9 12 58 0 42 1 1 15 4 1 15 5 1 15 6 1 15 7 1 15 9 1 15 10 1 15 1 2 15 4 2 15 5 2 15 6 2 15 7 2 15 9 2 15 10 2 15 1 4 15 4 4 15 5 4 15 6 4 15 7 4 15 9 4 15 10 4 15 1 8 15 4 8 15 5 8 15 6 8 15 7 8 15 9 8 15 10 8 15 1 9 15 4 9 15 5 9 15 6 9 15 7 9 15 9 9 15 10 9 15 1 11 15 4 11 15 5 11 15 6 11 15 7 11 15 9 11 15 10 11 15 0 30 1 3 95 2 3 95 3 3 95 6 3 95 8 3 95 1 6 95 2 6 95 3 6 95 6 6 95 8 6 95 1 8 95 2 8 95 3 8 95 6 8 95 8 8 95 1 9 95 2 9 95 3 9 95 6 9 95 8 9 95 1 10 95 2 10 95 3 10 95 6 10 95 8 10 95 1 12 95 2 12 95 3 12 95 6 12 95 8 12 95 0 24 2 2 65 5 2 65 8 2 65 9 2 65 2 4 65 5 4 65 8 4 65 9 4 65 2 5 65 5 5 65 8 5 65 9 5 65 2 6 65 5 6 65 8 6 65 9 6 65 2 7 65 5 7 65 8 7 65 9 7 65 2 10 65 5 10 65 8 10 65 9 10 65 0 30 1 2 73 3 2 73 5 2 73 7 2 73 8 2 73 1 6 73 3 6 73 5 6 73 7 6 73 8 6 73 1 7 73 3 7 73 5 7 73 7 7 73 8 7 73 1 10 73 3 10 73 5 10 73 7 10 73 8 10 73 1 11 73 3 11 73 5 11 73 7 11 73 8 11 73 1 12 73 3 12 73 5 12 73 7 12 73 8 12 73 1 6 1 96 4 96 5 96 8 96 10 96 12 96 0 36 2 3 42 3 3 42 5 3 42 7 3 42 8 3 42 9 3 42 2 4 42 3 4 42 5 4 42 7 4 42 8 4 42 9 4 42 2 5 42 3 5 42 5 5 42 7 5 42 8 5 42 9 5 42 2 8 42 3 8 42 5 8 42 7 8 42 8 8 42 9 8 42 2 9 42 3 9 42 5 9 42 7 9 42 8 9 42 9 9 42 2 12 42 3 12 42 5 12 42 7 12 42 8 12 42 9 12 42 0 18 1 2 53 8 2 53 9 2 53 1 3 53 8 3 53 9 3 53 1 4 53 8 4 53 9 4 53 1 5 53 8 5 53 9 5 53 1 7 53 8 7 53 9 7 53 1 8 53 8 8 53 9 8 53 
16 0 42 2 3 61 3 3 61 5 3 61 6 3 61 7 3 61 9 3 61 10 3 61 2 4 61 3 4 61 5 4 61 6 4 61 7 4 61 9 4 61 10 4 61 2 7 61 3 7 61 5 7 61 6 7 61 7 7 61 9 7 61 10 7 61 2 10 61 3 10 61 5 10 61 6 10 61 7 10 61 9 10 61 10 10 61 2 11 61 3 11 61 5 11 61 6 11 61 7 11 61 9 11 61 10 11 61 2 12 61 3 12 61 5 12 61 6 12 61 7 12 61 9 12 61 10 12 61 0 24 4 2 24 6 2 24 7 2 24 10 2 24 4 3 24 6 3 24 7 3 24 10 3 24 4 4 24 6 4 24 7 4 24 10 4 24 4 8 24 6 8 24 7 8 24 10 8 24 4 9 24 6 9 24 7 9 24 10 9 24 4 12 24 6 12 24 7 12 24 10 12 24 0 36 1 1 90 5 1 90 7 1 90 8 1 90 9 1 90 10 1 90 1 2 90 5 2 90 7 2 90 8 2 90 9 2 90 10 2 90 1 5 90 5 5 90 7 5 90 8 5 90 9 5 90 10 5 90 1 6 90 5 6 90 7 6 90 8 6 90 9 6 90 10 6 90 1 9 90 5 9 90 7 9 90 8 9 90 9 9 90 10 9 90 1 11 90 5 11 90 7 11 90 8 11 90 9 11 90 10 11 90 0 30 3 4 11 6 4 11 7 4 11 9 4 11 10 4 11 3 5 11 6 5 11 7 5 11 9 5 11 10 5 11 3 9 11 6 9 11 7 9 11 9 9 11 10 9 11 3 10 11 6 10 11 7 10 11 9 10 11 10 10 11 3 11 11 6 11 11 7 11 11 9 11 11 10 11 11 3 12 11 6 12 11 7 12 11 9 12 11 10 12 11 0 42 1 1 12 2 1 12 5 1 12 7 1 12 8 1 12 9 1 12 10 1 12 1 5 12 2 5 12 5 5 12 7 5 12 8 5 12 9 5 12 10 5 12 1 6 12 2 6 12 5 6 12 7 6 12 8 6 12 9 6 12 10 6 12 1 9 12 2 9 12 5 9 12 7 9 12 8 9 12 9 9 12 10 9 12 1 10 12 2 10 12 5 10 12 7 10 12 8 10 12 9 10 12 10 10 12 1 12 12 2 12 12 5 12 12 7 12 12 8 12 12 9 12 12 10 12 12 0 18 1 3 68 2 3 68 9 3 68 1 5 68 2 5 68 9 5 68 1 6 68 2 6 68 9 6 68 1 7 68 2 7 68 9 7 68 1 10 68 2 10 68 9 10 68 1 11 68 2 11 68 9 11 68 0 30 1 1 61 7 1 61 8 1 61 9 1 61 10 1 61 1 3 61 7 3 61 8 3 61 9 3 61 10 3 61 1 7 61 7 7 61 8 7 61 9 7 61 10 7 61 1 8 61 7 8 61 8 8 61 9 8 61 10 8 61 1 9 61 7 9 61 8 9 61 9 9 61 10 9 61 1 12 61 7 12 61 8 12 61 9 12 61 10 12 61 0 12 3 4 40 8 4 40 3 7 40 8 7 40 3 8 40 8 8 40 3 9 40 8 9 40 3 10 40 8 10 40 3 11 40 8 11 40 0 18 3 1 70 6 1 70 7 1 70 3 2 70 6 2 70 7 2 70 3 7 70 6 7 70 7 7 70 3 8 70 6 8 70 7 8 70 3 9 70 6 9 70 7 9 70 3 10 70 6 10 70 7 10 70 0 36 1 2 76 2 2 76 3 2 76 4 2 76 5 2 76 8 2 76 1 3 76 2 3 76 3 3 76 4 3 76 5 3 76 8 3 76 1 6 76 2 6 76 3 6 76 4 6 76 5 6 76 8 6 76 1 9 76 2 9 76 3 9 76 4 9 76 5 9 76 8 9 76 1 10 76 2 10 76 3 10 76 4 10 76 5 10 76 8 10 76 1 12 76 2 12 76 3 12 76 4 12 76 5 12 76 8 12 76 0 24 2 2 48 4 2 48 7 2 48 9 2 48 2 3 48 4 3 48 7 3 48 9 3 48 2 4 48 4 4 48 7 4 48 9 4 48 2 6 48 4 6 48 7 6 48 9 6 48 2 8 48 4 8 48 7 8 48 9 8 48 2 11 48 4 11 48 7 11 48 9 11 48 1 6 2 19 3 19 6 19 8 19 9 19 12 19 1 6 3 49 6 49 8 49 9 49 10 49 11 49 0 18 1 3 76 4 3 76 5 3 76 1 6 76 4 6 76 5 6 76 1 7 76 4 7 76 5 7 76 1 8 76 4 8 76 5 8 76 1 9 76 4 9 76 5 9 76 1 11 76 4 11 76 5 11 76 0 42 2 1 24 3 1 24 4 1 24 6 1 24 7 1 24 9 1 24 10 1 24 2 3 24 3 3 24 4 3 24 6 3 24 7 3 24 9 3 24 10 3 24 2 4 24 3 4 24 4 4 24 6 4 24 7 4 24 9 4 24 10 4 24 2 5 24 3 5 24 4 5 24 6 5 24 7 5 24 9 5 24 10 5 24 2 8 24 3 8 24 4 8 24 6 8 24 7 8 24 9 8 24 10 8 24 2 11 24 3 11 24 4 11 24 6 11 24 7 11 24 9 11 24 10 11 24 0 18 2 1 35 5 1 35 8 1 35 2 2 35 5 2 35 8 2 35 2 3 35 5 3 35 8 3 35 2 4 35 5 4 35 8 4 35 2 7 35 5 7 35 8 7 35 2 12 35 5 12 35 8 12 35 
25 0 24 2 2 10 3 2 10 4 2 10 8 2 10 2 3 10 3 3 10 4 3 10 8 3 10 2 5 10 3 5 10 4 5 10 8 5 10 2 9 10 3 9 10 4 9 10 8 9 10 2 11 10 3 11 10 4 11 10 8 11 10 2 12 10 3 12 10 4 12 10 8 12 10 0 36 2 1 46 5 1 46 6 1 46 7 1 46 8 1 46 10 1 46 2 2 46 5 2 46 6 2 46 7 2 46 8 2 46 10 2 46 2 3 46 5 3 46 6 3 46 7 3 46 8 3 46 10 3 46 2 4 46 5 4 46 6 4 46 7 4 46 8 4 46 10 4 46 2 8 46 5 8 46 6 8 46 7 8 46 8 8 46 10 8 46 2 10 46 5 10 46 6 10 46 7 10 46 8 10 46 10 10 46 0 30 2 1 18 4 1 18 5 1 18 7 1 18 8 1 18 2 2 18 4 2 18 5 2 18 7 2 18 8 2 18 2 6 18 4 6 18 5 6 18 7 6 18 8 6 18 2 10 18 4 10 18 5 10 18 7 10 18 8 10 18 2 11 18 4 11 18 5 11 18 7 11 18 8 11 18 2 12 18 4 12 18 5 12 18 7 12 18 8 12 18 0 24 2 1 72 4 1 72 9 1 72 10 1 72 2 3 72 4 3 72 9 3 72 10 3 72 2 4 72 4 4 72 9 4 72 10 4 72 2 5 72 4 5 72 9 5 72 10 5 72 2 8 72 4 8 72 9 8 72 10 8 72 2 10 72 4 10 72 9 10 72 10 10 72 0 36 1 1 32 2 1 32 3 1 32 5 1 32 6 1 32 8 1 32 1 3 32 2 3 32 3 3 32 5 3 32 6 3 32 8 3 32 1 4 32 2 4 32 3 4 32 5 4 32 6 4 32 8 4 32 1 6 32 2 6 32 3 6 32 5 6 32 6 6 32 8 6 32 1 9 32 2 9 32 3 9 32 5 9 32 6 9 32 8 9 32 1 11 32 2 11 32 3 11 32 5 11 32 6 11 32 8 11 32 0 24 2 1 92 5 1 92 7 1 92 8 1 92 2 2 92 5 2 92 7 2 92 8 2 92 2 4 92 5 4 92 7 4 92 8 4 92 2 6 92 5 6 92 7 6 92 8 6 92 2 9 92 5 9 92 7 9 92 8 9 92 2 12 92 5 12 92 7 12 92 8 12 92 0 24 2 1 14 3 1 14 8 1 14 9 1 14 2 2 14 3 2 14 8 2 14 9 2 14 2 5 14 3 5 14 8 5 14 9 5 14 2 6 14 3 6 14 8 6 14 9 6 14 2 9 14 3 9 14 8 9 14 9 9 14 2 11 14 3 11 14 8 11 14 9 11 14 0 36 3 2 53 6 2 53 7 2 53 8 2 53 9 2 53 10 2 53 3 3 53 6 3 53 7 3 53 8 3 53 9 3 53 10 3 53 3 6 53 6 6 53 7 6 53 8 6 53 9 6 53 10 6 53 3 7 53 6 7 53 7 7 53 8 7 53 9 7 53 10 7 53 3 10 53 6 10 53 7 10 53 8 10 53 9 10 53 10 10 53 3 12 53 6 12 53 7 12 53 8 12 53 9 12 53 10 12 53 0 24 3 1 49 7 1 49 8 1 49 10 1 49 3 4 49 7 4 49 8 4 49 10 4 49 3 5 49 7 5 49 8 5 49 10 5 49 3 6 49 7 6 49 8 6 49 10 6 49 3 8 49 7 8 49 8 8 49 10 8 49 3 12 49 7 12 49 8 12 49 10 12 49 0 24 1 3 83 2 3 83 5 3 83 6 3 83 1 4 83 2 4 83 5 4 83 6 4 83 1 7 83 2 7 83 5 7 83 6 7 83 1 10 83 2 10 83 5 10 83 6 10 83 1 11 83 2 11 83 5 11 83 6 11 83 1 12 83 2 12 83 5 12 83 6 12 83 0 36 1 2 81 2 2 81 3 2 81 5 2 81 7 2 81 9 2 81 1 3 81 2 3 81 3 3 81 5 3 81 7 3 81 9 3 81 1 6 81 2 6 81 3 6 81 5 6 81 7 6 81 9 6 81 1 7 81 2 7 81 3 7 81 5 7 81 7 7 81 9 7 81 1 10 81 2 10 81 3 10 81 5 10 81 7 10 81 9 10 81 1 11 81 2 11 81 3 11 81 5 11 81 7 11 81 9 11 81 0 30 1 5 76 5 5 76 7 5 76 8 5 76 10 5 76 1 6 76 5 6 76 7 6 76 8 6 76 10 6 76 1 7 76 5 7 76 7 7 76 8 7 76 10 7 76 1 9 76 5 9 76 7 9 76 8 9 76 10 9 76 1 10 76 5 10 76 7 10 76 8 10 76 10 10 76 1 11 76 5 11 76 7 11 76 8 11 76 10 11 76 0 24 3 3 88 4 3 88 8 3 88 10 3 88 3 6 88 4 6 88 8 6 88 10 6 88 3 8 88 4 8 88 8 8 88 10 8 88 3 10 88 4 10 88 8 10 88 10 10 88 3 11 88 4 11 88 8 11 88 10 11 88 3 12 88 4 12 88 8 12 88 10 12 88 0 30 1 1 34 3 1 34 5 1 34 6 1 34 7 1 34 1 2 34 3 2 34 5 2 34 6 2 34 7 2 34 1 4 34 3 4 34 5 4 34 6 4 34 7 4 34 1 6 34 3 6 34 5 6 34 6 6 34 7 6 34 1 9 34 3 9 34 5 9 34 6 9 34 7 9 34 1 10 34 3 10 34 5 10 34 6 10 34 7 10 34 0 30 1 3 54 4 3 54 6 3 54 7 3 54 9 3 54 1 4 54 4 4 54 6 4 54 7 4 54 9 4 54 1 7 54 4 7 54 6 7 54 7 7 54 9 7 54 1 8 54 4 8 54 6 8 54 7 8 54 9 8 54 1 11 54 4 11 54 6 11 54 7 11 54 9 11 54 1 12 54 4 12 54 6 12 54 7 12 54 9 12 54 0 30 4 1 22 5 1 22 6 1 22 7 1 22 9 1 22 4 3 22 5 3 22 6 3 22 7 3 22 9 3 22 4 4 22 5 4 22 6 4 22 7 4 22 9 4 22 4 6 22 5 6 22 6 6 22 7 6 22 9 6 22 4 10 22 5 10 22 6 10 22 7 10 22 9 10 22 4 11 22 5 11 22 6 11 22 7 11 22 9 11 22 0 24 2 1 47 3 1 47 4 1 47 5 1 47 2 2 47 3 2 47 4 2 47 5 2 47 2 6 47 3 6 47 4 6 47 5 6 47 2 8 47 3 8 47 4 8 47 5 8 47 2 10 47 3 10 47 4 10 47 5 10 47 2 11 47 3 11 47 4 11 47 5 11 47 0 30 1 1 31 4 1 31 5 1 31 7 1 31 8 1 31 1 4 31 4 4 31 5 4 31 7 4 31 8 4 31 1 5 31 4 5 31 5 5 31 7 5 31 8 5 31 1 6 31 4 6 31 5 6 31 7 6 31 8 6 31 1 7 31 4 7 31 5 7 31 7 7 31 8 7 31 1 11 31 4 11 31 5 11 31 7 11 31 8 11 31 0 24 2 1 43 5 1 43 8 1 43 9 1 43 2 2 43 5 2 43 8 2 43 9 2 43 2 4 43 5 4 43 8 4 43 9 4 43 2 7 43 5 7 43 8 7 43 9 7 43 2 9 43 5 9 43 8 9 43 9 9 43 2 10 43 5 10 43 8 10 43 9 10 43 0 24 2 1 29 3 1 29 5 1 29 10 1 29 2 3 29 3 3 29 5 3 29 10 3 29 2 4 29 3 4 29 5 4 29 10 4 29 2 6 29 3 6 29 5 6 29 10 6 29 2 8 29 3 8 29 5 8 29 10 8 29 2 12 29 3 12 29 5 12 29 10 12 29 0 42 1 1 59 2 1 59 3 1 59 4 1 59 5 1 59 7 1 59 10 1 59 1 3 59 2 3 59 3 3 59 4 3 59 5 3 59 7 3 59 10 3 59 1 6 59 2 6 59 3 6 59 4 6 59 5 6 59 7 6 59 10 6 59 1 8 59 2 8 59 3 8 59 4 8 59 5 8 59 7 8 59 10 8 59 1 9 59 2 9 59 3 9 59 4 9 59 5 9 59 7 9 59 10 9 59 1 11 59 2 11 59 3 11 59 4 11 59 5 11 59 7 11 59 10 11 59 1 6 3 26 4 26 5 26 6 26 7 26 10 26 0 36 1 1 57 3 1 57 6 1 57 7 1 57 8 1 57 9 1 57 1 3 57 3 3 57 6 3 57 7 3 57 8 3 57 9 3 57 1 4 57 3 4 57 6 4 57 7 4 57 8 4 57 9 4 57 1 6 57 3 6 57 6 6 57 7 6 57 8 6 57 9 6 57 1 10 57 3 10 57 6 10 57 7 10 57 8 10 57 9 10 57 1 12 57 3 12 57 6 12 57 7 12 57 8 12 57 9 12 57 0 24 1 1 11 3 1 11 5 1 11 8 1 11 1 5 11 3 5 11 5 5 11 8 5 11 1 6 11 3 6 11 5 6 11 8 6 11 1 7 11 3 7 11 5 7 11 8 7 11 1 8 11 3 8 11 5 8 11 8 8 11 1 12 11 3 12 11 5 12 11 8 12 11 0 12 4 2 90 7 2 90 4 3 90 7 3 90 4 7 90 7 7 90 4 8 90 7 8 90 4 10 90 7 10 90 4 11 90 7 11 90 
17 0 24 1 1 55 3 1 55 7 1 55 10 1 55 1 3 55 3 3 55 7 3 55 10 3 55 1 6 55 3 6 55 7 6 55 10 6 55 1 10 55 3 10 55 7 10 55 10 10 55 1 11 55 3 11 55 7 11 55 10 11 55 1 12 55 3 12 55 7 12 55 10 12 55 0 42 1 1 71 3 1 71 4 1 71 6 1 71 7 1 71 8 1 71 9 1 71 1 2 71 3 2 71 4 2 71 6 2 71 7 2 71 8 2 71 9 2 71 1 6 71 3 6 71 4 6 71 6 6 71 7 6 71 8 6 71 9 6 71 1 7 71 3 7 71 4 7 71 6 7 71 7 7 71 8 7 71 9 7 71 1 9 71 3 9 71 4 9 71 6 9 71 7 9 71 8 9 71 9 9 71 1 12 71 3 12 71 4 12 71 6 12 71 7 12 71 8 12 71 9 12 71 0 24 3 2 64 6 2 64 8 2 64 10 2 64 3 3 64 6 3 64 8 3 64 10 3 64 3 6 64 6 6 64 8 6 64 10 6 64 3 8 64 6 8 64 8 8 64 10 8 64 3 10 64 6 10 64 8 10 64 10 10 64 3 11 64 6 11 64 8 11 64 10 11 64 0 24 2 2 36 4 2 36 6 2 36 7 2 36 2 5 36 4 5 36 6 5 36 7 5 36 2 7 36 4 7 36 6 7 36 7 7 36 2 8 36 4 8 36 6 8 36 7 8 36 2 10 36 4 10 36 6 10 36 7 10 36 2 11 36 4 11 36 6 11 36 7 11 36 0 48 1 1 26 2 1 26 3 1 26 4 1 26 5 1 26 6 1 26 8 1 26 10 1 26 1 2 26 2 2 26 3 2 26 4 2 26 5 2 26 6 2 26 8 2 26 10 2 26 1 6 26 2 6 26 3 6 26 4 6 26 5 6 26 6 6 26 8 6 26 10 6 26 1 8 26 2 8 26 3 8 26 4 8 26 5 8 26 6 8 26 8 8 26 10 8 26 1 9 26 2 9 26 3 9 26 4 9 26 5 9 26 6 9 26 8 9 26 10 9 26 1 10 26 2 10 26 3 10 26 4 10 26 5 10 26 6 10 26 8 10 26 10 10 26 1 6 2 34 5 34 7 34 8 34 11 34 12 34 0 24 1 2 68 4 2 68 8 2 68 9 2 68 1 5 68 4 5 68 8 5 68 9 5 68 1 6 68 4 6 68 8 6 68 9 6 68 1 9 68 4 9 68 8 9 68 9 9 68 1 11 68 4 11 68 8 11 68 9 11 68 1 12 68 4 12 68 8 12 68 9 12 68 0 48 1 4 55 2 4 55 3 4 55 4 4 55 5 4 55 6 4 55 7 4 55 10 4 55 1 5 55 2 5 55 3 5 55 4 5 55 5 5 55 6 5 55 7 5 55 10 5 55 1 6 55 2 6 55 3 6 55 4 6 55 5 6 55 6 6 55 7 6 55 10 6 55 1 9 55 2 9 55 3 9 55 4 9 55 5 9 55 6 9 55 7 9 55 10 9 55 1 10 55 2 10 55 3 10 55 4 10 55 5 10 55 6 10 55 7 10 55 10 10 55 1 12 55 2 12 55 3 12 55 4 12 55 5 12 55 6 12 55 7 12 55 10 12 55 0 30 2 2 41 3 2 41 5 2 41 7 2 41 10 2 41 2 4 41 3 4 41 5 4 41 7 4 41 10 4 41 2 5 41 3 5 41 5 5 41 7 5 41 10 5 41 2 8 41 3 8 41 5 8 41 7 8 41 10 8 41 2 9 41 3 9 41 5 9 41 7 9 41 10 9 41 2 12 41 3 12 41 5 12 41 7 12 41 10 12 41 0 36 1 1 36 3 1 36 4 1 36 5 1 36 8 1 36 9 1 36 1 3 36 3 3 36 4 3 36 5 3 36 8 3 36 9 3 36 1 9 36 3 9 36 4 9 36 5 9 36 8 9 36 9 9 36 1 10 36 3 10 36 4 10 36 5 10 36 8 10 36 9 10 36 1 11 36 3 11 36 4 11 36 5 11 36 8 11 36 9 11 36 1 12 36 3 12 36 4 12 36 5 12 36 8 12 36 9 12 36 0 18 1 1 64 5 1 64 8 1 64 1 4 64 5 4 64 8 4 64 1 5 64 5 5 64 8 5 64 1 7 64 5 7 64 8 7 64 1 11 64 5 11 64 8 11 64 1 12 64 5 12 64 8 12 64 0 30 1 1 91 3 1 91 4 1 91 5 1 91 8 1 91 1 4 91 3 4 91 4 4 91 5 4 91 8 4 91 1 5 91 3 5 91 4 5 91 5 5 91 8 5 91 1 7 91 3 7 91 4 7 91 5 7 91 8 7 91 1 9 91 3 9 91 4 9 91 5 9 91 8 9 91 1 10 91 3 10 91 4 10 91 5 10 91 8 10 91 0 24 1 1 16 8 1 16 9 1 16 10 1 16 1 2 16 8 2 16 9 2 16 10 2 16 1 5 16 8 5 16 9 5 16 10 5 16 1 6 16 8 6 16 9 6 16 10 6 16 1 8 16 8 8 16 9 8 16 10 8 16 1 12 16 8 12 16 9 12 16 10 12 16 0 30 2 3 29 3 3 29 5 3 29 6 3 29 7 3 29 2 4 29 3 4 29 5 4 29 6 4 29 7 4 29 2 6 29 3 6 29 5 6 29 6 6 29 7 6 29 2 10 29 3 10 29 5 10 29 6 10 29 7 10 29 2 11 29 3 11 29 5 11 29 6 11 29 7 11 29 2 12 29 3 12 29 5 12 29 6 12 29 7 12 29 0 36 2 2 87 3 2 87 7 2 87 8 2 87 9 2 87 10 2 87 2 4 87 3 4 87 7 4 87 8 4 87 9 4 87 10 4 87 2 6 87 3 6 87 7 6 87 8 6 87 9 6 87 10 6 87 2 7 87 3 7 87 7 7 87 8 7 87 9 7 87 10 7 87 2 8 87 3 8 87 7 8 87 8 8 87 9 8 87 10 8 87 2 11 87 3 11 87 7 11 87 8 11 87 9 11 87 10 11 87 0 42 1 1 76 3 1 76 4 1 76 6 1 76 7 1 76 8 1 76 10 1 76 1 2 76 3 2 76 4 2 76 6 2 76 7 2 76 8 2 76 10 2 76 1 3 76 3 3 76 4 3 76 6 3 76 7 3 76 8 3 76 10 3 76 1 6 76 3 6 76 4 6 76 6 6 76 7 6 76 8 6 76 10 6 76 1 8 76 3 8 76 4 8 76 6 8 76 7 8 76 8 8 76 10 8 76 1 9 76 3 9 76 4 9 76 6 9 76 7 9 76 8 9 76 10 9 76 0 30 1 2 69 2 2 69 6 2 69 7 2 69 9 2 69 1 3 69 2 3 69 6 3 69 7 3 69 9 3 69 1 5 69 2 5 69 6 5 69 7 5 69 9 5 69 1 6 69 2 6 69 6 6 69 7 6 69 9 6 69 1 7 69 2 7 69 6 7 69 7 7 69 9 7 69 1 12 69 2 12 69 6 12 69 7 12 69 9 12 69 
21 0 18 1 5 72 2 5 72 5 5 72 1 6 72 2 6 72 5 6 72 1 7 72 2 7 72 5 7 72 1 9 72 2 9 72 5 9 72 1 11 72 2 11 72 5 11 72 1 12 72 2 12 72 5 12 72 0 30 1 1 66 5 1 66 6 1 66 8 1 66 9 1 66 1 3 66 5 3 66 6 3 66 8 3 66 9 3 66 1 4 66 5 4 66 6 4 66 8 4 66 9 4 66 1 7 66 5 7 66 6 7 66 8 7 66 9 7 66 1 9 66 5 9 66 6 9 66 8 9 66 9 9 66 1 12 66 5 12 66 6 12 66 8 12 66 9 12 66 0 18 3 2 33 5 2 33 10 2 33 3 3 33 5 3 33 10 3 33 3 4 33 5 4 33 10 4 33 3 6 33 5 6 33 10 6 33 3 9 33 5 9 33 10 9 33 3 11 33 5 11 33 10 11 33 0 30 1 1 21 3 1 21 5 1 21 6 1 21 10 1 21 1 4 21 3 4 21 5 4 21 6 4 21 10 4 21 1 5 21 3 5 21 5 5 21 6 5 21 10 5 21 1 7 21 3 7 21 5 7 21 6 7 21 10 7 21 1 9 21 3 9 21 5 9 21 6 9 21 10 9 21 1 10 21 3 10 21 5 10 21 6 10 21 10 10 21 0 30 2 3 81 5 3 81 6 3 81 8 3 81 10 3 81 2 5 81 5 5 81 6 5 81 8 5 81 10 5 81 2 7 81 5 7 81 6 7 81 8 7 81 10 7 81 2 9 81 5 9 81 6 9 81 8 9 81 10 9 81 2 11 81 5 11 81 6 11 81 8 11 81 10 11 81 2 12 81 5 12 81 6 12 81 8 12 81 10 12 81 1 6 2 22 4 22 5 22 6 22 7 22 9 22 0 24 2 1 60 6 1 60 9 1 60 10 1 60 2 2 60 6 2 60 9 2 60 10 2 60 2 3 60 6 3 60 9 3 60 10 3 60 2 4 60 6 4 60 9 4 60 10 4 60 2 9 60 6 9 60 9 9 60 10 9 60 2 12 60 6 12 60 9 12 60 10 12 60 0 36 1 1 85 5 1 85 7 1 85 8 1 85 9 1 85 10 1 85 1 2 85 5 2 85 7 2 85 8 2 85 9 2 85 10 2 85 1 4 85 5 4 85 7 4 85 8 4 85 9 4 85 10 4 85 1 6 85 5 6 85 7 6 85 8 6 85 9 6 85 10 6 85 1 10 85 5 10 85 7 10 85 8 10 85 9 10 85 10 10 85 1 11 85 5 11 85 7 11 85 8 11 85 9 11 85 10 11 85 0 24 1 1 37 4 1 37 8 1 37 10 1 37 1 6 37 4 6 37 8 6 37 10 6 37 1 7 37 4 7 37 8 7 37 10 7 37 1 8 37 4 8 37 8 8 37 10 8 37 1 11 37 4 11 37 8 11 37 10 11 37 1 12 37 4 12 37 8 12 37 10 12 37 0 36 1 3 70 3 3 70 5 3 70 6 3 70 9 3 70 10 3 70 1 4 70 3 4 70 5 4 70 6 4 70 9 4 70 10 4 70 1 6 70 3 6 70 5 6 70 6 6 70 9 6 70 10 6 70 1 8 70 3 8 70 5 8 70 6 8 70 9 8 70 10 8 70 1 9 70 3 9 70 5 9 70 6 9 70 9 9 70 10 9 70 1 12 70 3 12 70 5 12 70 6 12 70 9 12 70 10 12 70 0 12 2 4 58 8 4 58 2 6 58 8 6 58 2 7 58 8 7 58 2 10 58 8 10 58 2 11 58 8 11 58 2 12 58 8 12 58 0 24 3 4 49 4 4 49 9 4 49 10 4 49 3 5 49 4 5 49 9 5 49 10 5 49 3 7 49 4 7 49 9 7 49 10 7 49 3 9 49 4 9 49 9 9 49 10 9 49 3 10 49 4 10 49 9 10 49 10 10 49 3 11 49 4 11 49 9 11 49 10 11 49 0 30 1 4 59 3 4 59 4 4 59 7 4 59 10 4 59 1 5 59 3 5 59 4 5 59 7 5 59 10 5 59 1 6 59 3 6 59 4 6 59 7 6 59 10 6 59 1 7 59 3 7 59 4 7 59 7 7 59 10 7 59 1 8 59 3 8 59 4 8 59 7 8 59 10 8 59 1 12 59 3 12 59 4 12 59 7 12 59 10 12 59 0 36 4 2 54 5 2 54 6 2 54 7 2 54 9 2 54 10 2 54 4 5 54 5 5 54 6 5 54 7 5 54 9 5 54 10 5 54 4 7 54 5 7 54 6 7 54 7 7 54 9 7 54 10 7 54 4 9 54 5 9 54 6 9 54 7 9 54 9 9 54 10 9 54 4 10 54 5 10 54 6 10 54 7 10 54 9 10 54 10 10 54 4 11 54 5 11 54 6 11 54 7 11 54 9 11 54 10 11 54 0 36 2 1 39 3 1 39 4 1 39 5 1 39 6 1 39 10 1 39 2 3 39 3 3 39 4 3 39 5 3 39 6 3 39 10 3 39 2 4 39 3 4 39 4 4 39 5 4 39 6 4 39 10 4 39 2 5 39 3 5 39 4 5 39 5 5 39 6 5 39 10 5 39 2 9 39 3 9 39 4 9 39 5 9 39 6 9 39 10 9 39 2 10 39 3 10 39 4 10 39 5 10 39 6 10 39 10 10 39 0 24 5 5 78 6 5 78 9 5 78 10 5 78 5 6 78 6 6 78 9 6 78 10 6 78 5 7 78 6 7 78 9 7 78 10 7 78 5 8 78 6 8 78 9 8 78 10 8 78 5 9 78 6 9 78 9 9 78 10 9 78 5 10 78 6 10 78 9 10 78 10 10 78 1 6 2 95 4 95 5 95 6 95 8 95 12 95 0 12 5 1 21 8 1 21 5 2 21 8 2 21 5 5 21 8 5 21 5 10 21 8 10 21 5 11 21 8 11 21 5 12 21 8 12 21 0 24 3 1 36 6 1 36 8 1 36 10 1 36 3 3 36 6 3 36 8 3 36 10 3 36 3 6 36 6 6 36 8 6 36 10 6 36 3 7 36 6 7 36 8 7 36 10 7 36 3 9 36 6 9 36 8 9 36 10 9 36 3 10 36 6 10 36 8 10 36 10 10 36 0 42 1 1 66 2 1 66 3 1 66 4 1 66 8 1 66 9 1 66 10 1 66 1 5 66 2 5 66 3 5 66 4 5 66 8 5 66 9 5 66 10 5 66 1 6 66 2 6 66 3 6 66 4 6 66 8 6 66 9 6 66 10 6 66 1 7 66 2 7 66 3 7 66 4 7 66 8 7 66 9 7 66 10 7 66 1 9 66 2 9 66 3 9 66 4 9 66 8 9 66 9 9 66 10 9 66 1 12 66 2 12 66 3 12 66 4 12 66 8 12 66 9 12 66 10 12 66 0 24 1 2 84 2 2 84 3 2 84 8 2 84 1 3 84 2 3 84 3 3 84 8 3 84 1 5 84 2 5 84 3 5 84 8 5 84 1 8 84 2 8 84 3 8 84 8 8 84 1 10 84 2 10 84 3 10 84 8 10 84 1 11 84 2 11 84 3 11 84 8 11 84 
17 0 42 1 1 11 2 1 11 3 1 11 5 1 11 7 1 11 8 1 11 10 1 11 1 6 11 2 6 11 3 6 11 5 6 11 7 6 11 8 6 11 10 6 11 1 7 11 2 7 11 3 7 11 5 7 11 7 7 11 8 7 11 10 7 11 1 8 11 2 8 11 3 8 11 5 8 11 7 8 11 8 8 11 10 8 11 1 11 11 2 11 11 3 11 11 5 11 11 7 11 11 8 11 11 10 11 11 1 12 11 2 12 11 3 12 11 5 12 11 7 12 11 8 12 11 10 12 11 0 24 3 3 37 5 3 37 6 3 37 9 3 37 3 4 37 5 4 37 6 4 37 9 4 37 3 5 37 5 5 37 6 5 37 9 5 37 3 7 37 5 7 37 6 7 37 9 7 37 3 8 37 5 8 37 6 8 37 9 8 37 3 12 37 5 12 37 6 12 37 9 12 37 0 24 1 3 11 2 3 11 4 3 11 9 3 11 1 6 11 2 6 11 4 6 11 9 6 11 1 8 11 2 8 11 4 8 11 9 8 11 1 9 11 2 9 11 4 9 11 9 9 11 1 10 11 2 10 11 4 10 11 9 10 11 1 12 11 2 12 11 4 12 11 9 12 11 0 24 2 1 81 4 1 81 6 1 81 7 1 81 2 2 81 4 2 81 6 2 81 7 2 81 2 3 81 4 3 81 6 3 81 7 3 81 2 7 81 4 7 81 6 7 81 7 7 81 2 8 81 4 8 81 6 8 81 7 8 81 2 11 81 4 11 81 6 11 81 7 11 81 0 30 3 1 46 6 1 46 7 1 46 8 1 46 9 1 46 3 2 46 6 2 46 7 2 46 8 2 46 9 2 46 3 5 46 6 5 46 7 5 46 8 5 46 9 5 46 3 7 46 6 7 46 7 7 46 8 7 46 9 7 46 3 9 46 6 9 46 7 9 46 8 9 46 9 9 46 3 11 46 6 11 46 7 11 46 8 11 46 9 11 46 1 6 1 76 7 76 8 76 10 76 11 76 12 76 0 6 8 2 20 8 4 20 8 6 20 8 10 20 8 11 20 8 12 20 0 24 2 1 96 3 1 96 9 1 96 10 1 96 2 4 96 3 4 96 9 4 96 10 4 96 2 6 96 3 6 96 9 6 96 10 6 96 2 7 96 3 7 96 9 7 96 10 7 96 2 11 96 3 11 96 9 11 96 10 11 96 2 12 96 3 12 96 9 12 96 10 12 96 0 42 2 1 73 3 1 73 4 1 73 7 1 73 8 1 73 9 1 73 10 1 73 2 2 73 3 2 73 4 2 73 7 2 73 8 2 73 9 2 73 10 2 73 2 4 73 3 4 73 4 4 73 7 4 73 8 4 73 9 4 73 10 4 73 2 5 73 3 5 73 4 5 73 7 5 73 8 5 73 9 5 73 10 5 73 2 9 73 3 9 73 4 9 73 7 9 73 8 9 73 9 9 73 10 9 73 2 10 73 3 10 73 4 10 73 7 10 73 8 10 73 9 10 73 10 10 73 0 36 2 1 43 3 1 43 4 1 43 5 1 43 8 1 43 9 1 43 2 3 43 3 3 43 4 3 43 5 3 43 8 3 43 9 3 43 2 8 43 3 8 43 4 8 43 5 8 43 8 8 43 9 8 43 2 9 43 3 9 43 4 9 43 5 9 43 8 9 43 9 9 43 2 11 43 3 11 43 4 11 43 5 11 43 8 11 43 9 11 43 2 12 43 3 12 43 4 12 43 5 12 43 8 12 43 9 12 43 0 36 3 2 84 4 2 84 7 2 84 8 2 84 9 2 84 10 2 84 3 3 84 4 3 84 7 3 84 8 3 84 9 3 84 10 3 84 3 4 84 4 4 84 7 4 84 8 4 84 9 4 84 10 4 84 3 7 84 4 7 84 7 7 84 8 7 84 9 7 84 10 7 84 3 9 84 4 9 84 7 9 84 8 9 84 9 9 84 10 9 84 3 11 84 4 11 84 7 11 84 8 11 84 9 11 84 10 11 84 0 30 4 2 75 7 2 75 8 2 75 9 2 75 10 2 75 4 4 75 7 4 75 8 4 75 9 4 75 10 4 75 4 6 75 7 6 75 8 6 75 9 6 75 10 6 75 4 8 75 7 8 75 8 8 75 9 8 75 10 8 75 4 9 75 7 9 75 8 9 75 9 9 75 10 9 75 4 12 75 7 12 75 8 12 75 9 12 75 10 12 75 0 30 4 4 97 5 4 97 6 4 97 9 4 97 10 4 97 4 5 97 5 5 97 6 5 97 9 5 97 10 5 97 4 7 97 5 7 97 6 7 97 9 7 97 10 7 97 4 8 97 5 8 97 6 8 97 9 8 97 10 8 97 4 10 97 5 10 97 6 10 97 9 10 97 10 10 97 4 12 97 5 12 97 6 12 97 9 12 97 10 12 97 0 24 3 2 37 4 2 37 7 2 37 10 2 37 3 3 37 4 3 37 7 3 37 10 3 37 3 4 37 4 4 37 7 4 37 10 4 37 3 6 37 4 6 37 7 6 37 10 6 37 3 9 37 4 9 37 7 9 37 10 9 37 3 11 37 4 11 37 7 11 37 10 11 37 1 6 2 47 3 47 7 47 10 47 11 47 12 47 1 6 2 98 4 98 5 98 7 98 8 98 11 98 0 42 1 1 89 2 1 89 3 1 89 5 1 89 6 1 89 8 1 89 9 1 89 1 2 89 2 2 89 3 2 89 5 2 89 6 2 89 8 2 89 9 2 89 1 7 89 2 7 89 3 7 89 5 7 89 6 7 89 8 7 89 9 7 89 1 8 89 2 8 89 3 8 89 5 8 89 6 8 89 8 8 89 9 8 89 1 9 89 2 9 89 3 9 89 5 9 89 6 9 89 8 9 89 9 9 89 1 11 89 2 11 89 3 11 89 5 11 89 6 11 89 8 11 89 9 11 89 
23 0 36 2 1 69 5 1 69 6 1 69 7 1 69 8 1 69 10 1 69 2 4 69 5 4 69 6 4 69 7 4 69 8 4 69 10 4 69 2 7 69 5 7 69 6 7 69 7 7 69 8 7 69 10 7 69 2 9 69 5 9 69 6 9 69 7 9 69 8 9 69 10 9 69 2 10 69 5 10 69 6 10 69 7 10 69 8 10 69 10 10 69 2 12 69 5 12 69 6 12 69 7 12 69 8 12 69 10 12 69 0 24 2 1 87 3 1 87 4 1 87 7 1 87 2 2 87 3 2 87 4 2 87 7 2 87 2 3 87 3 3 87 4 3 87 7 3 87 2 7 87 3 7 87 4 7 87 7 7 87 2 9 87 3 9 87 4 9 87 7 9 87 2 10 87 3 10 87 4 10 87 7 10 87 0 18 1 3 77 2 3 77 6 3 77 1 5 77 2 5 77 6 5 77 1 6 77 2 6 77 6 6 77 1 9 77 2 9 77 6 9 77 1 11 77 2 11 77 6 11 77 1 12 77 2 12 77 6 12 77 0 36 2 2 18 3 2 18 6 2 18 7 2 18 9 2 18 10 2 18 2 3 18 3 3 18 6 3 18 7 3 18 9 3 18 10 3 18 2 4 18 3 4 18 6 4 18 7 4 18 9 4 18 10 4 18 2 8 18 3 8 18 6 8 18 7 8 18 9 8 18 10 8 18 2 9 18 3 9 18 6 9 18 7 9 18 9 9 18 10 9 18 2 12 18 3 12 18 6 12 18 7 12 18 9 12 18 10 12 18 0 30 1 1 18 2 1 18 3 1 18 7 1 18 8 1 18 1 4 18 2 4 18 3 4 18 7 4 18 8 4 18 1 5 18 2 5 18 3 5 18 7 5 18 8 5 18 1 6 18 2 6 18 3 6 18 7 6 18 8 6 18 1 7 18 2 7 18 3 7 18 7 7 18 8 7 18 1 12 18 2 12 18 3 12 18 7 12 18 8 12 18 0 42 1 2 15 2 2 15 3 2 15 6 2 15 8 2 15 9 2 15 10 2 15 1 3 15 2 3 15 3 3 15 6 3 15 8 3 15 9 3 15 10 3 15 1 5 15 2 5 15 3 5 15 6 5 15 8 5 15 9 5 15 10 5 15 1 7 15 2 7 15 3 7 15 6 7 15 8 7 15 9 7 15 10 7 15 1 8 15 2 8 15 3 8 15 6 8 15 8 8 15 9 8 15 10 8 15 1 10 15 2 10 15 3 10 15 6 10 15 8 10 15 9 10 15 10 10 15 0 36 2 1 44 3 1 44 4 1 44 6 1 44 8 1 44 9 1 44 2 3 44 3 3 44 4 3 44 6 3 44 8 3 44 9 3 44 2 6 44 3 6 44 4 6 44 6 6 44 8 6 44 9 6 44 2 7 44 3 7 44 4 7 44 6 7 44 8 7 44 9 7 44 2 9 44 3 9 44 4 9 44 6 9 44 8 9 44 9 9 44 2 12 44 3 12 44 4 12 44 6 12 44 8 12 44 9 12 44 0 18 7 1 70 9 1 70 10 1 70 7 2 70 9 2 70 10 2 70 7 4 70 9 4 70 10 4 70 7 5 70 9 5 70 10 5 70 7 6 70 9 6 70 10 6 70 7 7 70 9 7 70 10 7 70 0 30 1 2 20 4 2 20 6 2 20 9 2 20 10 2 20 1 4 20 4 4 20 6 4 20 9 4 20 10 4 20 1 6 20 4 6 20 6 6 20 9 6 20 10 6 20 1 7 20 4 7 20 6 7 20 9 7 20 10 7 20 1 8 20 4 8 20 6 8 20 9 8 20 10 8 20 1 12 20 4 12 20 6 12 20 9 12 20 10 12 20 1 6 3 70 4 70 5 70 7 70 10 70 12 70 0 30 2 2 19 3 2 19 5 2 19 6 2 19 9 2 19 2 6 19 3 6 19 5 6 19 6 6 19 9 6 19 2 7 19 3 7 19 5 7 19 6 7 19 9 7 19 2 10 19 3 10 19 5 10 19 6 10 19 9 10 19 2 11 19 3 11 19 5 11 19 6 11 19 9 11 19 2 12 19 3 12 19 5 12 19 6 12 19 9 12 19 0 24 2 3 24 3 3 24 4 3 24 5 3 24 2 8 24 3 8 24 4 8 24 5 8 24 2 9 24 3 9 24 4 9 24 5 9 24 2 10 24 3 10 24 4 10 24 5 10 24 2 11 24 3 11 24 4 11 24 5 11 24 2 12 24 3 12 24 4 12 24 5 12 24 0 36 1 2 44 3 2 44 4 2 44 8 2 44 9 2 44 10 2 44 1 4 44 3 4 44 4 4 44 8 4 44 9 4 44 10 4 44 1 6 44 3 6 44 4 6 44 8 6 44 9 6 44 10 6 44 1 7 44 3 7 44 4 7 44 8 7 44 9 7 44 10 7 44 1 8 44 3 8 44 4 8 44 8 8 44 9 8 44 10 8 44 1 10 44 3 10 44 4 10 44 8 10 44 9 10 44 10 10 44 0 30 1 2 21 2 2 21 3 2 21 8 2 21 9 2 21 1 5 21 2 5 21 3 5 21 8 5 21 9 5 21 1 8 21 2 8 21 3 8 21 8 8 21 9 8 21 1 9 21 2 9 21 3 9 21 8 9 21 9 9 21 1 10 21 2 10 21 3 10 21 8 10 21 9 10 21 1 12 21 2 12 21 3 12 21 8 12 21 9 12 21 0 36 2 1 69 3 1 69 4 1 69 6 1 69 7 1 69 8 1 69 2 4 69 3 4 69 4 4 69 6 4 69 7 4 69 8 4 69 2 5 69 3 5 69 4 5 69 6 5 69 7 5 69 8 5 69 2 6 69 3 6 69 4 6 69 6 6 69 7 6 69 8 6 69 2 9 69 3 9 69 4 9 69 6 9 69 7 9 69 8 9 69 2 12 69 3 12 69 4 12 69 6 12 69 7 12 69 8 12 69 0 30 2 1 19 3 1 19 4 1 19 5 1 19 9 1 19 2 4 19 3 4 19 4 4 19 5 4 19 9 4 19 2 7 19 3 7 19 4 7 19 5 7 19 9 7 19 2 8 19 3 8 19 4 8 19 5 8 19 9 8 19 2 10 19 3 10 19 4 10 19 5 10 19 9 10 19 2 11 19 3 11 19 4 11 19 5 11 19 9 11 19 0 24 1 1 84 3 1 84 5 1 84 10 1 84 1 2 84 3 2 84 5 2 84 10 2 84 1 3 84 3 3 84 5 3 84 10 3 84 1 4 84 3 4 84 5 4 84 10 4 84 1 6 84 3 6 84 5 6 84 10 6 84 1 12 84 3 12 84 5 12 84 10 12 84 0 18 3 3 47 7 3 47 8 3 47 3 5 47 7 5 47 8 5 47 3 6 47 7 6 47 8 6 47 3 7 47 7 7 47 8 7 47 3 8 47 7 8 47 8 8 47 3 11 47 7 11 47 8 11 47 0 12 7 1 86 10 1 86 7 3 86 10 3 86 7 6 86 10 6 86 7 7 86 10 7 86 7 10 86 10 10 86 7 11 86 10 11 86 0 36 2 4 31 4 4 31 5 4 31 7 4 31 8 4 31 10 4 31 2 6 31 4 6 31 5 6 31 7 6 31 8 6 31 10 6 31 2 7 31 4 7 31 5 7 31 7 7 31 8 7 31 10 7 31 2 9 31 4 9 31 5 9 31 7 9 31 8 9 31 10 9 31 2 10 31 4 10 31 5 10 31 7 10 31 8 10 31 10 10 31 2 11 31 4 11 31 5 11 31 7 11 31 8 11 31 10 11 31 1 6 1 42 3 42 7 42 9 42 10 42 11 42 0 48 1 1 11 2 1 11 3 1 11 5 1 11 6 1 11 8 1 11 9 1 11 10 1 11 1 4 11 2 4 11 3 4 11 5 4 11 6 4 11 8 4 11 9 4 11 10 4 11 1 6 11 2 6 11 3 6 11 5 6 11 6 6 11 8 6 11 9 6 11 10 6 11 1 7 11 2 7 11 3 7 11 5 7 11 6 7 11 8 7 11 9 7 11 10 7 11 1 10 11 2 10 11 3 10 11 5 10 11 6 10 11 8 10 11 9 10 11 10 10 11 1 11 11 2 11 11 3 11 11 5 11 11 6 11 11 8 11 11 9 11 11 10 11 11 0 48 1 1 23 2 1 23 4 1 23 6 1 23 7 1 23 8 1 23 9 1 23 10 1 23 1 2 23 2 2 23 4 2 23 6 2 23 7 2 23 8 2 23 9 2 23 10 2 23 1 5 23 2 5 23 4 5 23 6 5 23 7 5 23 8 5 23 9 5 23 10 5 23 1 8 23 2 8 23 4 8 23 6 8 23 7 8 23 8 8 23 9 8 23 10 8 23 1 11 23 2 11 23 4 11 23 6 11 23 7 11 23 8 11 23 9 11 23 10 11 23 1 12 23 2 12 23 4 12 23 6 12 23 7 12 23 8 12 23 9 12 23 10 12 23 
16 0 42 2 3 48 3 3 48 5 3 48 6 3 48 8 3 48 9 3 48 10 3 48 2 5 48 3 5 48 5 5 48 6 5 48 8 5 48 9 5 48 10 5 48 2 6 48 3 6 48 5 6 48 6 6 48 8 6 48 9 6 48 10 6 48 2 7 48 3 7 48 5 7 48 6 7 48 8 7 48 9 7 48 10 7 48 2 8 48 3 8 48 5 8 48 6 8 48 8 8 48 9 8 48 10 8 48 2 9 48 3 9 48 5 9 48 6 9 48 8 9 48 9 9 48 10 9 48 0 30 1 1 15 3 1 15 4 1 15 7 1 15 8 1 15 1 2 15 3 2 15 4 2 15 7 2 15 8 2 15 1 3 15 3 3 15 4 3 15 7 3 15 8 3 15 1 5 15 3 5 15 4 5 15 7 5 15 8 5 15 1 9 15 3 9 15 4 9 15 7 9 15 8 9 15 1 12 15 3 12 15 4 12 15 7 12 15 8 12 15 0 30 1 1 97 5 1 97 6 1 97 8 1 97 10 1 97 1 4 97 5 4 97 6 4 97 8 4 97 10 4 97 1 5 97 5 5 97 6 5 97 8 5 97 10 5 97 1 7 97 5 7 97 6 7 97 8 7 97 10 7 97 1 9 97 5 9 97 6 9 97 8 9 97 10 9 97 1 11 97 5 11 97 6 11 97 8 11 97 10 11 97 0 30 3 4 23 6 4 23 8 4 23 9 4 23 10 4 23 3 7 23 6 7 23 8 7 23 9 7 23 10 7 23 3 8 23 6 8 23 8 8 23 9 8 23 10 8 23 3 9 23 6 9 23 8 9 23 9 9 23 10 9 23 3 10 23 6 10 23 8 10 23 9 10 23 10 10 23 3 12 23 6 12 23 8 12 23 9 12 23 10 12 23 0 30 2 3 29 3 3 29 4 3 29 5 3 29 7 3 29 2 4 29 3 4 29 4 4 29 5 4 29 7 4 29 2 5 29 3 5 29 4 5 29 5 5 29 7 5 29 2 6 29 3 6 29 4 6 29 5 6 29 7 6 29 2 7 29 3 7 29 4 7 29 5 7 29 7 7 29 2 10 29 3 10 29 4 10 29 5 10 29 7 10 29 0 36 1 1 96 2 1 96 3 1 96 7 1 96 8 1 96 10 1 96 1 2 96 2 2 96 3 2 96 7 2 96 8 2 96 10 2 96 1 3 96 2 3 96 3 3 96 7 3 96 8 3 96 10 3 96 1 9 96 2 9 96 3 9 96 7 9 96 8 9 96 10 9 96 1 11 96 2 11 96 3 11 96 7 11 96 8 11 96 10 11 96 1 12 96 2 12 96 3 12 96 7 12 96 8 12 96 10 12 96 0 36 1 1 66 2 1 66 4 1 66 7 1 66 8 1 66 9 1 66 1 2 66 2 2 66 4 2 66 7 2 66 8 2 66 9 2 66 1 3 66 2 3 66 4 3 66 7 3 66 8 3 66 9 3 66 1 5 66 2 5 66 4 5 66 7 5 66 8 5 66 9 5 66 1 11 66 2 11 66 4 11 66 7 11 66 8 11 66 9 11 66 1 12 66 2 12 66 4 12 66 7 12 66 8 12 66 9 12 66 0 48 1 2 41 3 2 41 5 2 41 6 2 41 7 2 41 8 2 41 9 2 41 10 2 41 1 4 41 3 4 41 5 4 41 6 4 41 7 4 41 8 4 41 9 4 41 10 4 41 1 5 41 3 5 41 5 5 41 6 5 41 7 5 41 8 5 41 9 5 41 10 5 41 1 6 41 3 6 41 5 6 41 6 6 41 7 6 41 8 6 41 9 6 41 10 6 41 1 8 41 3 8 41 5 8 41 6 8 41 7 8 41 8 8 41 9 8 41 10 8 41 1 12 41 3 12 41 5 12 41 6 12 41 7 12 41 8 12 41 9 12 41 10 12 41 0 30 1 1 43 3 1 43 4 1 43 6 1 43 9 1 43 1 3 43 3 3 43 4 3 43 6 3 43 9 3 43 1 4 43 3 4 43 4 4 43 6 4 43 9 4 43 1 5 43 3 5 43 4 5 43 6 5 43 9 5 43 1 6 43 3 6 43 4 6 43 6 6 43 9 6 43 1 9 43 3 9 43 4 9 43 6 9 43 9 9 43 0 36 1 3 58 2 3 58 6 3 58 7 3 58 8 3 58 9 3 58 1 4 58 2 4 58 6 4 58 7 4 58 8 4 58 9 4 58 1 6 58 2 6 58 6 6 58 7 6 58 8 6 58 9 6 58 1 8 58 2 8 58 6 8 58 7 8 58 8 8 58 9 8 58 1 9 58 2 9 58 6 9 58 7 9 58 8 9 58 9 9 58 1 12 58 2 12 58 6 12 58 7 12 58 8 12 58 9 12 58 0 36 2 1 93 3 1 93 4 1 93 6 1 93 9 1 93 10 1 93 2 3 93 3 3 93 4 3 93 6 3 93 9 3 93 10 3 93 2 4 93 3 4 93 4 4 93 6 4 93 9 4 93 10 4 93 2 6 93 3 6 93 4 6 93 6 6 93 9 6 93 10 6 93 2 9 93 3 9 93 4 9 93 6 9 93 9 9 93 10 9 93 2 12 93 3 12 93 4 12 93 6 12 93 9 12 93 10 12 93 0 24 2 2 78 6 2 78 8 2 78 9 2 78 2 4 78 6 4 78 8 4 78 9 4 78 2 5 78 6 5 78 8 5 78 9 5 78 2 7 78 6 7 78 8 7 78 9 7 78 2 8 78 6 8 78 8 8 78 9 8 78 2 12 78 6 12 78 8 12 78 9 12 78 0 18 4 2 74 5 2 74 7 2 74 4 3 74 5 3 74 7 3 74 4 4 74 5 4 74 7 4 74 4 7 74 5 7 74 7 7 74 4 11 74 5 11 74 7 11 74 4 12 74 5 12 74 7 12 74 0 42 1 1 57 2 1 57 3 1 57 4 1 57 7 1 57 8 1 57 9 1 57 1 3 57 2 3 57 3 3 57 4 3 57 7 3 57 8 3 57 9 3 57 1 4 57 2 4 57 3 4 57 4 4 57 7 4 57 8 4 57 9 4 57 1 6 57 2 6 57 3 6 57 4 6 57 7 6 57 8 6 57 9 6 57 1 9 57 2 9 57 3 9 57 4 9 57 7 9 57 8 9 57 9 9 57 1 11 57 2 11 57 3 11 57 4 11 57 7 11 57 8 11 57 9 11 57 0 30 1 1 68 5 1 68 7 1 68 8 1 68 9 1 68 1 3 68 5 3 68 7 3 68 8 3 68 9 3 68 1 5 68 5 5 68 7 5 68 8 5 68 9 5 68 1 7 68 5 7 68 7 7 68 8 7 68 9 7 68 1 8 68 5 8 68 7 8 68 8 8 68 9 8 68 1 10 68 5 10 68 7 10 68 8 10 68 9 10 68 0 24 1 3 85 4 3 85 9 3 85 10 3 85 1 4 85 4 4 85 9 4 85 10 4 85 1 6 85 4 6 85 9 6 85 10 6 85 1 8 85 4 8 85 9 8 85 10 8 85 1 10 85 4 10 85 9 10 85 10 10 85 1 11 85 4 11 85 9 11 85 10 11 85 
