10 5 7
15 0 4 1 2 43 1 3 43 1 4 43 1 5 43 0 4 3 2 63 3 3 63 3 4 63 3 7 63 1 4 2 26 3 26 5 26 6 26 0 4 4 1 25 4 4 25 4 5 25 4 6 25 0 12 1 1 87 3 1 87 5 1 88 1 2 87 3 2 87 5 2 88 1 4 87 3 4 87 5 4 88 1 6 87 3 6 87 5 6 88 0 4 5 2 30 5 4 30 5 6 30 5 7 30 1 4 2 61 3 61 6 61 7 61 0 4 2 1 36 2 3 36 2 5 36 2 7 36 0 4 3 2 80 3 3 80 3 4 80 3 5 80 0 4 5 1 25 5 4 25 5 6 25 5 7 25 0 4 5 1 66 5 3 66 5 4 66 5 7 66 0 4 3 1 36 3 2 36 3 3 36 3 6 36 0 8 4 1 20 5 1 15 4 2 20 5 2 15 4 4 20 5 4 15 4 6 20 5 6 15 0 4 3 4 65 3 5 65 3 6 65 3 7 65 0 4 1 2 93 1 3 93 1 6 93 1 7 93 
20 0 8 1 1 42 3 1 46 1 4 42 3 4 46 1 5 42 3 5 46 1 6 42 3 6 46 0 4 2 1 81 2 2 81 2 3 81 2 4 81 0 4 1 1 66 1 3 66 1 4 66 1 7 66 0 4 1 1 45 1 5 45 1 6 45 1 7 45 0 4 2 1 84 2 2 84 2 3 84 2 4 84 0 4 3 1 70 3 3 70 3 6 70 3 7 70 0 4 5 2 33 5 3 33 5 5 33 5 6 33 0 4 4 4 96 4 5 96 4 6 96 4 7 96 0 4 5 1 16 5 3 16 5 4 16 5 7 16 0 4 3 2 21 3 4 21 3 6 21 3 7 21 0 4 4 1 86 4 3 86 4 4 86 4 5 86 0 8 2 1 20 4 1 21 2 2 20 4 2 21 2 3 20 4 3 21 2 4 20 4 4 21 0 4 2 2 72 2 4 72 2 5 72 2 6 72 0 4 5 3 34 5 4 34 5 5 34 5 7 34 0 4 5 3 68 5 5 68 5 6 68 5 7 68 0 8 1 2 53 2 2 49 1 3 53 2 3 49 1 5 53 2 5 49 1 7 53 2 7 49 0 4 4 1 53 4 2 53 4 4 53 4 5 53 1 4 2 37 3 37 4 37 5 37 0 8 2 1 50 5 1 48 2 3 50 5 3 48 2 4 50 5 4 48 2 6 50 5 6 48 0 4 2 1 71 2 3 71 2 5 71 2 6 71 
23 0 4 3 3 71 3 5 71 3 6 71 3 7 71 0 4 1 2 76 1 4 76 1 6 76 1 7 76 0 8 3 4 85 4 4 78 3 5 85 4 5 78 3 6 85 4 6 78 3 7 85 4 7 78 0 4 5 1 38 5 3 38 5 5 38 5 7 38 0 4 5 2 94 5 3 94 5 5 94 5 6 94 0 4 5 1 69 5 2 69 5 4 69 5 5 69 0 4 2 1 27 2 2 27 2 6 27 2 7 27 0 4 2 1 85 2 3 85 2 5 85 2 7 85 0 4 3 2 74 3 3 74 3 4 74 3 5 74 0 4 4 2 45 4 3 45 4 5 45 4 6 45 1 4 1 62 5 62 6 62 7 62 0 8 1 2 53 5 2 53 1 3 53 5 3 53 1 4 53 5 4 53 1 5 53 5 5 53 0 4 1 1 37 1 4 37 1 5 37 1 7 37 1 4 2 90 3 90 4 90 7 90 0 4 1 3 36 1 4 36 1 6 36 1 7 36 0 4 5 1 53 5 2 53 5 4 53 5 6 53 0 4 2 1 69 2 2 69 2 5 69 2 7 69 0 4 5 1 61 5 2 61 5 3 61 5 5 61 0 4 1 1 56 1 2 56 1 3 56 1 5 56 0 4 2 2 31 2 4 31 2 5 31 2 6 31 1 4 1 27 4 27 5 27 7 27 0 4 4 1 33 4 3 33 4 6 33 4 7 33 0 4 1 1 71 1 2 71 1 4 71 1 7 71 
18 1 4 1 76 2 76 5 76 6 76 0 4 3 2 71 3 3 71 3 5 71 3 6 71 0 4 2 1 64 2 2 64 2 3 64 2 6 64 0 4 1 3 45 1 5 45 1 6 45 1 7 45 0 4 1 3 54 1 4 54 1 6 54 1 7 54 0 4 3 3 62 3 4 62 3 6 62 3 7 62 1 4 3 68 5 68 6 68 7 68 0 4 2 1 90 2 2 90 2 3 90 2 4 90 0 4 1 1 31 1 2 31 1 6 31 1 7 31 0 4 3 2 65 3 3 65 3 4 65 3 7 65 0 4 4 3 20 4 4 20 4 6 20 4 7 20 0 4 3 1 58 3 4 58 3 5 58 3 7 58 0 4 2 2 38 2 5 38 2 6 38 2 7 38 0 4 1 1 93 1 4 93 1 5 93 1 6 93 0 4 4 1 33 4 2 33 4 5 33 4 6 33 0 4 2 2 83 2 3 83 2 5 83 2 6 83 1 4 2 38 3 38 5 38 6 38 0 8 1 1 64 2 1 62 1 2 64 2 2 62 1 4 64 2 4 62 1 7 64 2 7 62 
21 0 4 2 1 95 2 2 95 2 3 95 2 6 95 0 4 2 1 66 2 2 66 2 6 66 2 7 66 0 4 4 2 87 4 4 87 4 5 87 4 7 87 0 8 2 1 43 4 1 42 2 2 43 4 2 42 2 3 43 4 3 42 2 7 43 4 7 42 1 4 1 31 3 31 6 31 7 31 0 8 2 1 54 5 1 56 2 2 54 5 2 56 2 5 54 5 5 56 2 6 54 5 6 56 1 4 1 89 2 89 3 89 6 89 1 4 2 40 3 40 5 40 6 40 0 4 3 1 81 3 2 81 3 3 81 3 5 81 0 4 3 1 40 3 2 40 3 4 40 3 5 40 1 4 1 93 4 93 5 93 7 93 0 4 2 1 62 2 3 62 2 4 62 2 6 62 0 4 2 2 98 2 3 98 2 4 98 2 6 98 0 4 5 1 46 5 2 46 5 4 46 5 6 46 0 4 2 2 31 2 3 31 2 4 31 2 7 31 0 4 4 1 59 4 2 59 4 6 59 4 7 59 0 4 4 2 96 4 3 96 4 4 96 4 5 96 1 4 1 67 2 67 3 67 7 67 0 4 2 1 62 2 3 62 2 5 62 2 7 62 0 4 5 2 98 5 3 98 5 6 98 5 7 98 1 4 1 42 2 42 4 42 6 42 
15 0 4 4 2 95 4 4 95 4 5 95 4 6 95 0 8 2 1 64 5 1 62 2 3 64 5 3 62 2 5 64 5 5 62 2 6 64 5 6 62 0 8 2 4 85 5 4 82 2 5 85 5 5 82 2 6 85 5 6 82 2 7 85 5 7 82 0 8 3 2 68 5 2 72 3 4 68 5 4 72 3 5 68 5 5 72 3 7 68 5 7 72 0 4 5 2 21 5 4 21 5 6 21 5 7 21 1 4 1 30 2 30 3 30 6 30 0 4 2 2 32 2 5 32 2 6 32 2 7 32 1 4 1 28 3 28 5 28 7 28 0 4 3 1 95 3 2 95 3 4 95 3 6 95 0 4 1 2 80 1 4 80 1 6 80 1 7 80 0 4 1 1 65 1 2 65 1 5 65 1 6 65 1 4 1 20 2 20 4 20 5 20 0 4 4 2 80 4 3 80 4 4 80 4 5 80 0 4 1 1 35 1 5 35 1 6 35 1 7 35 0 4 5 2 71 5 3 71 5 5 71 5 6 71 
17 0 4 3 1 43 3 3 43 3 5 43 3 6 43 0 4 3 1 95 3 2 95 3 3 95 3 5 95 0 4 2 2 22 2 4 22 2 5 22 2 7 22 0 4 2 1 35 2 2 35 2 5 35 2 7 35 0 4 1 2 87 1 3 87 1 5 87 1 7 87 0 4 4 2 72 4 3 72 4 4 72 4 6 72 0 4 2 1 89 2 4 89 2 5 89 2 7 89 0 4 1 1 45 1 2 45 1 3 45 1 7 45 0 8 2 1 39 5 1 40 2 2 39 5 2 40 2 5 39 5 5 40 2 7 39 5 7 40 0 4 1 1 48 1 3 48 1 4 48 1 7 48 0 4 4 1 58 4 2 58 4 4 58 4 5 58 0 4 1 2 54 1 5 54 1 6 54 1 7 54 0 4 1 2 89 1 4 89 1 5 89 1 6 89 0 4 4 2 69 4 3 69 4 5 69 4 7 69 1 4 1 79 2 79 4 79 7 79 0 4 1 1 15 1 3 15 1 5 15 1 7 15 0 4 2 3 34 2 4 34 2 5 34 2 6 34 
25 0 4 3 1 55 3 2 55 3 4 55 3 7 55 0 4 2 1 53 2 4 53 2 5 53 2 6 53 0 4 4 1 18 4 2 18 4 5 18 4 7 18 0 4 4 1 50 4 2 50 4 3 50 4 7 50 0 4 2 1 84 2 2 84 2 3 84 2 6 84 0 4 5 1 52 5 3 52 5 4 52 5 6 52 0 8 2 2 71 5 2 67 2 5 71 5 5 67 2 6 71 5 6 67 2 7 71 5 7 67 0 8 2 2 38 5 2 29 2 3 38 5 3 29 2 4 38 5 4 29 2 6 38 5 6 29 1 4 1 48 3 48 5 48 7 48 0 4 2 1 54 2 2 54 2 3 54 2 7 54 1 4 3 39 4 39 5 39 6 39 0 4 2 2 74 2 3 74 2 5 74 2 7 74 0 4 1 1 42 1 3 42 1 6 42 1 7 42 0 4 1 3 70 1 5 70 1 6 70 1 7 70 0 4 2 2 65 2 4 65 2 5 65 2 7 65 0 4 4 3 40 4 4 40 4 5 40 4 7 40 0 8 1 1 21 2 1 23 1 2 21 2 2 23 1 3 21 2 3 23 1 7 21 2 7 23 0 4 4 2 34 4 3 34 4 4 34 4 7 34 0 4 4 1 42 4 2 42 4 3 42 4 5 42 0 4 1 1 92 1 3 92 1 6 92 1 7 92 0 4 5 1 54 5 2 54 5 4 54 5 7 54 0 4 2 2 38 2 3 38 2 4 38 2 7 38 0 4 5 1 67 5 3 67 5 4 67 5 7 67 0 4 3 1 28 3 3 28 3 4 28 3 6 28 0 4 4 2 33 4 4 33 4 5 33 4 6 33 
23 0 8 4 1 60 5 1 64 4 4 60 5 4 64 4 5 60 5 5 64 4 6 60 5 6 64 1 4 1 57 4 57 5 57 7 57 1 4 3 64 5 64 6 64 7 64 0 4 5 1 40 5 2 40 5 5 40 5 6 40 0 4 1 2 46 1 3 46 1 4 46 1 5 46 1 4 1 75 4 75 5 75 7 75 0 8 3 3 43 4 3 42 3 4 43 4 4 42 3 6 43 4 6 42 3 7 43 4 7 42 0 4 4 1 75 4 4 75 4 6 75 4 7 75 0 4 3 1 49 3 4 49 3 6 49 3 7 49 0 4 4 1 76 4 3 76 4 4 76 4 5 76 0 4 5 1 35 5 2 35 5 3 35 5 7 35 1 4 1 76 2 76 6 76 7 76 0 4 2 2 44 2 3 44 2 5 44 2 7 44 0 4 3 2 79 3 3 79 3 4 79 3 6 79 0 8 3 2 41 5 2 44 3 4 41 5 4 44 3 6 41 5 6 44 3 7 41 5 7 44 0 4 2 1 24 2 5 24 2 6 24 2 7 24 0 4 1 2 60 1 3 60 1 5 60 1 7 60 0 4 1 3 94 1 5 94 1 6 94 1 7 94 0 4 4 2 20 4 3 20 4 4 20 4 7 20 0 4 3 1 37 3 3 37 3 5 37 3 7 37 0 8 3 1 92 4 1 89 3 2 92 4 2 89 3 3 92 4 3 89 3 4 92 4 4 89 0 4 5 2 88 5 4 88 5 5 88 5 6 88 0 4 1 2 49 1 3 49 1 5 49 1 6 49 
19 0 4 4 1 78 4 2 78 4 3 78 4 7 78 1 4 1 47 3 47 5 47 6 47 1 4 3 58 4 58 5 58 7 58 0 4 5 1 56 5 3 56 5 5 56 5 6 56 1 4 2 29 3 29 6 29 7 29 0 4 5 1 59 5 2 59 5 3 59 5 4 59 0 4 2 1 52 2 3 52 2 4 52 2 5 52 0 4 1 4 87 1 5 87 1 6 87 1 7 87 0 4 3 1 37 3 2 37 3 3 37 3 6 37 0 4 2 2 73 2 3 73 2 4 73 2 5 73 0 4 3 3 44 3 5 44 3 6 44 3 7 44 1 4 1 35 2 35 3 35 4 35 0 4 1 1 39 1 2 39 1 4 39 1 7 39 1 4 1 73 3 73 4 73 5 73 0 4 1 2 70 1 3 70 1 4 70 1 6 70 0 4 4 2 66 4 3 66 4 6 66 4 7 66 0 4 5 1 74 5 2 74 5 4 74 5 6 74 0 4 3 1 27 3 2 27 3 5 27 3 6 27 0 4 4 1 51 4 2 51 4 4 51 4 5 51 
