10 5 7
15 0 8 1 1 39 3 1 39 1 2 39 3 2 39 1 4 39 3 4 39 1 6 39 3 6 39 0 4 3 2 61 3 3 61 3 4 61 3 7 61 0 4 5 1 28 5 4 28 5 5 28 5 7 28 1 4 3 18 4 18 6 18 7 18 0 12 1 2 87 3 2 94 5 2 93 1 3 87 3 3 94 5 3 93 1 4 87 3 4 94 5 4 93 1 5 87 3 5 94 5 5 93 0 4 5 3 29 5 4 29 5 5 29 5 6 29 1 4 1 62 2 62 4 62 7 62 0 12 1 2 32 3 2 32 5 2 35 1 4 32 3 4 32 5 4 35 1 6 32 3 6 32 5 6 35 1 7 32 3 7 32 5 7 35 0 4 2 1 78 2 4 78 2 6 78 2 7 78 0 4 3 1 24 3 4 24 3 5 24 3 6 24 0 4 5 2 65 5 4 65 5 5 65 5 7 65 0 4 2 1 32 2 4 32 2 5 32 2 6 32 0 4 5 1 15 5 2 15 5 3 15 5 6 15 0 8 2 1 64 3 1 59 2 2 64 3 2 59 2 5 64 3 5 59 2 7 64 3 7 59 0 4 5 3 90 5 4 90 5 5 90 5 6 90 
20 0 12 3 4 42 4 4 39 5 4 42 3 5 42 4 5 39 5 5 42 3 6 42 4 6 39 5 6 42 3 7 42 4 7 39 5 7 42 1 4 1 81 2 81 3 81 5 81 0 4 1 2 62 1 3 62 1 4 62 1 5 62 0 8 3 1 46 5 1 48 3 2 46 5 2 48 3 3 46 5 3 48 3 5 46 5 5 48 0 8 2 2 87 4 2 89 2 3 87 4 3 89 2 5 87 4 5 89 2 7 87 4 7 89 0 8 1 1 71 3 1 70 1 4 71 3 4 70 1 5 71 3 5 70 1 7 71 3 7 70 0 12 3 2 33 4 2 28 5 2 36 3 4 33 4 4 28 5 4 36 3 6 33 4 6 28 5 6 36 3 7 33 4 7 28 5 7 36 0 4 4 2 92 4 3 92 4 4 92 4 6 92 0 8 2 1 20 3 1 18 2 3 20 3 3 18 2 6 20 3 6 18 2 7 20 3 7 18 0 8 4 3 24 5 3 21 4 4 24 5 4 21 4 6 24 5 6 21 4 7 24 5 7 21 0 4 2 1 86 2 2 86 2 6 86 2 7 86 0 4 2 2 24 2 3 24 2 4 24 2 6 24 0 8 3 2 79 4 2 75 3 3 79 4 3 75 3 4 79 4 4 75 3 7 79 4 7 75 1 4 2 39 3 39 4 39 5 39 0 4 3 2 72 3 4 72 3 6 72 3 7 72 1 4 1 45 2 45 3 45 7 45 1 4 1 51 3 51 4 51 6 51 0 12 1 2 37 2 2 43 3 2 39 1 4 37 2 4 43 3 4 39 1 6 37 2 6 43 3 6 39 1 7 37 2 7 43 3 7 39 1 4 2 49 3 49 4 49 7 49 1 4 2 72 4 72 5 72 7 72 
23 0 12 2 3 75 4 3 70 5 3 75 2 4 75 4 4 70 5 4 75 2 6 75 4 6 70 5 6 75 2 7 75 4 7 70 5 7 75 0 12 2 1 80 4 1 77 5 1 81 2 2 80 4 2 77 5 2 81 2 4 80 4 4 77 5 4 81 2 7 80 4 7 77 5 7 81 0 4 5 2 75 5 4 75 5 5 75 5 7 75 0 4 2 2 44 2 4 44 2 6 44 2 7 44 1 4 1 91 2 91 3 91 5 91 1 4 1 73 4 73 6 73 7 73 1 4 1 27 4 27 5 27 7 27 0 4 4 1 82 4 3 82 4 5 82 4 6 82 0 8 1 2 71 3 2 67 1 4 71 3 4 67 1 6 71 3 6 67 1 7 71 3 7 67 0 8 3 2 42 4 2 42 3 3 42 4 3 42 3 4 42 4 4 42 3 5 42 4 5 42 0 4 1 3 55 1 4 55 1 5 55 1 7 55 0 4 4 2 54 4 4 54 4 5 54 4 6 54 0 8 4 2 41 5 2 37 4 3 41 5 3 37 4 6 41 5 6 37 4 7 41 5 7 37 0 4 1 3 88 1 4 88 1 5 88 1 6 88 0 4 4 2 33 4 3 33 4 5 33 4 7 33 0 12 3 2 58 4 2 56 5 2 61 3 5 58 4 5 56 5 5 61 3 6 58 4 6 56 5 6 61 3 7 58 4 7 56 5 7 61 1 4 2 66 3 66 5 66 7 66 0 4 4 1 66 4 3 66 4 5 66 4 7 66 0 8 1 1 54 5 1 53 1 4 54 5 4 53 1 5 54 5 5 53 1 7 54 5 7 53 0 4 4 3 31 4 4 31 4 5 31 4 6 31 0 8 3 2 22 4 2 22 3 4 22 4 4 22 3 5 22 4 5 22 3 6 22 4 6 22 0 4 3 2 37 3 3 37 3 4 37 3 6 37 0 4 4 2 74 4 3 74 4 5 74 4 7 74 
18 1 4 1 76 3 76 5 76 6 76 0 4 5 2 69 5 3 69 5 4 69 5 5 69 0 4 4 2 64 4 3 64 4 4 64 4 5 64 0 8 2 1 45 4 1 45 2 3 45 4 3 45 2 4 45 4 4 45 2 7 45 4 7 45 0 4 4 2 51 4 4 51 4 6 51 4 7 51 0 12 1 1 61 4 1 59 5 1 59 1 4 61 4 4 59 5 4 59 1 6 61 4 6 59 5 6 59 1 7 61 4 7 59 5 7 59 0 8 1 1 68 4 1 73 1 2 68 4 2 73 1 5 68 4 5 73 1 7 68 4 7 73 0 4 1 2 86 1 3 86 1 6 86 1 7 86 0 4 2 1 31 2 2 31 2 5 31 2 7 31 0 8 3 2 64 4 2 62 3 5 64 4 5 62 3 6 64 4 6 62 3 7 64 4 7 62 0 4 1 1 24 1 4 24 1 5 24 1 6 24 0 4 2 1 61 2 3 61 2 5 61 2 7 61 1 4 2 39 3 39 5 39 6 39 0 4 5 1 91 5 2 91 5 4 91 5 6 91 0 12 3 1 33 4 1 33 5 1 36 3 2 33 4 2 33 5 2 36 3 4 33 4 4 33 5 4 36 3 5 33 4 5 33 5 5 36 1 4 1 76 2 76 5 76 7 76 0 8 1 2 44 3 2 44 1 3 44 3 3 44 1 6 44 3 6 44 1 7 44 3 7 44 1 4 2 62 4 62 6 62 7 62 
21 0 12 1 1 95 2 1 87 3 1 93 1 4 95 2 4 87 3 4 93 1 5 95 2 5 87 3 5 93 1 7 95 2 7 87 3 7 93 0 12 1 1 66 2 1 70 4 1 66 1 2 66 2 2 70 4 2 66 1 3 66 2 3 70 4 3 66 1 5 66 2 5 70 4 5 66 0 12 1 2 87 4 2 86 5 2 85 1 3 87 4 3 86 5 3 85 1 4 87 4 4 86 5 4 85 1 6 87 4 6 86 5 6 85 0 8 3 3 41 4 3 44 3 5 41 4 5 44 3 6 41 4 6 44 3 7 41 4 7 44 0 8 3 2 36 5 2 29 3 4 36 5 4 29 3 5 36 5 5 29 3 6 36 5 6 29 0 12 1 1 55 2 1 53 3 1 54 1 2 55 2 2 53 3 2 54 1 5 55 2 5 53 3 5 54 1 6 55 2 6 53 3 6 54 1 4 1 91 3 91 4 91 6 91 0 4 2 1 41 2 4 41 2 6 41 2 7 41 0 8 1 1 85 3 1 81 1 3 85 3 3 81 1 5 85 3 5 81 1 6 85 3 6 81 0 4 1 1 40 1 3 40 1 4 40 1 6 40 1 4 2 90 5 90 6 90 7 90 0 4 1 1 66 1 2 66 1 4 66 1 6 66 0 8 3 3 94 4 3 96 3 4 94 4 4 96 3 6 94 4 6 96 3 7 94 4 7 96 0 16 1 1 51 2 1 45 4 1 46 5 1 43 1 3 51 2 3 45 4 3 46 5 3 43 1 5 51 2 5 45 4 5 46 5 5 43 1 6 51 2 6 45 4 6 46 5 6 43 0 4 1 1 26 1 3 26 1 4 26 1 6 26 0 4 5 3 64 5 4 64 5 5 64 5 6 64 0 8 4 1 94 5 1 92 4 3 94 5 3 92 4 5 94 5 5 92 4 7 94 5 7 92 1 4 1 71 2 71 3 71 6 71 0 4 5 1 60 5 4 60 5 5 60 5 6 60 0 4 5 2 93 5 3 93 5 4 93 5 7 93 1 4 1 43 4 43 5 43 7 43 
15 0 4 2 1 99 2 2 99 2 5 99 2 7 99 0 4 1 1 67 1 2 67 1 5 67 1 6 67 0 4 4 3 76 4 5 76 4 6 76 4 7 76 0 8 2 2 68 4 2 68 2 4 68 4 4 68 2 5 68 4 5 68 2 7 68 4 7 68 0 16 2 1 18 3 1 18 4 1 21 5 1 21 2 5 18 3 5 18 4 5 21 5 5 21 2 6 18 3 6 18 4 6 21 5 6 21 2 7 18 3 7 18 4 7 21 5 7 21 0 12 3 2 30 4 2 26 5 2 30 3 3 30 4 3 26 5 3 30 3 4 30 4 4 26 5 4 30 3 7 30 4 7 26 5 7 30 1 4 1 32 2 32 4 32 7 32 0 4 4 1 27 4 2 27 4 3 27 4 5 27 1 4 2 99 4 99 5 99 6 99 0 8 2 2 84 5 2 81 2 3 84 5 3 81 2 4 84 5 4 81 2 6 84 5 6 81 0 8 3 2 61 5 2 61 3 3 61 5 3 61 3 6 61 5 6 61 3 7 61 5 7 61 0 12 1 1 18 3 1 23 5 1 20 1 5 18 3 5 23 5 5 20 1 6 18 3 6 23 5 6 20 1 7 18 3 7 23 5 7 20 0 4 2 1 83 2 3 83 2 4 83 2 7 83 0 4 5 2 38 5 3 38 5 6 38 5 7 38 0 8 2 2 71 5 2 66 2 4 71 5 4 66 2 6 71 5 6 66 2 7 71 5 7 66 
17 0 4 5 1 38 5 2 38 5 3 38 5 4 38 0 4 4 2 95 4 3 95 4 4 95 4 6 95 0 4 4 3 31 4 4 31 4 5 31 4 6 31 0 8 4 2 35 5 2 31 4 3 35 5 3 31 4 5 35 5 5 31 4 7 35 5 7 31 0 4 1 4 92 1 5 92 1 6 92 1 7 92 0 4 3 1 68 3 3 68 3 6 68 3 7 68 0 4 5 1 86 5 3 86 5 4 86 5 6 86 0 8 1 2 52 5 2 49 1 4 52 5 4 49 1 5 52 5 5 49 1 7 52 5 7 49 0 4 4 2 37 4 3 37 4 5 37 4 6 37 0 4 4 1 52 4 2 52 4 6 52 4 7 52 1 4 1 62 2 62 6 62 7 62 0 4 1 1 58 1 4 58 1 5 58 1 6 58 0 8 4 3 93 5 3 93 4 4 93 5 4 93 4 6 93 5 6 93 4 7 93 5 7 93 0 4 4 2 73 4 3 73 4 6 73 4 7 73 0 12 1 3 77 4 3 75 5 3 78 1 5 77 4 5 75 5 5 78 1 6 77 4 6 75 5 6 78 1 7 77 4 7 75 5 7 78 0 4 1 1 11 1 4 11 1 5 11 1 6 11 0 4 3 1 34 3 2 34 3 3 34 3 6 34 
25 0 8 4 2 55 5 2 58 4 4 55 5 4 58 4 5 55 5 5 58 4 7 55 5 7 58 1 4 1 53 3 53 4 53 6 53 0 4 3 1 23 3 4 23 3 5 23 3 6 23 0 4 4 1 55 4 5 55 4 6 55 4 7 55 0 8 4 1 86 5 1 84 4 3 86 5 3 84 4 4 86 5 4 84 4 6 86 5 6 84 0 4 2 1 43 2 3 43 2 5 43 2 6 43 0 4 3 3 71 3 4 71 3 6 71 3 7 71 0 4 1 1 32 1 2 32 1 3 32 1 4 32 1 4 1 51 2 51 3 51 5 51 1 4 1 49 2 49 3 49 4 49 0 8 1 1 39 4 1 39 1 2 39 4 2 39 1 5 39 4 5 39 1 6 39 4 6 39 1 4 3 73 4 73 6 73 7 73 1 4 2 36 4 36 5 36 6 36 0 8 1 3 69 3 3 69 1 4 69 3 4 69 1 6 69 3 6 69 1 7 69 3 7 69 0 8 1 2 65 5 2 63 1 3 65 5 3 63 1 5 65 5 5 63 1 7 65 5 7 63 0 8 4 1 35 5 1 45 4 3 35 5 3 45 4 4 35 5 4 45 4 5 35 5 5 45 0 4 3 1 23 3 4 23 3 5 23 3 6 23 0 8 2 1 33 5 1 37 2 4 33 5 4 37 2 5 33 5 5 37 2 6 33 5 6 37 0 8 2 2 43 5 2 43 2 3 43 5 3 43 2 6 43 5 6 43 2 7 43 5 7 43 0 4 2 1 86 2 2 86 2 3 86 2 5 86 0 4 2 3 57 2 4 57 2 5 57 2 6 57 0 4 5 2 38 5 3 38 5 4 38 5 6 38 0 4 2 1 66 2 3 66 2 4 66 2 7 66 0 8 2 1 28 5 1 21 2 4 28 5 4 21 2 6 28 5 6 21 2 7 28 5 7 21 1 4 1 29 2 29 3 29 4 29 
23 0 8 2 3 64 3 3 61 2 4 64 3 4 61 2 5 64 3 5 61 2 6 64 3 6 61 0 8 1 2 53 3 2 57 1 3 53 3 3 57 1 4 53 3 4 57 1 5 53 3 5 57 0 8 3 2 67 5 2 64 3 4 67 5 4 64 3 5 67 5 5 64 3 6 67 5 6 64 1 4 1 38 2 38 4 38 6 38 0 8 1 2 41 3 2 46 1 4 41 3 4 46 1 6 41 3 6 46 1 7 41 3 7 46 1 4 2 79 3 79 4 79 7 79 0 4 2 1 40 2 2 40 2 3 40 2 6 40 0 12 1 3 79 2 3 79 4 3 78 1 4 79 2 4 79 4 4 78 1 6 79 2 6 79 4 6 78 1 7 79 2 7 79 4 7 78 0 4 5 1 55 5 5 55 5 6 55 5 7 55 0 4 5 2 73 5 3 73 5 4 73 5 7 73 0 4 3 2 41 3 3 41 3 4 41 3 5 41 0 4 2 1 74 2 2 74 2 4 74 2 5 74 0 8 2 1 43 3 1 47 2 3 43 3 3 47 2 4 43 3 4 47 2 6 43 3 6 47 0 8 4 3 73 5 3 77 4 4 73 5 4 77 4 5 73 5 5 77 4 7 73 5 7 77 0 8 1 1 44 3 1 44 1 2 44 3 2 44 1 6 44 3 6 44 1 7 44 3 7 44 0 12 2 2 19 3 2 17 5 2 25 2 3 19 3 3 17 5 3 25 2 4 19 3 4 17 5 4 25 2 6 19 3 6 17 5 6 25 0 8 2 2 60 5 2 63 2 3 60 5 3 63 2 4 60 5 4 63 2 5 60 5 5 63 0 4 2 1 94 2 2 94 2 3 94 2 4 94 0 4 3 1 18 3 4 18 3 5 18 3 6 18 0 12 2 2 37 4 2 36 5 2 37 2 4 37 4 4 36 5 4 37 2 5 37 4 5 36 5 5 37 2 6 37 4 6 36 5 6 37 0 8 1 3 92 2 3 94 1 4 92 2 4 94 1 6 92 2 6 94 1 7 92 2 7 94 0 4 2 1 87 2 2 87 2 3 87 2 7 87 0 4 4 1 49 4 2 49 4 4 49 4 6 49 
19 1 4 1 78 2 78 4 78 5 78 0 4 1 1 43 1 2 43 1 3 43 1 5 43 0 4 1 1 60 1 2 60 1 3 60 1 4 60 0 8 4 1 56 5 1 56 4 3 56 5 3 56 4 4 56 5 4 56 4 6 56 5 6 56 1 4 3 28 4 28 5 28 6 28 0 8 3 2 60 4 2 60 3 3 60 4 3 60 3 5 60 4 5 60 3 7 60 4 7 60 1 4 1 53 4 53 6 53 7 53 0 4 2 1 88 2 4 88 2 6 88 2 7 88 1 4 2 38 3 38 5 38 6 38 0 8 2 2 79 5 2 77 2 3 79 5 3 77 2 4 79 5 4 77 2 7 79 5 7 77 0 8 1 2 44 5 2 45 1 3 44 5 3 45 1 4 44 5 4 45 1 7 44 5 7 45 0 4 5 1 35 5 4 35 5 5 35 5 6 35 0 8 1 2 42 2 2 42 1 3 42 2 3 42 1 5 42 2 5 42 1 7 42 2 7 42 0 4 2 1 80 2 2 80 2 5 80 2 7 80 0 8 2 2 72 3 2 74 2 3 72 3 3 74 2 4 72 3 4 74 2 6 72 3 6 74 0 4 3 1 62 3 3 62 3 4 62 3 5 62 0 12 1 1 74 2 1 79 5 1 75 1 4 74 2 4 79 5 4 75 1 5 74 2 5 79 5 5 75 1 7 74 2 7 79 5 7 75 0 8 2 2 27 5 2 29 2 4 27 5 4 29 2 5 27 5 5 29 2 6 27 5 6 29 1 4 2 53 3 53 4 53 5 53 
