20 10 12
15 0 30 4 2 65 6 2 66 7 2 64 8 2 61 10 2 61 4 3 65 6 3 66 7 3 64 8 3 61 10 3 61 4 4 65 6 4 66 7 4 64 8 4 61 10 4 61 4 5 65 6 5 66 7 5 64 8 5 61 10 5 61 4 6 65 6 6 66 7 6 64 8 6 61 10 6 61 4 7 65 6 7 66 7 7 64 8 7 61 10 7 61 1 6 1 36 2 36 5 36 6 36 8 36 11 36 0 24 2 1 14 4 1 16 9 1 16 10 1 17 2 2 14 4 2 16 9 2 16 10 2 17 2 3 14 4 3 16 9 3 16 10 3 17 2 6 14 4 6 16 9 6 16 10 6 17 2 7 14 4 7 16 9 7 16 10 7 17 2 10 14 4 10 16 9 10 16 10 10 17 1 6 3 56 5 56 6 56 9 56 11 56 12 56 0 18 6 3 87 7 3 86 8 3 90 6 7 87 7 7 86 8 7 90 6 8 87 7 8 86 8 8 90 6 9 87 7 9 86 8 9 90 6 10 87 7 10 86 8 10 90 6 11 87 7 11 86 8 11 90 1 6 1 46 2 46 4 46 6 46 7 46 12 46 0 24 1 2 88 2 2 83 5 2 83 6 2 82 1 5 88 2 5 83 5 5 83 6 5 82 1 6 88 2 6 83 5 6 83 6 6 82 1 10 88 2 10 83 5 10 83 6 10 82 1 11 88 2 11 83 5 11 83 6 11 82 1 12 88 2 12 83 5 12 83 6 12 82 0 18 1 1 67 3 1 63 7 1 63 1 5 67 3 5 63 7 5 63 1 6 67 3 6 63 7 6 63 1 8 67 3 8 63 7 8 63 1 9 67 3 9 63 7 9 63 1 11 67 3 11 63 7 11 63 0 24 1 2 46 5 2 46 6 2 46 10 2 46 1 4 46 5 4 46 6 4 46 10 4 46 1 7 46 5 7 46 6 7 46 10 7 46 1 8 46 5 8 46 6 8 46 10 8 46 1 9 46 5 9 46 6 9 46 10 9 46 1 12 46 5 12 46 6 12 46 10 12 46 0 18 6 1 88 8 1 87 10 1 87 6 2 88 8 2 87 10 2 87 6 4 88 8 4 87 10 4 87 6 6 88 8 6 87 10 6 87 6 10 88 8 10 87 10 10 87 6 12 88 8 12 87 10 12 87 0 12 1 1 66 7 1 74 1 2 66 7 2 74 1 5 66 7 5 74 1 7 66 7 7 74 1 9 66 7 9 74 1 10 66 7 10 74 0 18 1 2 33 4 2 33 6 2 33 1 6 33 4 6 33 6 6 33 1 8 33 4 8 33 6 8 33 1 9 33 4 9 33 6 9 33 1 10 33 4 10 33 6 10 33 1 12 33 4 12 33 6 12 33 0 30 1 1 92 3 1 89 6 1 93 7 1 92 8 1 96 1 5 92 3 5 89 6 5 93 7 5 92 8 5 96 1 6 92 3 6 89 6 6 93 7 6 92 8 6 96 1 7 92 3 7 89 6 7 93 7 7 92 8 7 96 1 9 92 3 9 89 6 9 93 7 9 92 8 9 96 1 11 92 3 11 89 6 11 93 7 11 92 8 11 96 1 6 2 15 4 15 5 15 6 15 11 15 12 15 0 12 5 1 20 6 1 22 5 2 20 6 2 22 5 3 20 6 3 22 5 5 20 6 5 22 5 8 20 6 8 22 5 11 20 6 11 22 
20 0 18 3 1 86 5 1 90 9 1 86 3 2 86 5 2 90 9 2 86 3 7 86 5 7 90 9 7 86 3 8 86 5 8 90 9 8 86 3 10 86 5 10 90 9 10 86 3 11 86 5 11 90 9 11 86 0 18 2 1 23 3 1 22 8 1 22 2 2 23 3 2 22 8 2 22 2 5 23 3 5 22 8 5 22 2 10 23 3 10 22 8 10 22 2 11 23 3 11 22 8 11 22 2 12 23 3 12 22 8 12 22 1 6 3 75 6 75 7 75 10 75 11 75 12 75 0 12 1 3 38 10 3 37 1 4 38 10 4 37 1 5 38 10 5 37 1 6 38 10 6 37 1 9 38 10 9 37 1 11 38 10 11 37 0 36 1 1 71 2 1 65 5 1 67 6 1 62 8 1 67 10 1 71 1 3 71 2 3 65 5 3 67 6 3 62 8 3 67 10 3 71 1 6 71 2 6 65 5 6 67 6 6 62 8 6 67 10 6 71 1 7 71 2 7 65 5 7 67 6 7 62 8 7 67 10 7 71 1 9 71 2 9 65 5 9 67 6 9 62 8 9 67 10 9 71 1 10 71 2 10 65 5 10 67 6 10 62 8 10 67 10 10 71 1 6 1 52 3 52 4 52 5 52 8 52 9 52 0 36 2 1 55 4 1 55 5 1 56 6 1 59 7 1 55 10 1 55 2 4 55 4 4 55 5 4 56 6 4 59 7 4 55 10 4 55 2 5 55 4 5 55 5 5 56 6 5 59 7 5 55 10 5 55 2 9 55 4 9 55 5 9 56 6 9 59 7 9 55 10 9 55 2 10 55 4 10 55 5 10 56 6 10 59 7 10 55 10 10 55 2 12 55 4 12 55 5 12 56 6 12 59 7 12 55 10 12 55 0 18 2 1 40 6 1 45 10 1 40 2 2 40 6 2 45 10 2 40 2 5 40 6 5 45 10 5 40 2 9 40 6 9 45 10 9 40 2 10 40 6 10 45 10 10 40 2 12 40 6 12 45 10 12 40 0 12 2 1 49 10 1 50 2 4 49 10 4 50 2 9 49 10 9 50 2 10 49 10 10 50 2 11 49 10 11 50 2 12 49 10 12 50 0 6 2 1 68 2 4 68 2 5 68 2 8 68 2 9 68 2 12 68 0 36 1 2 71 4 2 73 5 2 71 7 2 75 8 2 75 10 2 75 1 5 71 4 5 73 5 5 71 7 5 75 8 5 75 10 5 75 1 7 71 4 7 73 5 7 71 7 7 75 8 7 75 10 7 75 1 8 71 4 8 73 5 8 71 7 8 75 8 8 75 10 8 75 1 9 71 4 9 73 5 9 71 7 9 75 8 9 75 10 9 75 1 12 71 4 12 73 5 12 71 7 12 75 8 12 75 10 12 75 0 12 1 1 77 7 1 77 1 5 77 7 5 77 1 6 77 7 6 77 1 7 77 7 7 77 1 8 77 7 8 77 1 12 77 7 12 77 0 18 2 1 76 6 1 82 7 1 79 2 6 76 6 6 82 7 6 79 2 7 76 6 7 82 7 7 79 2 10 76 6 10 82 7 10 79 2 11 76 6 11 82 7 11 79 2 12 76 6 12 82 7 12 79 0 12 2 3 41 7 3 41 2 5 41 7 5 41 2 6 41 7 6 41 2 7 41 7 7 41 2 8 41 7 8 41 2 11 41 7 11 41 0 6 2 2 90 2 5 90 2 6 90 2 8 90 2 9 90 2 11 90 0 12 4 5 72 5 5 66 4 7 72 5 7 66 4 8 72 5 8 66 4 9 72 5 9 66 4 10 72 5 10 66 4 12 72 5 12 66 1 6 2 25 5 25 6 25 8 25 10 25 12 25 0 42 1 2 85 2 2 89 3 2 81 4 2 85 7 2 85 8 2 84 9 2 81 1 4 85 2 4 89 3 4 81 4 4 85 7 4 85 8 4 84 9 4 81 1 5 85 2 5 89 3 5 81 4 5 85 7 5 85 8 5 84 9 5 81 1 6 85 2 6 89 3 6 81 4 6 85 7 6 85 8 6 84 9 6 81 1 8 85 2 8 89 3 8 81 4 8 85 7 8 85 8 8 84 9 8 81 1 9 85 2 9 89 3 9 81 4 9 85 7 9 85 8 9 84 9 9 81 0 12 2 2 73 3 2 72 2 6 73 3 6 72 2 8 73 3 8 72 2 9 73 3 9 72 2 11 73 3 11 72 2 12 73 3 12 72 0 30 2 1 50 4 1 46 5 1 45 7 1 40 10 1 46 2 3 50 4 3 46 5 3 45 7 3 40 10 3 46 2 4 50 4 4 46 5 4 45 7 4 40 10 4 46 2 5 50 4 5 46 5 5 45 7 5 40 10 5 46 2 7 50 4 7 46 5 7 45 7 7 40 10 7 46 2 9 50 4 9 46 5 9 45 7 9 40 10 9 46 
23 0 30 3 2 58 5 2 60 6 2 57 8 2 62 10 2 60 3 6 58 5 6 60 6 6 57 8 6 62 10 6 60 3 7 58 5 7 60 6 7 57 8 7 62 10 7 60 3 9 58 5 9 60 6 9 57 8 9 62 10 9 60 3 11 58 5 11 60 6 11 57 8 11 62 10 11 60 3 12 58 5 12 60 6 12 57 8 12 62 10 12 60 0 12 2 2 53 10 2 52 2 5 53 10 5 52 2 6 53 10 6 52 2 9 53 10 9 52 2 11 53 10 11 52 2 12 53 10 12 52 0 12 2 2 37 5 2 38 2 4 37 5 4 38 2 7 37 5 7 38 2 8 37 5 8 38 2 9 37 5 9 38 2 11 37 5 11 38 1 6 2 90 3 90 6 90 7 90 8 90 12 90 1 6 1 35 3 35 4 35 5 35 6 35 7 35 0 6 7 1 58 7 3 58 7 4 58 7 5 58 7 8 58 7 9 58 0 12 3 2 69 7 2 69 3 3 69 7 3 69 3 6 69 7 6 69 3 8 69 7 8 69 3 11 69 7 11 69 3 12 69 7 12 69 1 6 4 61 6 61 8 61 9 61 10 61 12 61 0 12 2 4 58 8 4 57 2 5 58 8 5 57 2 6 58 8 6 57 2 7 58 8 7 57 2 8 58 8 8 57 2 12 58 8 12 57 0 24 2 6 34 3 6 32 7 6 31 9 6 35 2 8 34 3 8 32 7 8 31 9 8 35 2 9 34 3 9 32 7 9 31 9 9 35 2 10 34 3 10 32 7 10 31 9 10 35 2 11 34 3 11 32 7 11 31 9 11 35 2 12 34 3 12 32 7 12 31 9 12 35 0 18 2 2 26 3 2 22 9 2 22 2 3 26 3 3 22 9 3 22 2 6 26 3 6 22 9 6 22 2 7 26 3 7 22 9 7 22 2 8 26 3 8 22 9 8 22 2 9 26 3 9 22 9 9 22 1 6 3 35 4 35 6 35 7 35 8 35 11 35 0 18 1 1 72 4 1 71 7 1 73 1 2 72 4 2 71 7 2 73 1 5 72 4 5 71 7 5 73 1 6 72 4 6 71 7 6 73 1 7 72 4 7 71 7 7 73 1 9 72 4 9 71 7 9 73 0 12 9 3 80 10 3 76 9 5 80 10 5 76 9 7 80 10 7 76 9 8 80 10 8 76 9 11 80 10 11 76 9 12 80 10 12 76 1 6 1 64 3 64 4 64 6 64 7 64 10 64 1 6 2 62 3 62 4 62 6 62 7 62 11 62 0 18 5 2 48 6 2 45 9 2 41 5 4 48 6 4 45 9 4 41 5 6 48 6 6 45 9 6 41 5 8 48 6 8 45 9 8 41 5 9 48 6 9 45 9 9 41 5 12 48 6 12 45 9 12 41 0 30 3 2 56 4 2 56 5 2 56 6 2 59 10 2 58 3 3 56 4 3 56 5 3 56 6 3 59 10 3 58 3 5 56 4 5 56 5 5 56 6 5 59 10 5 58 3 7 56 4 7 56 5 7 56 6 7 59 10 7 58 3 9 56 4 9 56 5 9 56 6 9 59 10 9 58 3 12 56 4 12 56 5 12 56 6 12 59 10 12 58 0 24 1 2 56 3 2 57 6 2 59 10 2 54 1 3 56 3 3 57 6 3 59 10 3 54 1 4 56 3 4 57 6 4 59 10 4 54 1 6 56 3 6 57 6 6 59 10 6 54 1 8 56 3 8 57 6 8 59 10 8 54 1 9 56 3 9 57 6 9 59 10 9 54 0 18 4 3 69 5 3 68 8 3 65 4 4 69 5 4 68 8 4 65 4 5 69 5 5 68 8 5 65 4 7 69 5 7 68 8 7 65 4 8 69 5 8 68 8 8 65 4 12 69 5 12 68 8 12 65 0 24 2 4 90 5 4 90 7 4 91 10 4 90 2 7 90 5 7 90 7 7 91 10 7 90 2 8 90 5 8 90 7 8 91 10 8 90 2 9 90 5 9 90 7 9 91 10 9 90 2 11 90 5 11 90 7 11 91 10 11 90 2 12 90 5 12 90 7 12 91 10 12 90 0 6 2 2 35 2 4 35 2 5 35 2 7 35 2 8 35 2 11 35 0 6 1 2 62 1 5 62 1 6 62 1 7 62 1 8 62 1 11 62 
18 0 24 3 1 18 5 1 24 8 1 20 9 1 22 3 2 18 5 2 24 8 2 20 9 2 22 3 3 18 5 3 24 8 3 20 9 3 22 3 4 18 5 4 24 8 4 20 9 4 22 3 10 18 5 10 24 8 10 20 9 10 22 3 11 18 5 11 24 8 11 20 9 11 22 0 18 5 2 63 6 2 57 9 2 58 5 3 63 6 3 57 9 3 58 5 4 63 6 4 57 9 4 58 5 6 63 6 6 57 9 6 58 5 9 63 6 9 57 9 9 58 5 10 63 6 10 57 9 10 58 0 30 1 2 40 6 2 34 8 2 32 9 2 37 10 2 37 1 4 40 6 4 34 8 4 32 9 4 37 10 4 37 1 7 40 6 7 34 8 7 32 9 7 37 10 7 37 1 9 40 6 9 34 8 9 32 9 9 37 10 9 37 1 11 40 6 11 34 8 11 32 9 11 37 10 11 37 1 12 40 6 12 34 8 12 32 9 12 37 10 12 37 0 18 4 3 88 6 3 91 10 3 88 4 7 88 6 7 91 10 7 88 4 9 88 6 9 91 10 9 88 4 10 88 6 10 91 10 10 88 4 11 88 6 11 91 10 11 88 4 12 88 6 12 91 10 12 88 0 36 1 1 29 2 1 37 3 1 35 5 1 30 9 1 34 10 1 36 1 4 29 2 4 37 3 4 35 5 4 30 9 4 34 10 4 36 1 5 29 2 5 37 3 5 35 5 5 30 9 5 34 10 5 36 1 6 29 2 6 37 3 6 35 5 6 30 9 6 34 10 6 36 1 8 29 2 8 37 3 8 35 5 8 30 9 8 34 10 8 36 1 12 29 2 12 37 3 12 35 5 12 30 9 12 34 10 12 36 1 6 1 79 2 79 5 79 6 79 9 79 12 79 0 18 3 2 41 6 2 42 10 2 43 3 3 41 6 3 42 10 3 43 3 6 41 6 6 42 10 6 43 3 8 41 6 8 42 10 8 43 3 9 41 6 9 42 10 9 43 3 12 41 6 12 42 10 12 43 0 12 5 1 59 6 1 62 5 4 59 6 4 62 5 8 59 6 8 62 5 9 59 6 9 62 5 10 59 6 10 62 5 12 59 6 12 62 0 30 2 1 91 3 1 94 4 1 93 6 1 86 10 1 89 2 2 91 3 2 94 4 2 93 6 2 86 10 2 89 2 5 91 3 5 94 4 5 93 6 5 86 10 5 89 2 6 91 3 6 94 4 6 93 6 6 86 10 6 89 2 8 91 3 8 94 4 8 93 6 8 86 10 8 89 2 12 91 3 12 94 4 12 93 6 12 86 10 12 89 0 30 1 2 70 3 2 67 5 2 67 8 2 62 10 2 65 1 5 70 3 5 67 5 5 67 8 5 62 10 5 65 1 6 70 3 6 67 5 6 67 8 6 62 10 6 65 1 7 70 3 7 67 5 7 67 8 7 62 10 7 65 1 9 70 3 9 67 5 9 67 8 9 62 10 9 65 1 10 70 3 10 67 5 10 67 8 10 62 10 10 65 1 6 5 87 6 87 7 87 8 87 9 87 10 87 1 6 2 44 3 44 4 44 5 44 7 44 9 44 0 6 4 1 34 4 2 34 4 4 34 4 6 34 4 11 34 4 12 34 0 18 2 1 52 4 1 54 6 1 55 2 3 52 4 3 54 6 3 55 2 5 52 4 5 54 6 5 55 2 8 52 4 8 54 6 8 55 2 9 52 4 9 54 6 9 55 2 12 52 4 12 54 6 12 55 0 18 1 4 84 9 4 84 10 4 86 1 5 84 9 5 84 10 5 86 1 7 84 9 7 84 10 7 86 1 9 84 9 9 84 10 9 86 1 10 84 9 10 84 10 10 86 1 11 84 9 11 84 10 11 86 0 24 3 1 41 5 1 41 8 1 37 9 1 46 3 2 41 5 2 41 8 2 37 9 2 46 3 5 41 5 5 41 8 5 37 9 5 46 3 8 41 5 8 41 8 8 37 9 8 46 3 9 41 5 9 41 8 9 37 9 9 46 3 10 41 5 10 41 8 10 37 9 10 46 0 12 1 3 81 3 3 82 1 5 81 3 5 82 1 6 81 3 6 82 1 7 81 3 7 82 1 9 81 3 9 82 1 12 81 3 12 82 0 12 2 1 40 8 1 42 2 2 40 8 2 42 2 6 40 8 6 42 2 7 40 8 7 42 2 10 40 8 10 42 2 12 40 8 12 42 
21 0 18 1 1 87 2 1 94 6 1 95 1 3 87 2 3 94 6 3 95 1 4 87 2 4 94 6 4 95 1 7 87 2 7 94 6 7 95 1 8 87 2 8 94 6 8 95 1 12 87 2 12 94 6 12 95 0 24 1 1 62 2 1 61 3 1 66 8 1 62 1 3 62 2 3 61 3 3 66 8 3 62 1 6 62 2 6 61 3 6 66 8 6 62 1 7 62 2 7 61 3 7 66 8 7 62 1 9 62 2 9 61 3 9 66 8 9 62 1 11 62 2 11 61 3 11 66 8 11 62 0 18 3 1 94 4 1 93 9 1 93 3 3 94 4 3 93 9 3 93 3 6 94 4 6 93 9 6 93 3 7 94 4 7 93 9 7 93 3 10 94 4 10 93 9 10 93 3 12 94 4 12 93 9 12 93 0 24 2 3 46 3 3 42 6 3 47 8 3 45 2 5 46 3 5 42 6 5 47 8 5 45 2 6 46 3 6 42 6 6 47 8 6 45 2 8 46 3 8 42 6 8 47 8 8 45 2 11 46 3 11 42 6 11 47 8 11 45 2 12 46 3 12 42 6 12 47 8 12 45 0 30 1 1 31 2 1 31 6 1 29 7 1 35 9 1 31 1 2 31 2 2 31 6 2 29 7 2 35 9 2 31 1 3 31 2 3 31 6 3 29 7 3 35 9 3 31 1 6 31 2 6 31 6 6 29 7 6 35 9 6 31 1 8 31 2 8 31 6 8 29 7 8 35 9 8 31 1 9 31 2 9 31 6 9 29 7 9 35 9 9 31 0 18 6 1 60 7 1 59 9 1 61 6 2 60 7 2 59 9 2 61 6 3 60 7 3 59 9 3 61 6 4 60 7 4 59 9 4 61 6 8 60 7 8 59 9 8 61 6 9 60 7 9 59 9 9 61 0 6 7 4 88 7 5 88 7 6 88 7 7 88 7 10 88 7 12 88 0 12 1 2 67 4 2 67 1 6 67 4 6 67 1 8 67 4 8 67 1 9 67 4 9 67 1 11 67 4 11 67 1 12 67 4 12 67 0 18 3 2 58 6 2 60 9 2 63 3 4 58 6 4 60 9 4 63 3 5 58 6 5 60 9 5 63 3 6 58 6 6 60 9 6 63 3 9 58 6 9 60 9 9 63 3 11 58 6 11 60 9 11 63 0 24 1 1 93 2 1 89 6 1 97 10 1 92 1 5 93 2 5 89 6 5 97 10 5 92 1 7 93 2 7 89 6 7 97 10 7 92 1 9 93 2 9 89 6 9 97 10 9 92 1 10 93 2 10 89 6 10 97 10 10 92 1 11 93 2 11 89 6 11 97 10 11 92 0 12 1 3 43 7 3 45 1 4 43 7 4 45 1 5 43 7 5 45 1 6 43 7 6 45 1 7 43 7 7 45 1 10 43 7 10 45 0 18 2 3 95 3 3 93 6 3 95 2 5 95 3 5 93 6 5 95 2 6 95 3 6 93 6 6 95 2 7 95 3 7 93 6 7 95 2 9 95 3 9 93 6 9 95 2 11 95 3 11 93 6 11 95 0 12 7 3 64 8 3 67 7 4 64 8 4 67 7 5 64 8 5 67 7 7 64 8 7 67 7 9 64 8 9 67 7 12 64 8 12 67 1 6 4 77 5 77 6 77 7 77 8 77 12 77 0 18 4 4 64 6 4 68 8 4 64 4 5 64 6 5 68 8 5 64 4 6 64 6 6 68 8 6 64 4 9 64 6 9 68 8 9 64 4 10 64 6 10 68 8 10 64 4 12 64 6 12 68 8 12 64 1 6 1 16 2 16 4 16 7 16 8 16 11 16 1 6 1 30 2 30 3 30 6 30 7 30 8 30 0 12 6 2 32 10 2 33 6 3 32 10 3 33 6 4 32 10 4 33 6 6 32 10 6 33 6 7 32 10 7 33 6 10 32 10 10 33 1 6 1 25 5 25 8 25 9 25 10 25 11 25 0 24 1 2 95 5 2 95 8 2 95 10 2 95 1 3 95 5 3 95 8 3 95 10 3 95 1 8 95 5 8 95 8 8 95 10 8 95 1 9 95 5 9 95 8 9 95 10 9 95 1 10 95 5 10 95 8 10 95 10 10 95 1 11 95 5 11 95 8 11 95 10 11 95 0 18 2 1 80 5 1 84 10 1 89 2 2 80 5 2 84 10 2 89 2 4 80 5 4 84 10 4 89 2 6 80 5 6 84 10 6 89 2 7 80 5 7 84 10 7 89 2 12 80 5 12 84 10 12 89 
15 0 12 2 1 65 10 1 64 2 4 65 10 4 64 2 6 65 10 6 64 2 7 65 10 7 64 2 11 65 10 11 64 2 12 65 10 12 64 0 30 1 1 23 2 1 20 3 1 20 6 1 20 8 1 19 1 2 23 2 2 20 3 2 20 6 2 20 8 2 19 1 5 23 2 5 20 3 5 20 6 5 20 8 5 19 1 6 23 2 6 20 3 6 20 6 6 20 8 6 19 1 8 23 2 8 20 3 8 20 6 8 20 8 8 19 1 12 23 2 12 20 3 12 20 6 12 20 8 12 19 0 6 1 2 79 1 3 79 1 5 79 1 8 79 1 10 79 1 11 79 0 6 9 1 34 9 4 34 9 6 34 9 7 34 9 8 34 9 11 34 0 12 3 2 71 10 2 69 3 4 71 10 4 69 3 5 71 10 5 69 3 7 71 10 7 69 3 10 71 10 10 69 3 11 71 10 11 69 1 6 2 43 4 43 5 43 7 43 10 43 12 43 0 18 2 1 95 6 1 91 9 1 95 2 2 95 6 2 91 9 2 95 2 4 95 6 4 91 9 4 95 2 6 95 6 6 91 9 6 95 2 9 95 6 9 91 9 9 95 2 12 95 6 12 91 9 12 95 0 6 2 1 27 2 5 27 2 7 27 2 9 27 2 10 27 2 12 27 0 6 9 1 35 9 2 35 9 5 35 9 7 35 9 8 35 9 10 35 1 6 2 89 3 89 4 89 5 89 6 89 10 89 0 30 3 2 72 4 2 71 5 2 69 6 2 73 8 2 72 3 3 72 4 3 71 5 3 69 6 3 73 8 3 72 3 8 72 4 8 71 5 8 69 6 8 73 8 8 72 3 9 72 4 9 71 5 9 69 6 9 73 8 9 72 3 11 72 4 11 71 5 11 69 6 11 73 8 11 72 3 12 72 4 12 71 5 12 69 6 12 73 8 12 72 0 30 1 2 86 4 2 85 7 2 82 8 2 84 9 2 88 1 4 86 4 4 85 7 4 82 8 4 84 9 4 88 1 5 86 4 5 85 7 5 82 8 5 84 9 5 88 1 7 86 4 7 85 7 7 82 8 7 84 9 7 88 1 9 86 4 9 85 7 9 82 8 9 84 9 9 88 1 11 86 4 11 85 7 11 82 8 11 84 9 11 88 0 6 1 1 54 1 2 54 1 5 54 1 7 54 1 8 54 1 11 54 0 6 1 2 38 1 5 38 1 6 38 1 7 38 1 8 38 1 12 38 1 6 5 51 7 51 8 51 9 51 10 51 11 51 
17 0 6 10 1 65 10 3 65 10 5 65 10 7 65 10 10 65 10 11 65 0 18 7 1 58 8 1 61 9 1 56 7 4 58 8 4 61 9 4 56 7 8 58 8 8 61 9 8 56 7 10 58 8 10 61 9 10 56 7 11 58 8 11 61 9 11 56 7 12 58 8 12 61 9 12 56 0 12 5 3 93 7 3 93 5 6 93 7 6 93 5 7 93 7 7 93 5 8 93 7 8 93 5 11 93 7 11 93 5 12 93 7 12 93 0 12 3 1 71 4 1 71 3 3 71 4 3 71 3 4 71 4 4 71 3 6 71 4 6 71 3 10 71 4 10 71 3 11 71 4 11 71 1 6 1 78 2 78 3 78 6 78 8 78 11 78 0 24 3 1 19 5 1 15 7 1 18 9 1 15 3 3 19 5 3 15 7 3 18 9 3 15 3 6 19 5 6 15 7 6 18 9 6 15 3 8 19 5 8 15 7 8 18 9 8 15 3 10 19 5 10 15 7 10 18 9 10 15 3 11 19 5 11 15 7 11 18 9 11 15 0 30 6 1 34 7 1 34 8 1 36 9 1 29 10 1 31 6 4 34 7 4 34 8 4 36 9 4 29 10 4 31 6 6 34 7 6 34 8 6 36 9 6 29 10 6 31 6 9 34 7 9 34 8 9 36 9 9 29 10 9 31 6 11 34 7 11 34 8 11 36 9 11 29 10 11 31 6 12 34 7 12 34 8 12 36 9 12 29 10 12 31 0 18 1 3 54 3 3 55 10 3 54 1 4 54 3 4 55 10 4 54 1 5 54 3 5 55 10 5 54 1 8 54 3 8 55 10 8 54 1 10 54 3 10 55 10 10 54 1 11 54 3 11 55 10 11 54 0 12 1 3 55 5 3 54 1 4 55 5 4 54 1 6 55 5 6 54 1 8 55 5 8 54 1 9 55 5 9 54 1 10 55 5 10 54 0 12 4 2 23 8 2 26 4 4 23 8 4 26 4 5 23 8 5 26 4 6 23 8 6 26 4 10 23 8 10 26 4 12 23 8 12 26 0 18 8 2 58 9 2 55 10 2 55 8 3 58 9 3 55 10 3 55 8 5 58 9 5 55 10 5 55 8 6 58 9 6 55 10 6 55 8 7 58 9 7 55 10 7 55 8 8 58 9 8 55 10 8 55 0 12 3 3 85 8 3 84 3 4 85 8 4 84 3 8 85 8 8 84 3 10 85 8 10 84 3 11 85 8 11 84 3 12 85 8 12 84 1 6 4 47 6 47 8 47 9 47 10 47 12 47 1 6 2 71 5 71 8 71 9 71 11 71 12 71 0 24 1 1 33 3 1 29 7 1 33 10 1 33 1 2 33 3 2 29 7 2 33 10 2 33 1 3 33 3 3 29 7 3 33 10 3 33 1 6 33 3 6 29 7 6 33 10 6 33 1 8 33 3 8 29 7 8 33 10 8 33 1 10 33 3 10 29 7 10 33 10 10 33 0 12 1 2 48 2 2 46 1 5 48 2 5 46 1 6 48 2 6 46 1 9 48 2 9 46 1 11 48 2 11 46 1 12 48 2 12 46 0 12 1 2 51 9 2 50 1 5 51 9 5 50 1 7 51 9 7 50 1 8 51 9 8 50 1 9 51 9 9 50 1 11 51 9 11 50 
25 1 6 1 44 5 44 7 44 8 44 9 44 11 44 0 30 2 3 76 5 3 73 7 3 74 8 3 73 10 3 71 2 6 76 5 6 73 7 6 74 8 6 73 10 6 71 2 7 76 5 7 73 7 7 74 8 7 73 10 7 71 2 8 76 5 8 73 7 8 74 8 8 73 10 8 71 2 9 76 5 9 73 7 9 74 8 9 73 10 9 71 2 11 76 5 11 73 7 11 74 8 11 73 10 11 71 0 18 1 1 34 2 1 35 5 1 34 1 2 34 2 2 35 5 2 34 1 4 34 2 4 35 5 4 34 1 6 34 2 6 35 5 6 34 1 10 34 2 10 35 5 10 34 1 12 34 2 12 35 5 12 34 0 18 1 2 66 3 2 69 6 2 66 1 5 66 3 5 69 6 5 66 1 6 66 3 6 69 6 6 66 1 7 66 3 7 69 6 7 66 1 10 66 3 10 69 6 10 66 1 11 66 3 11 69 6 11 66 0 12 7 1 65 8 1 65 7 2 65 8 2 65 7 5 65 8 5 65 7 7 65 8 7 65 7 8 65 8 8 65 7 12 65 8 12 65 0 6 10 1 44 10 2 44 10 6 44 10 7 44 10 8 44 10 12 44 0 18 2 1 20 3 1 23 4 1 21 2 5 20 3 5 23 4 5 21 2 7 20 3 7 23 4 7 21 2 8 20 3 8 23 4 8 21 2 9 20 3 9 23 4 9 21 2 11 20 3 11 23 4 11 21 0 24 1 1 36 3 1 32 4 1 37 7 1 35 1 2 36 3 2 32 4 2 37 7 2 35 1 3 36 3 3 32 4 3 37 7 3 35 1 5 36 3 5 32 4 5 37 7 5 35 1 9 36 3 9 32 4 9 37 7 9 35 1 12 36 3 12 32 4 12 37 7 12 35 0 24 2 1 43 4 1 40 5 1 40 7 1 43 2 4 43 4 4 40 5 4 40 7 4 43 2 5 43 4 5 40 5 5 40 7 5 43 2 7 43 4 7 40 5 7 40 7 7 43 2 11 43 4 11 40 5 11 40 7 11 43 2 12 43 4 12 40 5 12 40 7 12 43 0 18 1 2 91 4 2 90 7 2 89 1 4 91 4 4 90 7 4 89 1 5 91 4 5 90 7 5 89 1 6 91 4 6 90 7 6 89 1 9 91 4 9 90 7 9 89 1 10 91 4 10 90 7 10 89 0 18 1 2 58 2 2 58 5 2 54 1 3 58 2 3 58 5 3 54 1 4 58 2 4 58 5 4 54 1 6 58 2 6 58 5 6 54 1 9 58 2 9 58 5 9 54 1 11 58 2 11 58 5 11 54 0 6 6 1 38 6 3 38 6 6 38 6 8 38 6 11 38 6 12 38 0 30 1 3 63 3 3 64 4 3 68 9 3 67 10 3 65 1 4 63 3 4 64 4 4 68 9 4 67 10 4 65 1 5 63 3 5 64 4 5 68 9 5 67 10 5 65 1 8 63 3 8 64 4 8 68 9 8 67 10 8 65 1 9 63 3 9 64 4 9 68 9 9 67 10 9 65 1 12 63 3 12 64 4 12 68 9 12 67 10 12 65 0 24 1 2 25 3 2 26 5 2 23 7 2 25 1 3 25 3 3 26 5 3 23 7 3 25 1 7 25 3 7 26 5 7 23 7 7 25 1 9 25 3 9 26 5 9 23 7 9 25 1 10 25 3 10 26 5 10 23 7 10 25 1 12 25 3 12 26 5 12 23 7 12 25 0 30 4 3 27 5 3 33 7 3 27 8 3 31 9 3 25 4 6 27 5 6 33 7 6 27 8 6 31 9 6 25 4 7 27 5 7 33 7 7 27 8 7 31 9 7 25 4 8 27 5 8 33 7 8 27 8 8 31 9 8 25 4 9 27 5 9 33 7 9 27 8 9 31 9 9 25 4 12 27 5 12 33 7 12 27 8 12 31 9 12 25 0 6 10 1 64 10 2 64 10 3 64 10 4 64 10 6 64 10 7 64 0 18 1 1 61 3 1 54 7 1 60 1 3 61 3 3 54 7 3 60 1 6 61 3 6 54 7 6 60 1 7 61 3 7 54 7 7 60 1 10 61 3 10 54 7 10 60 1 12 61 3 12 54 7 12 60 0 18 3 2 64 7 2 64 8 2 67 3 3 64 7 3 64 8 3 67 3 6 64 7 6 64 8 6 67 3 7 64 7 7 64 8 7 67 3 11 64 7 11 64 8 11 67 3 12 64 7 12 64 8 12 67 0 12 4 5 41 8 5 39 4 6 41 8 6 39 4 7 41 8 7 39 4 8 41 8 8 39 4 10 41 8 10 39 4 11 41 8 11 39 0 18 1 1 46 8 1 44 10 1 49 1 4 46 8 4 44 10 4 49 1 5 46 8 5 44 10 5 49 1 7 46 8 7 44 10 7 49 1 8 46 8 8 44 10 8 49 1 9 46 8 9 44 10 9 49 0 12 5 1 76 8 1 81 5 2 76 8 2 81 5 5 76 8 5 81 5 6 76 8 6 81 5 11 76 8 11 81 5 12 76 8 12 81 1 6 1 42 3 42 6 42 9 42 10 42 11 42 0 18 5 4 79 9 4 77 10 4 79 5 6 79 9 6 77 10 6 79 5 7 79 9 7 77 10 7 79 5 8 79 9 8 77 10 8 79 5 9 79 9 9 77 10 9 79 5 10 79 9 10 77 10 10 79 0 6 9 4 51 9 6 51 9 7 51 9 9 51 9 10 51 9 11 51 1 6 1 76 4 76 5 76 7 76 9 76 12 76 
23 0 6 3 1 37 3 4 37 3 5 37 3 6 37 3 9 37 3 11 37 0 24 4 1 76 6 1 72 7 1 76 10 1 77 4 2 76 6 2 72 7 2 76 10 2 77 4 4 76 6 4 72 7 4 76 10 4 77 4 10 76 6 10 72 7 10 76 10 10 77 4 11 76 6 11 72 7 11 76 10 11 77 4 12 76 6 12 72 7 12 76 10 12 77 0 6 4 1 41 4 3 41 4 5 41 4 6 41 4 8 41 4 12 41 1 6 1 73 7 73 9 73 10 73 11 73 12 73 0 12 1 1 44 7 1 40 1 3 44 7 3 40 1 4 44 7 4 40 1 6 44 7 6 40 1 11 44 7 11 40 1 12 44 7 12 40 1 6 1 18 5 18 7 18 9 18 10 18 12 18 0 24 4 1 62 6 1 67 7 1 62 8 1 64 4 4 62 6 4 67 7 4 62 8 4 64 4 8 62 6 8 67 7 8 62 8 8 64 4 9 62 6 9 67 7 9 62 8 9 64 4 10 62 6 10 67 7 10 62 8 10 64 4 12 62 6 12 67 7 12 62 8 12 64 0 24 2 3 90 7 3 97 8 3 93 10 3 98 2 6 90 7 6 97 8 6 93 10 6 98 2 7 90 7 7 97 8 7 93 10 7 98 2 10 90 7 10 97 8 10 93 10 10 98 2 11 90 7 11 97 8 11 93 10 11 98 2 12 90 7 12 97 8 12 93 10 12 98 0 18 2 4 25 3 4 20 7 4 20 2 5 25 3 5 20 7 5 20 2 8 25 3 8 20 7 8 20 2 9 25 3 9 20 7 9 20 2 11 25 3 11 20 7 11 20 2 12 25 3 12 20 7 12 20 0 6 9 4 36 9 5 36 9 6 36 9 8 36 9 11 36 9 12 36 0 18 2 1 94 5 1 94 7 1 90 2 3 94 5 3 94 7 3 90 2 6 94 5 6 94 7 6 90 2 9 94 5 9 94 7 9 90 2 10 94 5 10 94 7 10 90 2 12 94 5 12 94 7 12 90 0 12 2 5 87 5 5 79 2 6 87 5 6 79 2 8 87 5 8 79 2 10 87 5 10 79 2 11 87 5 11 79 2 12 87 5 12 79 0 12 3 2 50 9 2 42 3 5 50 9 5 42 3 6 50 9 6 42 3 7 50 9 7 42 3 9 50 9 9 42 3 12 50 9 12 42 0 18 3 2 80 7 2 78 8 2 78 3 4 80 7 4 78 8 4 78 3 6 80 7 6 78 8 6 78 3 8 80 7 8 78 8 8 78 3 10 80 7 10 78 8 10 78 3 11 80 7 11 78 8 11 78 1 6 2 46 4 46 5 46 7 46 8 46 12 46 0 30 1 1 54 3 1 59 6 1 57 7 1 57 10 1 58 1 7 54 3 7 59 6 7 57 7 7 57 10 7 58 1 8 54 3 8 59 6 8 57 7 8 57 10 8 58 1 9 54 3 9 59 6 9 57 7 9 57 10 9 58 1 10 54 3 10 59 6 10 57 7 10 57 10 10 58 1 12 54 3 12 59 6 12 57 7 12 57 10 12 58 0 12 1 2 56 8 2 53 1 3 56 8 3 53 1 4 56 8 4 53 1 6 56 8 6 53 1 7 56 8 7 53 1 11 56 8 11 53 1 6 1 33 3 33 4 33 6 33 8 33 11 33 0 12 2 2 60 9 2 60 2 4 60 9 4 60 2 6 60 9 6 60 2 8 60 9 8 60 2 9 60 9 9 60 2 11 60 9 11 60 0 6 4 1 51 4 6 51 4 9 51 4 10 51 4 11 51 4 12 51 1 6 3 88 5 88 6 88 7 88 10 88 12 88 1 6 2 31 3 31 4 31 6 31 9 31 10 31 0 12 1 2 77 9 2 74 1 4 77 9 4 74 1 5 77 9 5 74 1 9 77 9 9 74 1 10 77 9 10 74 1 11 77 9 11 74 
19 0 18 4 2 44 7 2 44 10 2 44 4 4 44 7 4 44 10 4 44 4 7 44 7 7 44 10 7 44 4 8 44 7 8 44 10 8 44 4 10 44 7 10 44 10 10 44 4 12 44 7 12 44 10 12 44 1 6 2 32 3 32 4 32 8 32 9 32 10 32 0 24 2 2 37 3 2 38 5 2 46 6 2 44 2 3 37 3 3 38 5 3 46 6 3 44 2 5 37 3 5 38 5 5 46 6 5 44 2 8 37 3 8 38 5 8 46 6 8 44 2 10 37 3 10 38 5 10 46 6 10 44 2 12 37 3 12 38 5 12 46 6 12 44 0 36 2 3 73 3 3 77 4 3 77 5 3 76 6 3 77 9 3 80 2 6 73 3 6 77 4 6 77 5 6 76 6 6 77 9 6 80 2 7 73 3 7 77 4 7 77 5 7 76 6 7 77 9 7 80 2 8 73 3 8 77 4 8 77 5 8 76 6 8 77 9 8 80 2 9 73 3 9 77 4 9 77 5 9 76 6 9 77 9 9 80 2 11 73 3 11 77 4 11 77 5 11 76 6 11 77 9 11 80 0 24 1 2 69 2 2 66 4 2 67 6 2 71 1 6 69 2 6 66 4 6 67 6 6 71 1 7 69 2 7 66 4 7 67 6 7 71 1 9 69 2 9 66 4 9 67 6 9 71 1 10 69 2 10 66 4 10 67 6 10 71 1 12 69 2 12 66 4 12 67 6 12 71 0 18 3 1 67 7 1 60 8 1 63 3 2 67 7 2 60 8 2 63 3 3 67 7 3 60 8 3 63 3 6 67 7 6 60 8 6 63 3 9 67 7 9 60 8 9 63 3 11 67 7 11 60 8 11 63 0 36 1 2 74 4 2 71 5 2 74 7 2 74 8 2 74 9 2 74 1 3 74 4 3 71 5 3 74 7 3 74 8 3 74 9 3 74 1 6 74 4 6 71 5 6 74 7 6 74 8 6 74 9 6 74 1 8 74 4 8 71 5 8 74 7 8 74 8 8 74 9 8 74 1 11 74 4 11 71 5 11 74 7 11 74 8 11 74 9 11 74 1 12 74 4 12 71 5 12 74 7 12 74 8 12 74 9 12 74 0 24 4 1 23 6 1 27 7 1 27 8 1 29 4 4 23 6 4 27 7 4 27 8 4 29 4 5 23 6 5 27 7 5 27 8 5 29 4 6 23 6 6 27 7 6 27 8 6 29 4 9 23 6 9 27 7 9 27 8 9 29 4 10 23 6 10 27 7 10 27 8 10 29 1 6 2 51 6 51 7 51 9 51 11 51 12 51 0 6 3 4 18 3 5 18 3 6 18 3 7 18 3 8 18 3 11 18 0 6 5 2 39 5 4 39 5 6 39 5 8 39 5 10 39 5 11 39 0 24 4 1 22 7 1 28 8 1 25 10 1 29 4 2 22 7 2 28 8 2 25 10 2 29 4 4 22 7 4 28 8 4 25 10 4 29 4 6 22 7 6 28 8 6 25 10 6 29 4 8 22 7 8 28 8 8 25 10 8 29 4 11 22 7 11 28 8 11 25 10 11 29 0 18 1 1 77 8 1 75 10 1 76 1 2 77 8 2 75 10 2 76 1 4 77 8 4 75 10 4 76 1 5 77 8 5 75 10 5 76 1 7 77 8 7 75 10 7 76 1 12 77 8 12 75 10 12 76 0 24 1 5 87 2 5 88 8 5 95 9 5 88 1 7 87 2 7 88 8 7 95 9 7 88 1 8 87 2 8 88 8 8 95 9 8 88 1 9 87 2 9 88 8 9 95 9 9 88 1 10 87 2 10 88 8 10 95 9 10 88 1 12 87 2 12 88 8 12 95 9 12 88 0 18 7 1 57 8 1 64 9 1 59 7 2 57 8 2 64 9 2 59 7 3 57 8 3 64 9 3 59 7 5 57 8 5 64 9 5 59 7 7 57 8 7 64 9 7 59 7 12 57 8 12 64 9 12 59 0 12 5 1 88 9 1 87 5 2 88 9 2 87 5 5 88 9 5 87 5 6 88 9 6 87 5 7 88 9 7 87 5 11 88 9 11 87 0 12 4 1 53 10 1 49 4 2 53 10 2 49 4 4 53 10 4 49 4 7 53 10 7 49 4 11 53 10 11 49 4 12 53 10 12 49 1 6 3 80 4 80 6 80 8 80 9 80 11 80 1 6 1 60 2 60 3 60 5 60 7 60 9 60 
19 0 12 2 1 59 4 1 61 2 2 59 4 2 61 2 4 59 4 4 61 2 5 59 4 5 61 2 7 59 4 7 61 2 9 59 4 9 61 1 6 2 91 6 91 7 91 9 91 11 91 12 91 0 24 2 2 54 4 2 50 6 2 52 8 2 50 2 3 54 4 3 50 6 3 52 8 3 50 2 4 54 4 4 50 6 4 52 8 4 50 2 7 54 4 7 50 6 7 52 8 7 50 2 8 54 4 8 50 6 8 52 8 8 50 2 12 54 4 12 50 6 12 52 8 12 50 0 24 2 1 79 3 1 83 5 1 80 9 1 75 2 2 79 3 2 83 5 2 80 9 2 75 2 4 79 3 4 83 5 4 80 9 4 75 2 5 79 3 5 83 5 5 80 9 5 75 2 10 79 3 10 83 5 10 80 9 10 75 2 12 79 3 12 83 5 12 80 9 12 75 0 30 2 1 71 4 1 64 5 1 63 7 1 63 9 1 66 2 2 71 4 2 64 5 2 63 7 2 63 9 2 66 2 5 71 4 5 64 5 5 63 7 5 63 9 5 66 2 6 71 4 6 64 5 6 63 7 6 63 9 6 66 2 8 71 4 8 64 5 8 63 7 8 63 9 8 66 2 10 71 4 10 64 5 10 63 7 10 63 9 10 66 0 12 1 2 44 4 2 44 1 5 44 4 5 44 1 8 44 4 8 44 1 9 44 4 9 44 1 11 44 4 11 44 1 12 44 4 12 44 1 6 1 93 3 93 7 93 8 93 9 93 10 93 0 24 1 2 84 2 2 89 6 2 89 10 2 86 1 4 84 2 4 89 6 4 89 10 4 86 1 5 84 2 5 89 6 5 89 10 5 86 1 6 84 2 6 89 6 6 89 10 6 86 1 8 84 2 8 89 6 8 89 10 8 86 1 9 84 2 9 89 6 9 89 10 9 86 1 6 1 42 2 42 3 42 4 42 10 42 12 42 0 6 10 1 69 10 4 69 10 5 69 10 7 69 10 8 69 10 9 69 0 18 4 1 12 5 1 17 10 1 16 4 2 12 5 2 17 10 2 16 4 5 12 5 5 17 10 5 16 4 7 12 5 7 17 10 7 16 4 10 12 5 10 17 10 10 16 4 12 12 5 12 17 10 12 16 1 6 1 54 6 54 8 54 9 54 10 54 12 54 1 6 5 23 6 23 7 23 8 23 10 23 12 23 0 12 4 2 56 6 2 63 4 3 56 6 3 63 4 5 56 6 5 63 4 7 56 6 7 63 4 8 56 6 8 63 4 11 56 6 11 63 0 30 2 3 22 3 3 23 6 3 20 7 3 22 8 3 18 2 4 22 3 4 23 6 4 20 7 4 22 8 4 18 2 6 22 3 6 23 6 6 20 7 6 22 8 6 18 2 7 22 3 7 23 6 7 20 7 7 22 8 7 18 2 9 22 3 9 23 6 9 20 7 9 22 8 9 18 2 12 22 3 12 23 6 12 20 7 12 22 8 12 18 0 18 2 1 86 3 1 84 5 1 85 2 2 86 3 2 84 5 2 85 2 3 86 3 3 84 5 3 85 2 6 86 3 6 84 5 6 85 2 11 86 3 11 84 5 11 85 2 12 86 3 12 84 5 12 85 0 24 1 2 24 2 2 23 3 2 24 4 2 23 1 4 24 2 4 23 3 4 24 4 4 23 1 5 24 2 5 23 3 5 24 4 5 23 1 8 24 2 8 23 3 8 24 4 8 23 1 11 24 2 11 23 3 11 24 4 11 23 1 12 24 2 12 23 3 12 24 4 12 23 0 30 2 1 85 6 1 88 8 1 87 9 1 83 10 1 83 2 4 85 6 4 88 8 4 87 9 4 83 10 4 83 2 6 85 6 6 88 8 6 87 9 6 83 10 6 83 2 7 85 6 7 88 8 7 87 9 7 83 10 7 83 2 9 85 6 9 88 8 9 87 9 9 83 10 9 83 2 12 85 6 12 88 8 12 87 9 12 83 10 12 83 0 12 3 3 55 6 3 49 3 4 55 6 4 49 3 5 55 6 5 49 3 6 55 6 6 49 3 7 55 6 7 49 3 9 55 6 9 49 
21 0 12 4 1 50 7 1 46 4 3 50 7 3 46 4 5 50 7 5 46 4 6 50 7 6 46 4 8 50 7 8 46 4 10 50 7 10 46 1 6 4 62 6 62 8 62 9 62 10 62 11 62 0 12 3 1 20 5 1 17 3 2 20 5 2 17 3 4 20 5 4 17 3 7 20 5 7 17 3 10 20 5 10 17 3 12 20 5 12 17 0 6 4 2 64 4 3 64 4 5 64 4 6 64 4 7 64 4 11 64 0 24 1 2 71 2 2 67 6 2 69 9 2 73 1 5 71 2 5 67 6 5 69 9 5 73 1 7 71 2 7 67 6 7 69 9 7 73 1 8 71 2 8 67 6 8 69 9 8 73 1 10 71 2 10 67 6 10 69 9 10 73 1 12 71 2 12 67 6 12 69 9 12 73 0 24 1 1 46 3 1 46 4 1 46 7 1 46 1 2 46 3 2 46 4 2 46 7 2 46 1 5 46 3 5 46 4 5 46 7 5 46 1 6 46 3 6 46 4 6 46 7 6 46 1 8 46 3 8 46 4 8 46 7 8 46 1 11 46 3 11 46 4 11 46 7 11 46 0 6 10 1 43 10 2 43 10 5 43 10 6 43 10 7 43 10 12 43 0 12 3 3 37 6 3 40 3 4 37 6 4 40 3 6 37 6 6 40 3 7 37 6 7 40 3 9 37 6 9 40 3 12 37 6 12 40 0 18 1 3 16 3 3 16 9 3 13 1 4 16 3 4 16 9 4 13 1 6 16 3 6 16 9 6 13 1 7 16 3 7 16 9 7 13 1 8 16 3 8 16 9 8 13 1 11 16 3 11 16 9 11 13 1 6 2 80 5 80 6 80 7 80 11 80 12 80 0 6 2 1 18 2 2 18 2 4 18 2 10 18 2 11 18 2 12 18 0 6 2 3 98 2 5 98 2 6 98 2 7 98 2 9 98 2 10 98 0 36 1 3 25 4 3 29 6 3 29 7 3 27 8 3 29 9 3 29 1 5 25 4 5 29 6 5 29 7 5 27 8 5 29 9 5 29 1 9 25 4 9 29 6 9 29 7 9 27 8 9 29 9 9 29 1 10 25 4 10 29 6 10 29 7 10 27 8 10 29 9 10 29 1 11 25 4 11 29 6 11 29 7 11 27 8 11 29 9 11 29 1 12 25 4 12 29 6 12 29 7 12 27 8 12 29 9 12 29 0 24 1 1 77 3 1 79 8 1 85 10 1 77 1 3 77 3 3 79 8 3 85 10 3 77 1 4 77 3 4 79 8 4 85 10 4 77 1 5 77 3 5 79 8 5 85 10 5 77 1 9 77 3 9 79 8 9 85 10 9 77 1 11 77 3 11 79 8 11 85 10 11 77 0 24 2 1 38 3 1 42 8 1 38 9 1 36 2 3 38 3 3 42 8 3 38 9 3 36 2 4 38 3 4 42 8 4 38 9 4 36 2 9 38 3 9 42 8 9 38 9 9 36 2 10 38 3 10 42 8 10 38 9 10 36 2 12 38 3 12 42 8 12 38 9 12 36 0 12 1 1 43 6 1 41 1 3 43 6 3 41 1 6 43 6 6 41 1 10 43 6 10 41 1 11 43 6 11 41 1 12 43 6 12 41 0 12 3 1 48 5 1 45 3 4 48 5 4 45 3 8 48 5 8 45 3 9 48 5 9 45 3 11 48 5 11 45 3 12 48 5 12 45 0 18 2 1 54 4 1 51 9 1 49 2 2 54 4 2 51 9 2 49 2 4 54 4 4 51 9 4 49 2 5 54 4 5 51 9 5 49 2 7 54 4 7 51 9 7 49 2 10 54 4 10 51 9 10 49 0 18 3 1 54 7 1 55 10 1 58 3 4 54 7 4 55 10 4 58 3 5 54 7 5 55 10 5 58 3 8 54 7 8 55 10 8 58 3 10 54 7 10 55 10 10 58 3 11 54 7 11 55 10 11 58 0 12 2 2 56 10 2 56 2 3 56 10 3 56 2 4 56 10 4 56 2 5 56 10 5 56 2 10 56 10 10 56 2 11 56 10 11 56 1 6 3 30 6 30 7 30 9 30 11 30 12 30 
16 0 18 3 1 96 5 1 89 9 1 90 3 5 96 5 5 89 9 5 90 3 9 96 5 9 89 9 9 90 3 10 96 5 10 89 9 10 90 3 11 96 5 11 89 9 11 90 3 12 96 5 12 89 9 12 90 1 6 2 92 5 92 6 92 8 92 9 92 10 92 0 6 8 1 48 8 3 48 8 5 48 8 6 48 8 9 48 8 10 48 0 6 6 1 63 6 4 63 6 8 63 6 10 63 6 11 63 6 12 63 1 6 2 80 4 80 6 80 7 80 10 80 11 80 1 6 2 94 4 94 7 94 8 94 9 94 10 94 0 18 1 2 84 3 2 82 7 2 86 1 3 84 3 3 82 7 3 86 1 4 84 3 4 82 7 4 86 1 5 84 3 5 82 7 5 86 1 7 84 3 7 82 7 7 86 1 9 84 3 9 82 7 9 86 0 18 1 1 87 4 1 86 9 1 82 1 2 87 4 2 86 9 2 82 1 4 87 4 4 86 9 4 82 1 7 87 4 7 86 9 7 82 1 10 87 4 10 86 9 10 82 1 12 87 4 12 86 9 12 82 0 18 3 1 55 6 1 59 7 1 62 3 2 55 6 2 59 7 2 62 3 3 55 6 3 59 7 3 62 3 4 55 6 4 59 7 4 62 3 7 55 6 7 59 7 7 62 3 12 55 6 12 59 7 12 62 0 30 1 2 22 2 2 20 3 2 19 5 2 19 10 2 20 1 3 22 2 3 20 3 3 19 5 3 19 10 3 20 1 7 22 2 7 20 3 7 19 5 7 19 10 7 20 1 8 22 2 8 20 3 8 19 5 8 19 10 8 20 1 10 22 2 10 20 3 10 19 5 10 19 10 10 20 1 11 22 2 11 20 3 11 19 5 11 19 10 11 20 0 12 4 2 91 7 2 91 4 4 91 7 4 91 4 5 91 7 5 91 4 7 91 7 7 91 4 10 91 7 10 91 4 12 91 7 12 91 0 18 5 1 64 9 1 64 10 1 67 5 2 64 9 2 64 10 2 67 5 4 64 9 4 64 10 4 67 5 5 64 9 5 64 10 5 67 5 9 64 9 9 64 10 9 67 5 11 64 9 11 64 10 11 67 0 30 5 1 67 6 1 71 7 1 71 8 1 71 9 1 71 5 5 67 6 5 71 7 5 71 8 5 71 9 5 71 5 6 67 6 6 71 7 6 71 8 6 71 9 6 71 5 8 67 6 8 71 7 8 71 8 8 71 9 8 71 5 10 67 6 10 71 7 10 71 8 10 71 9 10 71 5 12 67 6 12 71 7 12 71 8 12 71 9 12 71 0 24 1 3 91 5 3 93 7 3 92 10 3 92 1 4 91 5 4 93 7 4 92 10 4 92 1 7 91 5 7 93 7 7 92 10 7 92 1 8 91 5 8 93 7 8 92 10 8 92 1 9 91 5 9 93 7 9 92 10 9 92 1 11 91 5 11 93 7 11 92 10 11 92 0 12 1 1 48 10 1 43 1 4 48 10 4 43 1 5 48 10 5 43 1 9 48 10 9 43 1 10 48 10 10 43 1 11 48 10 11 43 0 18 4 1 53 5 1 49 9 1 51 4 3 53 5 3 49 9 3 51 4 8 53 5 8 49 9 8 51 4 9 53 5 9 49 9 9 51 4 10 53 5 10 49 9 10 51 4 12 53 5 12 49 9 12 51 
16 0 12 6 4 60 9 4 57 6 5 60 9 5 57 6 6 60 9 6 57 6 8 60 9 8 57 6 10 60 9 10 57 6 12 60 9 12 57 0 12 2 1 26 9 1 27 2 2 26 9 2 27 2 4 26 9 4 27 2 6 26 9 6 27 2 7 26 9 7 27 2 11 26 9 11 27 0 18 1 3 85 5 3 86 8 3 86 1 4 85 5 4 86 8 4 86 1 7 85 5 7 86 8 7 86 1 8 85 5 8 86 8 8 86 1 9 85 5 9 86 8 9 86 1 12 85 5 12 86 8 12 86 0 24 2 1 14 4 1 12 7 1 16 10 1 15 2 3 14 4 3 12 7 3 16 10 3 15 2 5 14 4 5 12 7 5 16 10 5 15 2 6 14 4 6 12 7 6 16 10 6 15 2 7 14 4 7 12 7 7 16 10 7 15 2 11 14 4 11 12 7 11 16 10 11 15 0 12 1 1 13 3 1 17 1 2 13 3 2 17 1 3 13 3 3 17 1 4 13 3 4 17 1 8 13 3 8 17 1 10 13 3 10 17 0 12 1 3 65 3 3 66 1 5 65 3 5 66 1 6 65 3 6 66 1 8 65 3 8 66 1 9 65 3 9 66 1 11 65 3 11 66 0 18 1 2 57 5 2 57 10 2 64 1 3 57 5 3 57 10 3 64 1 4 57 5 4 57 10 4 64 1 6 57 5 6 57 10 6 64 1 7 57 5 7 57 10 7 64 1 9 57 5 9 57 10 9 64 0 12 5 1 47 9 1 44 5 2 47 9 2 44 5 3 47 9 3 44 5 7 47 9 7 44 5 8 47 9 8 44 5 9 47 9 9 44 0 24 3 1 70 4 1 66 5 1 70 10 1 68 3 2 70 4 2 66 5 2 70 10 2 68 3 3 70 4 3 66 5 3 70 10 3 68 3 7 70 4 7 66 5 7 70 10 7 68 3 9 70 4 9 66 5 9 70 10 9 68 3 11 70 4 11 66 5 11 70 10 11 68 1 6 1 73 4 73 6 73 7 73 11 73 12 73 0 30 1 2 50 3 2 49 4 2 53 5 2 50 8 2 47 1 6 50 3 6 49 4 6 53 5 6 50 8 6 47 1 8 50 3 8 49 4 8 53 5 8 50 8 8 47 1 9 50 3 9 49 4 9 53 5 9 50 8 9 47 1 11 50 3 11 49 4 11 53 5 11 50 8 11 47 1 12 50 3 12 49 4 12 53 5 12 50 8 12 47 1 6 2 28 6 28 8 28 9 28 10 28 12 28 0 24 1 2 52 2 2 50 3 2 49 7 2 55 1 3 52 2 3 50 3 3 49 7 3 55 1 6 52 2 6 50 3 6 49 7 6 55 1 7 52 2 7 50 3 7 49 7 7 55 1 11 52 2 11 50 3 11 49 7 11 55 1 12 52 2 12 50 3 12 49 7 12 55 0 18 5 2 73 6 2 73 8 2 73 5 4 73 6 4 73 8 4 73 5 5 73 6 5 73 8 5 73 5 7 73 6 7 73 8 7 73 5 10 73 6 10 73 8 10 73 5 12 73 6 12 73 8 12 73 0 18 1 1 25 2 1 25 7 1 28 1 3 25 2 3 25 7 3 28 1 5 25 2 5 25 7 5 28 1 6 25 2 6 25 7 6 28 1 9 25 2 9 25 7 9 28 1 11 25 2 11 25 7 11 28 1 6 1 35 3 35 4 35 5 35 8 35 11 35 
25 1 6 2 17 3 17 6 17 7 17 8 17 9 17 0 30 2 1 45 4 1 47 6 1 42 7 1 47 10 1 47 2 2 45 4 2 47 6 2 42 7 2 47 10 2 47 2 4 45 4 4 47 6 4 42 7 4 47 10 4 47 2 5 45 4 5 47 6 5 42 7 5 47 10 5 47 2 9 45 4 9 47 6 9 42 7 9 47 10 9 47 2 10 45 4 10 47 6 10 42 7 10 47 10 10 47 1 6 2 23 4 23 6 23 8 23 10 23 11 23 0 24 1 1 70 2 1 73 3 1 70 6 1 67 1 2 70 2 2 73 3 2 70 6 2 67 1 6 70 2 6 73 3 6 70 6 6 67 1 8 70 2 8 73 3 8 70 6 8 67 1 9 70 2 9 73 3 9 70 6 9 67 1 12 70 2 12 73 3 12 70 6 12 67 0 12 3 1 36 8 1 37 3 2 36 8 2 37 3 6 36 8 6 37 3 10 36 8 10 37 3 11 36 8 11 37 3 12 36 8 12 37 0 12 3 2 92 4 2 88 3 4 92 4 4 88 3 7 92 4 7 88 3 9 92 4 9 88 3 10 92 4 10 88 3 11 92 4 11 88 0 24 7 1 19 8 1 19 9 1 22 10 1 15 7 5 19 8 5 19 9 5 22 10 5 15 7 6 19 8 6 19 9 6 22 10 6 15 7 7 19 8 7 19 9 7 22 10 7 15 7 9 19 8 9 19 9 9 22 10 9 15 7 12 19 8 12 19 9 12 22 10 12 15 0 12 4 3 54 8 3 57 4 4 54 8 4 57 4 6 54 8 6 57 4 7 54 8 7 57 4 8 54 8 8 57 4 12 54 8 12 57 0 18 2 1 49 3 1 48 6 1 47 2 2 49 3 2 48 6 2 47 2 5 49 3 5 48 6 5 47 2 6 49 3 6 48 6 6 47 2 7 49 3 7 48 6 7 47 2 10 49 3 10 48 6 10 47 0 12 4 1 77 10 1 80 4 2 77 10 2 80 4 8 77 10 8 80 4 9 77 10 9 80 4 11 77 10 11 80 4 12 77 10 12 80 0 12 2 2 82 9 2 78 2 4 82 9 4 78 2 7 82 9 7 78 2 9 82 9 9 78 2 10 82 9 10 78 2 11 82 9 11 78 0 24 1 1 75 4 1 71 5 1 71 9 1 72 1 2 75 4 2 71 5 2 71 9 2 72 1 3 75 4 3 71 5 3 71 9 3 72 1 5 75 4 5 71 5 5 71 9 5 72 1 7 75 4 7 71 5 7 71 9 7 72 1 9 75 4 9 71 5 9 71 9 9 72 0 24 1 2 83 2 2 85 7 2 85 8 2 80 1 4 83 2 4 85 7 4 85 8 4 80 1 5 83 2 5 85 7 5 85 8 5 80 1 7 83 2 7 85 7 7 85 8 7 80 1 9 83 2 9 85 7 9 85 8 9 80 1 12 83 2 12 85 7 12 85 8 12 80 1 6 2 40 4 40 5 40 8 40 9 40 12 40 0 6 6 3 50 6 4 50 6 5 50 6 8 50 6 9 50 6 12 50 0 12 3 1 30 5 1 21 3 4 30 5 4 21 3 6 30 5 6 21 3 8 30 5 8 21 3 10 30 5 10 21 3 12 30 5 12 21 1 6 2 48 5 48 6 48 7 48 8 48 11 48 0 12 9 1 34 10 1 36 9 3 34 10 3 36 9 5 34 10 5 36 9 9 34 10 9 36 9 10 34 10 10 36 9 11 34 10 11 36 0 6 6 1 48 6 4 48 6 5 48 6 7 48 6 9 48 6 10 48 0 36 1 1 29 2 1 31 4 1 27 5 1 35 6 1 32 8 1 30 1 3 29 2 3 31 4 3 27 5 3 35 6 3 32 8 3 30 1 4 29 2 4 31 4 4 27 5 4 35 6 4 32 8 4 30 1 9 29 2 9 31 4 9 27 5 9 35 6 9 32 8 9 30 1 10 29 2 10 31 4 10 27 5 10 35 6 10 32 8 10 30 1 11 29 2 11 31 4 11 27 5 11 35 6 11 32 8 11 30 0 30 1 2 55 2 2 59 4 2 60 5 2 60 7 2 59 1 3 55 2 3 59 4 3 60 5 3 60 7 3 59 1 6 55 2 6 59 4 6 60 5 6 60 7 6 59 1 7 55 2 7 59 4 7 60 5 7 60 7 7 59 1 8 55 2 8 59 4 8 60 5 8 60 7 8 59 1 9 55 2 9 59 4 9 60 5 9 60 7 9 59 0 18 4 2 27 8 2 29 10 2 29 4 4 27 8 4 29 10 4 29 4 6 27 8 6 29 10 6 29 4 8 27 8 8 29 10 8 29 4 10 27 8 10 29 10 10 29 4 12 27 8 12 29 10 12 29 1 6 2 51 3 51 4 51 7 51 11 51 12 51 0 6 6 2 16 6 4 16 6 8 16 6 9 16 6 10 16 6 11 16 0 18 3 4 83 7 4 83 10 4 85 3 6 83 7 6 83 10 6 85 3 9 83 7 9 83 10 9 85 3 10 83 7 10 83 10 10 85 3 11 83 7 11 83 10 11 85 3 12 83 7 12 83 10 12 85 
17 0 24 1 2 51 4 2 59 6 2 55 7 2 56 1 3 51 4 3 59 6 3 55 7 3 56 1 4 51 4 4 59 6 4 55 7 4 56 1 5 51 4 5 59 6 5 55 7 5 56 1 6 51 4 6 59 6 6 55 7 6 56 1 11 51 4 11 59 6 11 55 7 11 56 0 18 3 1 70 6 1 70 10 1 69 3 2 70 6 2 70 10 2 69 3 3 70 6 3 70 10 3 69 3 7 70 6 7 70 10 7 69 3 9 70 6 9 70 10 9 69 3 10 70 6 10 70 10 10 69 0 12 2 3 63 4 3 63 2 4 63 4 4 63 2 7 63 4 7 63 2 8 63 4 8 63 2 10 63 4 10 63 2 12 63 4 12 63 0 18 2 2 38 3 2 38 5 2 37 2 3 38 3 3 38 5 3 37 2 4 38 3 4 38 5 4 37 2 6 38 3 6 38 5 6 37 2 8 38 3 8 38 5 8 37 2 12 38 3 12 38 5 12 37 1 6 2 29 3 29 5 29 7 29 8 29 10 29 0 18 1 6 33 4 6 38 8 6 37 1 7 33 4 7 38 8 7 37 1 8 33 4 8 38 8 8 37 1 9 33 4 9 38 8 9 37 1 11 33 4 11 38 8 11 37 1 12 33 4 12 38 8 12 37 0 24 1 1 69 2 1 63 4 1 70 6 1 71 1 2 69 2 2 63 4 2 70 6 2 71 1 3 69 2 3 63 4 3 70 6 3 71 1 4 69 2 4 63 4 4 70 6 4 71 1 5 69 2 5 63 4 5 70 6 5 71 1 7 69 2 7 63 4 7 70 6 7 71 0 12 2 2 60 7 2 60 2 4 60 7 4 60 2 5 60 7 5 60 2 9 60 7 9 60 2 11 60 7 11 60 2 12 60 7 12 60 0 30 1 1 39 4 1 43 5 1 43 8 1 45 9 1 43 1 2 39 4 2 43 5 2 43 8 2 45 9 2 43 1 4 39 4 4 43 5 4 43 8 4 45 9 4 43 1 5 39 4 5 43 5 5 43 8 5 45 9 5 43 1 8 39 4 8 43 5 8 43 8 8 45 9 8 43 1 12 39 4 12 43 5 12 43 8 12 45 9 12 43 0 6 3 3 38 3 4 38 3 5 38 3 8 38 3 10 38 3 11 38 0 24 3 1 60 4 1 67 7 1 63 10 1 64 3 4 60 4 4 67 7 4 63 10 4 64 3 5 60 4 5 67 7 5 63 10 5 64 3 8 60 4 8 67 7 8 63 10 8 64 3 9 60 4 9 67 7 9 63 10 9 64 3 12 60 4 12 67 7 12 63 10 12 64 0 12 7 2 85 9 2 87 7 3 85 9 3 87 7 7 85 9 7 87 7 8 85 9 8 87 7 11 85 9 11 87 7 12 85 9 12 87 0 24 1 1 21 2 1 17 4 1 21 5 1 17 1 2 21 2 2 17 4 2 21 5 2 17 1 3 21 2 3 17 4 3 21 5 3 17 1 5 21 2 5 17 4 5 21 5 5 17 1 8 21 2 8 17 4 8 21 5 8 17 1 11 21 2 11 17 4 11 21 5 11 17 0 24 1 1 28 2 1 35 6 1 32 8 1 33 1 7 28 2 7 35 6 7 32 8 7 33 1 9 28 2 9 35 6 9 32 8 9 33 1 10 28 2 10 35 6 10 32 8 10 33 1 11 28 2 11 35 6 11 32 8 11 33 1 12 28 2 12 35 6 12 32 8 12 33 0 36 2 3 87 3 3 83 5 3 84 6 3 88 7 3 88 9 3 83 2 5 87 3 5 83 5 5 84 6 5 88 7 5 88 9 5 83 2 6 87 3 6 83 5 6 84 6 6 88 7 6 88 9 6 83 2 7 87 3 7 83 5 7 84 6 7 88 7 7 88 9 7 83 2 8 87 3 8 83 5 8 84 6 8 88 7 8 88 9 8 83 2 10 87 3 10 83 5 10 84 6 10 88 7 10 88 9 10 83 0 18 1 1 69 5 1 74 6 1 74 1 4 69 5 4 74 6 4 74 1 6 69 5 6 74 6 6 74 1 9 69 5 9 74 6 9 74 1 10 69 5 10 74 6 10 74 1 12 69 5 12 74 6 12 74 0 6 4 1 68 4 3 68 4 4 68 4 5 68 4 7 68 4 9 68 
21 0 18 4 3 73 5 3 73 8 3 75 4 5 73 5 5 73 8 5 75 4 8 73 5 8 73 8 8 75 4 9 73 5 9 73 8 9 75 4 10 73 5 10 73 8 10 75 4 11 73 5 11 73 8 11 75 0 18 4 4 70 9 4 69 10 4 64 4 6 70 9 6 69 10 6 64 4 7 70 9 7 69 10 7 64 4 8 70 9 8 69 10 8 64 4 9 70 9 9 69 10 9 64 4 11 70 9 11 69 10 11 64 1 6 2 37 3 37 4 37 6 37 7 37 12 37 0 24 4 1 23 5 1 28 7 1 25 9 1 20 4 3 23 5 3 28 7 3 25 9 3 20 4 4 23 5 4 28 7 4 25 9 4 20 4 6 23 5 6 28 7 6 25 9 6 20 4 9 23 5 9 28 7 9 25 9 9 20 4 10 23 5 10 28 7 10 25 9 10 20 0 18 3 5 78 5 5 81 7 5 81 3 7 78 5 7 81 7 7 81 3 8 78 5 8 81 7 8 81 3 10 78 5 10 81 7 10 81 3 11 78 5 11 81 7 11 81 3 12 78 5 12 81 7 12 81 0 24 1 1 22 5 1 22 9 1 23 10 1 26 1 4 22 5 4 22 9 4 23 10 4 26 1 5 22 5 5 22 9 5 23 10 5 26 1 6 22 5 6 22 9 6 23 10 6 26 1 7 22 5 7 22 9 7 23 10 7 26 1 12 22 5 12 22 9 12 23 10 12 26 0 30 6 2 62 7 2 57 8 2 60 9 2 56 10 2 60 6 4 62 7 4 57 8 4 60 9 4 56 10 4 60 6 8 62 7 8 57 8 8 60 9 8 56 10 8 60 6 9 62 7 9 57 8 9 60 9 9 56 10 9 60 6 10 62 7 10 57 8 10 60 9 10 56 10 10 60 6 12 62 7 12 57 8 12 60 9 12 56 10 12 60 1 6 3 81 7 81 8 81 10 81 11 81 12 81 0 30 2 1 38 4 1 34 5 1 39 8 1 42 9 1 42 2 4 38 4 4 34 5 4 39 8 4 42 9 4 42 2 5 38 4 5 34 5 5 39 8 5 42 9 5 42 2 7 38 4 7 34 5 7 39 8 7 42 9 7 42 2 11 38 4 11 34 5 11 39 8 11 42 9 11 42 2 12 38 4 12 34 5 12 39 8 12 42 9 12 42 0 12 1 1 69 7 1 69 1 2 69 7 2 69 1 3 69 7 3 69 1 4 69 7 4 69 1 9 69 7 9 69 1 10 69 7 10 69 0 18 2 1 57 8 1 57 10 1 57 2 3 57 8 3 57 10 3 57 2 7 57 8 7 57 10 7 57 2 10 57 8 10 57 10 10 57 2 11 57 8 11 57 10 11 57 2 12 57 8 12 57 10 12 57 0 18 2 4 52 6 4 54 9 4 49 2 6 52 6 6 54 9 6 49 2 9 52 6 9 54 9 9 49 2 10 52 6 10 54 9 10 49 2 11 52 6 11 54 9 11 49 2 12 52 6 12 54 9 12 49 0 18 4 1 59 5 1 63 9 1 58 4 5 59 5 5 63 9 5 58 4 6 59 5 6 63 9 6 58 4 7 59 5 7 63 9 7 58 4 8 59 5 8 63 9 8 58 4 11 59 5 11 63 9 11 58 0 24 2 2 58 3 2 51 4 2 58 5 2 54 2 4 58 3 4 51 4 4 58 5 4 54 2 6 58 3 6 51 4 6 58 5 6 54 2 7 58 3 7 51 4 7 58 5 7 54 2 8 58 3 8 51 4 8 58 5 8 54 2 11 58 3 11 51 4 11 58 5 11 54 0 18 4 1 37 8 1 41 9 1 43 4 2 37 8 2 41 9 2 43 4 5 37 8 5 41 9 5 43 4 7 37 8 7 41 9 7 43 4 9 37 8 9 41 9 9 43 4 12 37 8 12 41 9 12 43 0 12 3 2 70 9 2 73 3 4 70 9 4 73 3 7 70 9 7 73 3 9 70 9 9 73 3 10 70 9 10 73 3 12 70 9 12 73 0 12 4 1 93 7 1 88 4 2 93 7 2 88 4 3 93 7 3 88 4 6 93 7 6 88 4 7 93 7 7 88 4 9 93 7 9 88 0 18 2 1 25 9 1 29 10 1 22 2 3 25 9 3 29 10 3 22 2 5 25 9 5 29 10 5 22 2 6 25 9 6 29 10 6 22 2 10 25 9 10 29 10 10 22 2 11 25 9 11 29 10 11 22 0 12 7 1 35 8 1 35 7 6 35 8 6 35 7 7 35 8 7 35 7 8 35 8 8 35 7 9 35 8 9 35 7 10 35 8 10 35 0 24 1 2 65 2 2 64 7 2 64 10 2 65 1 3 65 2 3 64 7 3 64 10 3 65 1 4 65 2 4 64 7 4 64 10 4 65 1 9 65 2 9 64 7 9 64 10 9 65 1 10 65 2 10 64 7 10 64 10 10 65 1 12 65 2 12 64 7 12 64 10 12 65 0 12 4 1 85 6 1 78 4 4 85 6 4 78 4 6 85 6 6 78 4 7 85 6 7 78 4 9 85 6 9 78 4 12 85 6 12 78 
17 0 18 2 2 16 8 2 16 10 2 13 2 4 16 8 4 16 10 4 13 2 5 16 8 5 16 10 5 13 2 6 16 8 6 16 10 6 13 2 8 16 8 8 16 10 8 13 2 9 16 8 9 16 10 9 13 0 12 1 1 41 8 1 39 1 4 41 8 4 39 1 7 41 8 7 39 1 8 41 8 8 39 1 9 41 8 9 39 1 10 41 8 10 39 0 12 1 1 11 6 1 12 1 2 11 6 2 12 1 3 11 6 3 12 1 4 11 6 4 12 1 6 11 6 6 12 1 11 11 6 11 12 1 6 2 79 4 79 5 79 7 79 8 79 11 79 0 24 1 4 51 2 4 49 6 4 47 9 4 47 1 5 51 2 5 49 6 5 47 9 5 47 1 6 51 2 6 49 6 6 47 9 6 47 1 9 51 2 9 49 6 9 47 9 9 47 1 11 51 2 11 49 6 11 47 9 11 47 1 12 51 2 12 49 6 12 47 9 12 47 0 6 7 1 78 7 5 78 7 7 78 7 10 78 7 11 78 7 12 78 0 18 1 1 23 2 1 23 9 1 23 1 3 23 2 3 23 9 3 23 1 4 23 2 4 23 9 4 23 1 7 23 2 7 23 9 7 23 1 9 23 2 9 23 9 9 23 1 12 23 2 12 23 9 12 23 0 24 1 4 90 6 4 90 7 4 88 9 4 92 1 5 90 6 5 90 7 5 88 9 5 92 1 6 90 6 6 90 7 6 88 9 6 92 1 8 90 6 8 90 7 8 88 9 8 92 1 9 90 6 9 90 7 9 88 9 9 92 1 12 90 6 12 90 7 12 88 9 12 92 0 24 1 1 72 3 1 71 4 1 75 8 1 74 1 3 72 3 3 71 4 3 75 8 3 74 1 5 72 3 5 71 4 5 75 8 5 74 1 6 72 3 6 71 4 6 75 8 6 74 1 11 72 3 11 71 4 11 75 8 11 74 1 12 72 3 12 71 4 12 75 8 12 74 0 18 3 3 46 6 3 44 7 3 44 3 4 46 6 4 44 7 4 44 3 5 46 6 5 44 7 5 44 3 7 46 6 7 44 7 7 44 3 10 46 6 10 44 7 10 44 3 12 46 6 12 44 7 12 44 0 18 3 3 78 6 3 81 8 3 78 3 4 78 6 4 81 8 4 78 3 6 78 6 6 81 8 6 78 3 8 78 6 8 81 8 8 78 3 9 78 6 9 81 8 9 78 3 10 78 6 10 81 8 10 78 0 12 5 1 73 9 1 73 5 3 73 9 3 73 5 6 73 9 6 73 5 7 73 9 7 73 5 8 73 9 8 73 5 11 73 9 11 73 0 18 2 3 92 6 3 92 9 3 97 2 7 92 6 7 92 9 7 97 2 8 92 6 8 92 9 8 97 2 9 92 6 9 92 9 9 97 2 10 92 6 10 92 9 10 97 2 11 92 6 11 92 9 11 97 0 36 1 3 39 3 3 42 4 3 42 5 3 34 7 3 35 9 3 37 1 4 39 3 4 42 4 4 42 5 4 34 7 4 35 9 4 37 1 6 39 3 6 42 4 6 42 5 6 34 7 6 35 9 6 37 1 8 39 3 8 42 4 8 42 5 8 34 7 8 35 9 8 37 1 11 39 3 11 42 4 11 42 5 11 34 7 11 35 9 11 37 1 12 39 3 12 42 4 12 42 5 12 34 7 12 35 9 12 37 0 30 2 4 48 3 4 45 4 4 45 8 4 45 10 4 48 2 5 48 3 5 45 4 5 45 8 5 45 10 5 48 2 7 48 3 7 45 4 7 45 8 7 45 10 7 48 2 8 48 3 8 45 4 8 45 8 8 45 10 8 48 2 10 48 3 10 45 4 10 45 8 10 45 10 10 48 2 12 48 3 12 45 4 12 45 8 12 45 10 12 48 0 18 2 1 98 7 1 90 8 1 94 2 2 98 7 2 90 8 2 94 2 5 98 7 5 90 8 5 94 2 7 98 7 7 90 8 7 94 2 10 98 7 10 90 8 10 94 2 11 98 7 11 90 8 11 94 0 24 5 2 88 6 2 85 7 2 85 9 2 83 5 3 88 6 3 85 7 3 85 9 3 83 5 5 88 6 5 85 7 5 85 9 5 83 5 7 88 6 7 85 7 7 85 9 7 83 5 8 88 6 8 85 7 8 85 9 8 83 5 10 88 6 10 85 7 10 85 9 10 83 
23 0 18 2 2 67 3 2 67 10 2 67 2 5 67 3 5 67 10 5 67 2 6 67 3 6 67 10 6 67 2 7 67 3 7 67 10 7 67 2 8 67 3 8 67 10 8 67 2 11 67 3 11 67 10 11 67 0 12 1 1 85 5 1 84 1 2 85 5 2 84 1 3 85 5 3 84 1 5 85 5 5 84 1 6 85 5 6 84 1 11 85 5 11 84 1 6 4 75 5 75 6 75 7 75 8 75 11 75 0 18 2 1 22 6 1 25 7 1 22 2 3 22 6 3 25 7 3 22 2 6 22 6 6 25 7 6 22 2 7 22 6 7 25 7 7 22 2 8 22 6 8 25 7 8 22 2 11 22 6 11 25 7 11 22 0 18 7 1 22 8 1 23 9 1 22 7 4 22 8 4 23 9 4 22 7 6 22 8 6 23 9 6 22 7 7 22 8 7 23 9 7 22 7 9 22 8 9 23 9 9 22 7 10 22 8 10 23 9 10 22 0 30 1 1 20 2 1 18 5 1 16 7 1 20 8 1 23 1 3 20 2 3 18 5 3 16 7 3 20 8 3 23 1 4 20 2 4 18 5 4 16 7 4 20 8 4 23 1 8 20 2 8 18 5 8 16 7 8 20 8 8 23 1 11 20 2 11 18 5 11 16 7 11 20 8 11 23 1 12 20 2 12 18 5 12 16 7 12 20 8 12 23 0 6 10 1 44 10 2 44 10 5 44 10 10 44 10 11 44 10 12 44 0 12 3 4 72 8 4 68 3 7 72 8 7 68 3 8 72 8 8 68 3 9 72 8 9 68 3 10 72 8 10 68 3 11 72 8 11 68 0 24 1 2 28 4 2 28 5 2 23 8 2 24 1 4 28 4 4 28 5 4 23 8 4 24 1 5 28 4 5 28 5 5 23 8 5 24 1 6 28 4 6 28 5 6 23 8 6 24 1 7 28 4 7 28 5 7 23 8 7 24 1 12 28 4 12 28 5 12 23 8 12 24 0 18 2 1 66 4 1 72 8 1 71 2 5 66 4 5 72 8 5 71 2 6 66 4 6 72 8 6 71 2 7 66 4 7 72 8 7 71 2 10 66 4 10 72 8 10 71 2 12 66 4 12 72 8 12 71 0 12 1 1 21 3 1 22 1 3 21 3 3 22 1 5 21 3 5 22 1 6 21 3 6 22 1 7 21 3 7 22 1 11 21 3 11 22 0 12 2 4 25 3 4 27 2 5 25 3 5 27 2 7 25 3 7 27 2 8 25 3 8 27 2 9 25 3 9 27 2 12 25 3 12 27 0 18 1 1 46 7 1 50 8 1 46 1 3 46 7 3 50 8 3 46 1 4 46 7 4 50 8 4 46 1 5 46 7 5 50 8 5 46 1 8 46 7 8 50 8 8 46 1 11 46 7 11 50 8 11 46 0 6 1 2 20 1 7 20 1 8 20 1 9 20 1 11 20 1 12 20 0 24 1 1 70 3 1 67 8 1 63 10 1 67 1 2 70 3 2 67 8 2 63 10 2 67 1 3 70 3 3 67 8 3 63 10 3 67 1 5 70 3 5 67 8 5 63 10 5 67 1 6 70 3 6 67 8 6 63 10 6 67 1 9 70 3 9 67 8 9 63 10 9 67 0 12 2 2 20 4 2 20 2 3 20 4 3 20 2 5 20 4 5 20 2 6 20 4 6 20 2 9 20 4 9 20 2 12 20 4 12 20 0 6 6 3 81 6 6 81 6 8 81 6 9 81 6 10 81 6 11 81 0 12 6 2 51 9 2 45 6 5 51 9 5 45 6 6 51 9 6 45 6 9 51 9 9 45 6 10 51 9 10 45 6 12 51 9 12 45 0 30 3 1 82 4 1 87 7 1 82 9 1 78 10 1 83 3 2 82 4 2 87 7 2 82 9 2 78 10 2 83 3 4 82 4 4 87 7 4 82 9 4 78 10 4 83 3 7 82 4 7 87 7 7 82 9 7 78 10 7 83 3 8 82 4 8 87 7 8 82 9 8 78 10 8 83 3 11 82 4 11 87 7 11 82 9 11 78 10 11 83 1 6 2 35 4 35 5 35 9 35 11 35 12 35 0 24 1 2 48 4 2 44 5 2 44 8 2 44 1 3 48 4 3 44 5 3 44 8 3 44 1 7 48 4 7 44 5 7 44 8 7 44 1 9 48 4 9 44 5 9 44 8 9 44 1 11 48 4 11 44 5 11 44 8 11 44 1 12 48 4 12 44 5 12 44 8 12 44 0 18 6 2 16 7 2 16 8 2 16 6 3 16 7 3 16 8 3 16 6 4 16 7 4 16 8 4 16 6 6 16 7 6 16 8 6 16 6 7 16 7 7 16 8 7 16 6 11 16 7 11 16 8 11 16 0 36 1 2 22 2 2 26 4 2 27 7 2 27 8 2 29 10 2 27 1 3 22 2 3 26 4 3 27 7 3 27 8 3 29 10 3 27 1 5 22 2 5 26 4 5 27 7 5 27 8 5 29 10 5 27 1 6 22 2 6 26 4 6 27 7 6 27 8 6 29 10 6 27 1 9 22 2 9 26 4 9 27 7 9 27 8 9 29 10 9 27 1 12 22 2 12 26 4 12 27 7 12 27 8 12 29 10 12 27 
16 0 24 2 2 51 3 2 49 7 2 50 10 2 49 2 4 51 3 4 49 7 4 50 10 4 49 2 6 51 3 6 49 7 6 50 10 6 49 2 7 51 3 7 49 7 7 50 10 7 49 2 8 51 3 8 49 7 8 50 10 8 49 2 12 51 3 12 49 7 12 50 10 12 49 1 6 3 19 4 19 7 19 8 19 10 19 12 19 0 12 2 3 92 7 3 93 2 4 92 7 4 93 2 5 92 7 5 93 2 9 92 7 9 93 2 10 92 7 10 93 2 11 92 7 11 93 0 18 2 4 30 3 4 24 10 4 26 2 5 30 3 5 24 10 5 26 2 8 30 3 8 24 10 8 26 2 9 30 3 9 24 10 9 26 2 10 30 3 10 24 10 10 26 2 11 30 3 11 24 10 11 26 0 18 1 1 37 9 1 34 10 1 28 1 3 37 9 3 34 10 3 28 1 4 37 9 4 34 10 4 28 1 5 37 9 5 34 10 5 28 1 6 37 9 6 34 10 6 28 1 7 37 9 7 34 10 7 28 1 6 6 92 7 92 8 92 9 92 11 92 12 92 0 30 2 1 66 4 1 66 5 1 68 7 1 62 9 1 65 2 5 66 4 5 66 5 5 68 7 5 62 9 5 65 2 6 66 4 6 66 5 6 68 7 6 62 9 6 65 2 7 66 4 7 66 5 7 68 7 7 62 9 7 65 2 10 66 4 10 66 5 10 68 7 10 62 9 10 65 2 11 66 4 11 66 5 11 68 7 11 62 9 11 65 0 24 2 2 44 3 2 40 8 2 44 10 2 46 2 3 44 3 3 40 8 3 44 10 3 46 2 4 44 3 4 40 8 4 44 10 4 46 2 6 44 3 6 40 8 6 44 10 6 46 2 7 44 3 7 40 8 7 44 10 7 46 2 8 44 3 8 40 8 8 44 10 8 46 0 18 1 1 47 5 1 40 7 1 39 1 2 47 5 2 40 7 2 39 1 3 47 5 3 40 7 3 39 1 5 47 5 5 40 7 5 39 1 8 47 5 8 40 7 8 39 1 12 47 5 12 40 7 12 39 0 12 3 4 54 5 4 61 3 6 54 5 6 61 3 7 54 5 7 61 3 8 54 5 8 61 3 9 54 5 9 61 3 11 54 5 11 61 0 6 5 1 85 5 3 85 5 5 85 5 9 85 5 11 85 5 12 85 0 18 3 1 76 4 1 76 10 1 78 3 4 76 4 4 76 10 4 78 3 6 76 4 6 76 10 6 78 3 7 76 4 7 76 10 7 78 3 11 76 4 11 76 10 11 78 3 12 76 4 12 76 10 12 78 1 6 3 68 5 68 6 68 7 68 8 68 12 68 1 6 1 61 2 61 4 61 10 61 11 61 12 61 0 12 3 4 70 9 4 64 3 7 70 9 7 64 3 9 70 9 9 64 3 10 70 9 10 64 3 11 70 9 11 64 3 12 70 9 12 64 0 24 1 3 82 2 3 86 9 3 78 10 3 82 1 4 82 2 4 86 9 4 78 10 4 82 1 5 82 2 5 86 9 5 78 10 5 82 1 7 82 2 7 86 9 7 78 10 7 82 1 8 82 2 8 86 9 8 78 10 8 82 1 9 82 2 9 86 9 9 78 10 9 82 
