20 15 17
12 0 18 2 2 5 6 2 5 2 3 5 6 3 5 2 4 5 6 4 5 2 6 5 6 6 5 2 8 5 6 8 5 2 10 5 6 10 5 2 11 5 6 11 5 2 12 5 6 12 5 2 16 5 6 16 5 0 18 6 2 11 7 2 11 6 4 11 7 4 11 6 5 11 7 5 11 6 6 11 7 6 11 6 7 11 7 7 11 6 9 11 7 9 11 6 13 11 7 13 11 6 15 11 7 15 11 6 17 11 7 17 11 1 9 1 5 3 5 6 5 8 5 10 5 11 5 14 5 16 5 17 5 1 9 5 7 6 7 7 7 9 7 10 7 12 7 13 7 16 7 17 7 0 18 1 2 7 7 2 9 1 5 7 7 5 9 1 7 7 7 7 9 1 8 7 7 8 9 1 9 7 7 9 9 1 11 7 7 11 9 1 14 7 7 14 9 1 15 7 7 15 9 1 16 7 7 16 9 0 36 1 1 8 4 1 7 7 1 14 9 1 12 1 2 8 4 2 7 7 2 14 9 2 12 1 3 8 4 3 7 7 3 14 9 3 12 1 5 8 4 5 7 7 5 14 9 5 12 1 6 8 4 6 7 7 6 14 9 6 12 1 9 8 4 9 7 7 9 14 9 9 12 1 12 8 4 12 7 7 12 14 9 12 12 1 13 8 4 13 7 7 13 14 9 13 12 1 16 8 4 16 7 7 16 14 9 16 12 0 27 2 4 6 4 4 13 8 4 8 2 5 6 4 5 13 8 5 8 2 6 6 4 6 13 8 6 8 2 9 6 4 9 13 8 9 8 2 10 6 4 10 13 8 10 8 2 12 6 4 12 13 8 12 8 2 14 6 4 14 13 8 14 8 2 15 6 4 15 13 8 15 8 2 17 6 4 17 13 8 17 8 0 45 1 2 19 2 2 16 3 2 8 9 2 13 10 2 19 1 3 19 2 3 16 3 3 8 9 3 13 10 3 19 1 4 19 2 4 16 3 4 8 9 4 13 10 4 19 1 5 19 2 5 16 3 5 8 9 5 13 10 5 19 1 8 19 2 8 16 3 8 8 9 8 13 10 8 19 1 9 19 2 9 16 3 9 8 9 9 13 10 9 19 1 13 19 2 13 16 3 13 8 9 13 13 10 13 19 1 16 19 2 16 16 3 16 8 9 16 13 10 16 19 1 17 19 2 17 16 3 17 8 9 17 13 10 17 19 0 45 2 2 16 3 2 12 4 2 11 5 2 15 10 2 9 2 4 16 3 4 12 4 4 11 5 4 15 10 4 9 2 5 16 3 5 12 4 5 11 5 5 15 10 5 9 2 8 16 3 8 12 4 8 11 5 8 15 10 8 9 2 10 16 3 10 12 4 10 11 5 10 15 10 10 9 2 12 16 3 12 12 4 12 11 5 12 15 10 12 9 2 14 16 3 14 12 4 14 11 5 14 15 10 14 9 2 15 16 3 15 12 4 15 11 5 15 15 10 15 9 2 17 16 3 17 12 4 17 11 5 17 15 10 17 9 0 18 9 2 10 10 2 5 9 3 10 10 3 5 9 4 10 10 4 5 9 5 10 10 5 5 9 6 10 10 6 5 9 7 10 10 7 5 9 11 10 10 11 5 9 14 10 10 14 5 9 16 10 10 16 5 0 27 2 2 8 4 2 7 7 2 5 2 5 8 4 5 7 7 5 5 2 7 8 4 7 7 7 7 5 2 9 8 4 9 7 7 9 5 2 10 8 4 10 7 7 10 5 2 11 8 4 11 7 7 11 5 2 15 8 4 15 7 7 15 5 2 16 8 4 16 7 7 16 5 2 17 8 4 17 7 7 17 5 0 36 1 2 6 5 2 11 6 2 13 10 2 7 1 4 6 5 4 11 6 4 13 10 4 7 1 8 6 5 8 11 6 8 13 10 8 7 1 9 6 5 9 11 6 9 13 10 9 7 1 10 6 5 10 11 6 10 13 10 10 7 1 11 6 5 11 11 6 11 13 10 11 7 1 12 6 5 12 11 6 12 13 10 12 7 1 14 6 5 14 11 6 14 13 10 14 7 1 16 6 5 16 11 6 16 13 10 16 7 
13 1 9 1 11 3 11 5 11 6 11 7 11 11 11 12 11 13 11 17 11 1 9 1 9 2 9 4 9 6 9 7 9 10 9 12 9 13 9 17 9 0 18 2 3 5 6 3 5 2 4 5 6 4 5 2 5 5 6 5 5 2 6 5 6 6 5 2 7 5 6 7 5 2 8 5 6 8 5 2 14 5 6 14 5 2 15 5 6 15 5 2 16 5 6 16 5 0 18 1 3 9 2 3 11 1 5 9 2 5 11 1 6 9 2 6 11 1 7 9 2 7 11 1 10 9 2 10 11 1 11 9 2 11 11 1 12 9 2 12 11 1 13 9 2 13 11 1 15 9 2 15 11 0 18 3 2 12 7 2 15 3 3 12 7 3 15 3 4 12 7 4 15 3 5 12 7 5 15 3 9 12 7 9 15 3 12 12 7 12 15 3 13 12 7 13 15 3 15 12 7 15 15 3 16 12 7 16 15 0 36 4 2 11 5 2 10 7 2 15 10 2 14 4 3 11 5 3 10 7 3 15 10 3 14 4 4 11 5 4 10 7 4 15 10 4 14 4 6 11 5 6 10 7 6 15 10 6 14 4 9 11 5 9 10 7 9 15 10 9 14 4 10 11 5 10 10 7 10 15 10 10 14 4 14 11 5 14 10 7 14 15 10 14 14 4 15 11 5 15 10 7 15 15 10 15 14 4 17 11 5 17 10 7 17 15 10 17 14 0 36 1 1 12 3 1 8 5 1 5 13 1 11 1 3 12 3 3 8 5 3 5 13 3 11 1 5 12 3 5 8 5 5 5 13 5 11 1 9 12 3 9 8 5 9 5 13 9 11 1 11 12 3 11 8 5 11 5 13 11 11 1 13 12 3 13 8 5 13 5 13 13 11 1 14 12 3 14 8 5 14 5 13 14 11 1 15 12 3 15 8 5 15 5 13 15 11 1 16 12 3 16 8 5 16 5 13 16 11 0 45 1 1 19 2 1 16 3 1 8 9 1 13 10 1 19 1 2 19 2 2 16 3 2 8 9 2 13 10 2 19 1 3 19 2 3 16 3 3 8 9 3 13 10 3 19 1 4 19 2 4 16 3 4 8 9 4 13 10 4 19 1 6 19 2 6 16 3 6 8 9 6 13 10 6 19 1 9 19 2 9 16 3 9 8 9 9 13 10 9 19 1 10 19 2 10 16 3 10 8 9 10 13 10 10 19 1 12 19 2 12 16 3 12 8 9 12 13 10 12 19 1 14 19 2 14 16 3 14 8 9 14 13 10 14 19 0 27 2 1 6 4 1 13 8 1 8 2 2 6 4 2 13 8 2 8 2 5 6 4 5 13 8 5 8 2 6 6 4 6 13 8 6 8 2 8 6 4 8 13 8 8 8 2 9 6 4 9 13 8 9 8 2 12 6 4 12 13 8 12 8 2 14 6 4 14 13 8 14 8 2 16 6 4 16 13 8 16 8 0 36 3 1 18 4 1 10 8 1 10 9 1 7 3 2 18 4 2 10 8 2 10 9 2 7 3 4 18 4 4 10 8 4 10 9 4 7 3 6 18 4 6 10 8 6 10 9 6 7 3 7 18 4 7 10 8 7 10 9 7 7 3 8 18 4 8 10 8 8 10 9 8 7 3 10 18 4 10 10 8 10 10 9 10 7 3 11 18 4 11 10 8 11 10 9 11 7 3 12 18 4 12 10 8 12 10 9 12 7 0 36 1 1 16 3 1 6 5 1 11 10 1 17 1 3 16 3 3 6 5 3 11 10 3 17 1 5 16 3 5 6 5 5 11 10 5 17 1 6 16 3 6 6 5 6 11 10 6 17 1 9 16 3 9 6 5 9 11 10 9 17 1 10 16 3 10 6 5 10 11 10 10 17 1 11 16 3 11 6 5 11 11 10 11 17 1 12 16 3 12 6 5 12 11 10 12 17 1 17 16 3 17 6 5 17 11 10 17 17 0 18 9 3 10 10 3 5 9 4 10 10 4 5 9 6 10 10 6 5 9 8 10 10 8 5 9 9 10 10 9 5 9 13 10 10 13 5 9 14 10 10 14 5 9 15 10 10 15 5 9 16 10 10 16 5 0 18 2 2 11 5 2 11 2 3 11 5 3 11 2 5 11 5 5 11 2 6 11 5 6 11 2 9 11 5 9 11 2 11 11 5 11 11 2 13 11 5 13 11 2 15 11 5 15 11 2 17 11 5 17 11 
11 0 36 1 5 12 3 5 8 5 5 5 13 5 11 1 6 12 3 6 8 5 6 5 13 6 11 1 7 12 3 7 8 5 7 5 13 7 11 1 11 12 3 11 8 5 11 5 13 11 11 1 12 12 3 12 8 5 12 5 13 12 11 1 13 12 3 13 8 5 13 5 13 13 11 1 14 12 3 14 8 5 14 5 13 14 11 1 15 12 3 15 8 5 15 5 13 15 11 1 17 12 3 17 8 5 17 5 13 17 11 0 18 1 1 9 2 1 11 1 6 9 2 6 11 1 9 9 2 9 11 1 10 9 2 10 11 1 11 9 2 11 11 1 12 9 2 12 11 1 13 9 2 13 11 1 15 9 2 15 11 1 16 9 2 16 11 1 9 1 9 2 9 3 9 4 9 6 9 9 9 13 9 14 9 15 9 0 18 2 1 5 6 1 5 2 4 5 6 4 5 2 7 5 6 7 5 2 9 5 6 9 5 2 10 5 6 10 5 2 11 5 6 11 5 2 12 5 6 12 5 2 14 5 6 14 5 2 17 5 6 17 5 0 36 1 1 6 5 1 11 6 1 13 10 1 7 1 3 6 5 3 11 6 3 13 10 3 7 1 4 6 5 4 11 6 4 13 10 4 7 1 6 6 5 6 11 6 6 13 10 6 7 1 7 6 5 7 11 6 7 13 10 7 7 1 9 6 5 9 11 6 9 13 10 9 7 1 10 6 5 10 11 6 10 13 10 10 7 1 11 6 5 11 11 6 11 13 10 11 7 1 16 6 5 16 11 6 16 13 10 16 7 1 9 3 5 4 5 5 5 10 5 11 5 12 5 15 5 16 5 17 5 0 45 1 2 19 2 2 16 3 2 8 9 2 13 10 2 19 1 3 19 2 3 16 3 3 8 9 3 13 10 3 19 1 7 19 2 7 16 3 7 8 9 7 13 10 7 19 1 9 19 2 9 16 3 9 8 9 9 13 10 9 19 1 13 19 2 13 16 3 13 8 9 13 13 10 13 19 1 14 19 2 14 16 3 14 8 9 14 13 10 14 19 1 15 19 2 15 16 3 15 8 9 15 13 10 15 19 1 16 19 2 16 16 3 16 8 9 16 13 10 16 19 1 17 19 2 17 16 3 17 8 9 17 13 10 17 19 0 36 3 1 18 4 1 10 8 1 10 9 1 7 3 3 18 4 3 10 8 3 10 9 3 7 3 4 18 4 4 10 8 4 10 9 4 7 3 8 18 4 8 10 8 8 10 9 8 7 3 9 18 4 9 10 8 9 10 9 9 7 3 10 18 4 10 10 8 10 10 9 10 7 3 11 18 4 11 10 8 11 10 9 11 7 3 15 18 4 15 10 8 15 10 9 15 7 3 17 18 4 17 10 8 17 10 9 17 7 0 36 2 1 16 5 1 9 8 1 16 10 1 9 2 2 16 5 2 9 8 2 16 10 2 9 2 3 16 5 3 9 8 3 16 10 3 9 2 4 16 5 4 9 8 4 16 10 4 9 2 8 16 5 8 9 8 8 16 10 8 9 2 9 16 5 9 9 8 9 16 10 9 9 2 12 16 5 12 9 8 12 16 10 12 9 2 13 16 5 13 9 8 13 16 10 13 9 2 16 16 5 16 9 8 16 16 10 16 9 0 18 3 3 12 7 3 15 3 5 12 7 5 15 3 7 12 7 7 15 3 10 12 7 10 15 3 11 12 7 11 15 3 13 12 7 13 15 3 14 12 7 14 15 3 16 12 7 16 15 3 17 12 7 17 15 0 18 2 1 5 9 1 19 2 6 5 9 6 19 2 7 5 9 7 19 2 8 5 9 8 19 2 9 5 9 9 19 2 10 5 9 10 19 2 13 5 9 13 19 2 14 5 9 14 19 2 17 5 9 17 19 
11 0 36 4 2 11 5 2 10 7 2 15 10 2 14 4 3 11 5 3 10 7 3 15 10 3 14 4 5 11 5 5 10 7 5 15 10 5 14 4 6 11 5 6 10 7 6 15 10 6 14 4 8 11 5 8 10 7 8 15 10 8 14 4 9 11 5 9 10 7 9 15 10 9 14 4 14 11 5 14 10 7 14 15 10 14 14 4 15 11 5 15 10 7 15 15 10 15 14 4 17 11 5 17 10 7 17 15 10 17 14 0 45 1 2 19 2 2 16 3 2 8 9 2 13 10 2 19 1 4 19 2 4 16 3 4 8 9 4 13 10 4 19 1 6 19 2 6 16 3 6 8 9 6 13 10 6 19 1 8 19 2 8 16 3 8 8 9 8 13 10 8 19 1 9 19 2 9 16 3 9 8 9 9 13 10 9 19 1 10 19 2 10 16 3 10 8 9 10 13 10 10 19 1 11 19 2 11 16 3 11 8 9 11 13 10 11 19 1 16 19 2 16 16 3 16 8 9 16 13 10 16 19 1 17 19 2 17 16 3 17 8 9 17 13 10 17 19 0 9 5 1 15 5 3 15 5 4 15 5 7 15 5 8 15 5 10 15 5 14 15 5 16 15 5 17 15 0 9 2 2 5 2 3 5 2 7 5 2 9 5 2 10 5 2 11 5 2 12 5 2 13 5 2 16 5 0 18 9 2 10 10 2 5 9 5 10 10 5 5 9 6 10 10 6 5 9 7 10 10 7 5 9 9 10 10 9 5 9 10 10 10 10 5 9 11 10 10 11 5 9 12 10 10 12 5 9 16 10 10 16 5 0 18 6 1 11 7 1 11 6 3 11 7 3 11 6 5 11 7 5 11 6 6 11 7 6 11 6 9 11 7 9 11 6 11 11 7 11 11 6 13 11 7 13 11 6 15 11 7 15 11 6 17 11 7 17 11 0 36 1 1 16 3 1 6 5 1 11 10 1 17 1 4 16 3 4 6 5 4 11 10 4 17 1 7 16 3 7 6 5 7 11 10 7 17 1 9 16 3 9 6 5 9 11 10 9 17 1 10 16 3 10 6 5 10 11 10 10 17 1 11 16 3 11 6 5 11 11 10 11 17 1 12 16 3 12 6 5 12 11 10 12 17 1 13 16 3 13 6 5 13 11 10 13 17 1 16 16 3 16 6 5 16 11 10 16 17 0 18 6 1 11 10 1 13 6 3 11 10 3 13 6 9 11 10 9 13 6 10 11 10 10 13 6 11 11 10 11 13 6 12 11 10 12 13 6 13 11 10 13 13 6 15 11 10 15 13 6 17 11 10 17 13 0 18 2 1 5 9 1 19 2 2 5 9 2 19 2 3 5 9 3 19 2 4 5 9 4 19 2 5 5 9 5 19 2 8 5 9 8 19 2 12 5 9 12 19 2 14 5 9 14 19 2 15 5 9 15 19 0 27 2 2 6 4 2 13 8 2 8 2 4 6 4 4 13 8 4 8 2 5 6 4 5 13 8 5 8 2 6 6 4 6 13 8 6 8 2 7 6 4 7 13 8 7 8 2 8 6 4 8 13 8 8 8 2 11 6 4 11 13 8 11 8 2 13 6 4 13 13 8 13 8 2 16 6 4 16 13 8 16 8 0 36 3 4 18 4 4 10 8 4 10 9 4 7 3 5 18 4 5 10 8 5 10 9 5 7 3 6 18 4 6 10 8 6 10 9 6 7 3 7 18 4 7 10 8 7 10 9 7 7 3 8 18 4 8 10 8 8 10 9 8 7 3 12 18 4 12 10 8 12 10 9 12 7 3 13 18 4 13 10 8 13 10 9 13 7 3 15 18 4 15 10 8 15 10 9 15 7 3 17 18 4 17 10 8 17 10 9 17 7 
14 1 9 2 11 5 11 9 11 10 11 11 11 13 11 15 11 16 11 17 11 0 18 9 1 10 10 1 5 9 3 10 10 3 5 9 6 10 10 6 5 9 7 10 10 7 5 9 10 10 10 10 5 9 11 10 10 11 5 9 12 10 10 12 5 9 14 10 10 14 5 9 16 10 10 16 5 0 36 2 2 16 5 2 11 7 2 8 10 2 11 2 3 16 5 3 11 7 3 8 10 3 11 2 6 16 5 6 11 7 6 8 10 6 11 2 8 16 5 8 11 7 8 8 10 8 11 2 9 16 5 9 11 7 9 8 10 9 11 2 12 16 5 12 11 7 12 8 10 12 11 2 13 16 5 13 11 7 13 8 10 13 11 2 14 16 5 14 11 7 14 8 10 14 11 2 17 16 5 17 11 7 17 8 10 17 11 0 18 6 1 11 10 1 13 6 2 11 10 2 13 6 3 11 10 3 13 6 5 11 10 5 13 6 6 11 10 6 13 6 7 11 10 7 13 6 9 11 10 9 13 6 11 11 10 11 13 6 13 11 10 13 13 0 36 1 2 16 3 2 6 5 2 11 10 2 17 1 3 16 3 3 6 5 3 11 10 3 17 1 4 16 3 4 6 5 4 11 10 4 17 1 5 16 3 5 6 5 5 11 10 5 17 1 8 16 3 8 6 5 8 11 10 8 17 1 9 16 3 9 6 5 9 11 10 9 17 1 11 16 3 11 6 5 11 11 10 11 17 1 14 16 3 14 6 5 14 11 10 14 17 1 16 16 3 16 6 5 16 11 10 16 17 1 9 1 9 4 9 5 9 7 9 8 9 9 9 15 9 16 9 17 9 0 36 1 2 12 3 2 8 5 2 5 13 2 11 1 5 12 3 5 8 5 5 5 13 5 11 1 6 12 3 6 8 5 6 5 13 6 11 1 7 12 3 7 8 5 7 5 13 7 11 1 9 12 3 9 8 5 9 5 13 9 11 1 10 12 3 10 8 5 10 5 13 10 11 1 11 12 3 11 8 5 11 5 13 11 11 1 13 12 3 13 8 5 13 5 13 13 11 1 14 12 3 14 8 5 14 5 13 14 11 1 9 2 5 4 5 5 5 6 5 8 5 9 5 14 5 15 5 16 5 1 9 1 9 3 9 4 9 5 9 6 9 9 9 12 9 14 9 15 9 0 27 1 3 15 2 3 19 9 3 9 1 4 15 2 4 19 9 4 9 1 6 15 2 6 19 9 6 9 1 7 15 2 7 19 9 7 9 1 9 15 2 9 19 9 9 9 1 12 15 2 12 19 9 12 9 1 13 15 2 13 19 9 13 9 1 16 15 2 16 19 9 16 9 1 17 15 2 17 19 9 17 9 0 36 1 2 6 5 2 11 6 2 13 10 2 7 1 3 6 5 3 11 6 3 13 10 3 7 1 5 6 5 5 11 6 5 13 10 5 7 1 6 6 5 6 11 6 6 13 10 6 7 1 8 6 5 8 11 6 8 13 10 8 7 1 11 6 5 11 11 6 11 13 10 11 7 1 12 6 5 12 11 6 12 13 10 12 7 1 15 6 5 15 11 6 15 13 10 15 7 1 16 6 5 16 11 6 16 13 10 16 7 0 18 1 1 9 2 1 11 1 6 9 2 6 11 1 8 9 2 8 11 1 10 9 2 10 11 1 12 9 2 12 11 1 13 9 2 13 11 1 14 9 2 14 11 1 15 9 2 15 11 1 16 9 2 16 11 1 9 1 14 2 14 5 14 6 14 7 14 9 14 11 14 13 14 14 14 0 45 1 3 19 2 3 16 3 3 8 9 3 13 10 3 19 1 5 19 2 5 16 3 5 8 9 5 13 10 5 19 1 9 19 2 9 16 3 9 8 9 9 13 10 9 19 1 10 19 2 10 16 3 10 8 9 10 13 10 10 19 1 11 19 2 11 16 3 11 8 9 11 13 10 11 19 1 13 19 2 13 16 3 13 8 9 13 13 10 13 19 1 15 19 2 15 16 3 15 8 9 15 13 10 15 19 1 16 19 2 16 16 3 16 8 9 16 13 10 16 19 1 17 19 2 17 16 3 17 8 9 17 13 10 17 19 
11 0 27 1 2 15 2 2 19 9 2 9 1 3 15 2 3 19 9 3 9 1 5 15 2 5 19 9 5 9 1 6 15 2 6 19 9 6 9 1 7 15 2 7 19 9 7 9 1 12 15 2 12 19 9 12 9 1 15 15 2 15 19 9 15 9 1 16 15 2 16 19 9 16 9 1 17 15 2 17 19 9 17 9 1 9 3 9 4 9 5 9 7 9 8 9 11 9 14 9 16 9 17 9 1 9 3 7 4 7 5 7 8 7 9 7 13 7 14 7 16 7 17 7 0 18 2 2 5 9 2 19 2 6 5 9 6 19 2 7 5 9 7 19 2 9 5 9 9 19 2 10 5 9 10 19 2 11 5 9 11 19 2 12 5 9 12 19 2 14 5 9 14 19 2 15 5 9 15 19 0 36 2 1 16 5 1 11 7 1 8 10 1 11 2 4 16 5 4 11 7 4 8 10 4 11 2 5 16 5 5 11 7 5 8 10 5 11 2 7 16 5 7 11 7 7 8 10 7 11 2 10 16 5 10 11 7 10 8 10 10 11 2 11 16 5 11 11 7 11 8 10 11 11 2 13 16 5 13 11 7 13 8 10 13 11 2 15 16 5 15 11 7 15 8 10 15 11 2 17 16 5 17 11 7 17 8 10 17 11 0 36 1 2 6 5 2 11 6 2 13 10 2 7 1 5 6 5 5 11 6 5 13 10 5 7 1 6 6 5 6 11 6 6 13 10 6 7 1 7 6 5 7 11 6 7 13 10 7 7 1 11 6 5 11 11 6 11 13 10 11 7 1 12 6 5 12 11 6 12 13 10 12 7 1 13 6 5 13 11 6 13 13 10 13 7 1 14 6 5 14 11 6 14 13 10 14 7 1 17 6 5 17 11 6 17 13 10 17 7 0 18 6 3 11 7 3 11 6 6 11 7 6 11 6 7 11 7 7 11 6 8 11 7 8 11 6 9 11 7 9 11 6 10 11 7 10 11 6 11 11 7 11 11 6 13 11 7 13 11 6 16 11 7 16 11 1 9 1 5 5 5 6 5 7 5 9 5 10 5 12 5 14 5 16 5 0 27 2 1 8 4 1 7 7 1 5 2 3 8 4 3 7 7 3 5 2 5 8 4 5 7 7 5 5 2 6 8 4 6 7 7 6 5 2 7 8 4 7 7 7 7 5 2 8 8 4 8 7 7 8 5 2 11 8 4 11 7 7 11 5 2 12 8 4 12 7 7 12 5 2 14 8 4 14 7 7 14 5 0 36 1 5 12 3 5 8 5 5 5 13 5 11 1 6 12 3 6 8 5 6 5 13 6 11 1 7 12 3 7 8 5 7 5 13 7 11 1 8 12 3 8 8 5 8 5 13 8 11 1 12 12 3 12 8 5 12 5 13 12 11 1 13 12 3 13 8 5 13 5 13 13 11 1 14 12 3 14 8 5 14 5 13 14 11 1 16 12 3 16 8 5 16 5 13 16 11 1 17 12 3 17 8 5 17 5 13 17 11 1 9 1 15 4 15 5 15 6 15 8 15 9 15 10 15 12 15 14 15 
14 0 9 2 3 5 2 5 5 2 7 5 2 10 5 2 11 5 2 13 5 2 14 5 2 15 5 2 17 5 0 18 6 1 11 7 1 11 6 2 11 7 2 11 6 3 11 7 3 11 6 4 11 7 4 11 6 5 11 7 5 11 6 6 11 7 6 11 6 14 11 7 14 11 6 15 11 7 15 11 6 16 11 7 16 11 0 18 1 2 9 2 2 11 1 3 9 2 3 11 1 4 9 2 4 11 1 5 9 2 5 11 1 7 9 2 7 11 1 8 9 2 8 11 1 11 9 2 11 11 1 13 9 2 13 11 1 17 9 2 17 11 0 18 9 6 10 10 6 5 9 10 10 10 10 5 9 11 10 10 11 5 9 12 10 10 12 5 9 13 10 10 13 5 9 14 10 10 14 5 9 15 10 10 15 5 9 16 10 10 16 5 9 17 10 10 17 5 1 9 2 7 3 7 6 7 7 7 8 7 9 7 10 7 12 7 16 7 1 9 2 9 4 9 5 9 6 9 7 9 8 9 9 9 13 9 15 9 0 27 2 2 8 4 2 7 7 2 5 2 4 8 4 4 7 7 4 5 2 5 8 4 5 7 7 5 5 2 6 8 4 6 7 7 6 5 2 7 8 4 7 7 7 7 5 2 9 8 4 9 7 7 9 5 2 10 8 4 10 7 7 10 5 2 13 8 4 13 7 7 13 5 2 17 8 4 17 7 7 17 5 0 36 2 4 16 5 4 9 8 4 16 10 4 9 2 6 16 5 6 9 8 6 16 10 6 9 2 7 16 5 7 9 8 7 16 10 7 9 2 8 16 5 8 9 8 8 16 10 8 9 2 10 16 5 10 9 8 10 16 10 10 9 2 11 16 5 11 9 8 11 16 10 11 9 2 14 16 5 14 9 8 14 16 10 14 9 2 15 16 5 15 9 8 15 16 10 15 9 2 17 16 5 17 9 8 17 16 10 17 9 0 36 1 1 6 5 1 11 6 1 13 10 1 7 1 4 6 5 4 11 6 4 13 10 4 7 1 5 6 5 5 11 6 5 13 10 5 7 1 6 6 5 6 11 6 6 13 10 6 7 1 7 6 5 7 11 6 7 13 10 7 7 1 8 6 5 8 11 6 8 13 10 8 7 1 10 6 5 10 11 6 10 13 10 10 7 1 12 6 5 12 11 6 12 13 10 12 7 1 13 6 5 13 11 6 13 13 10 13 7 0 9 5 1 15 5 2 15 5 3 15 5 5 15 5 6 15 5 7 15 5 12 15 5 15 15 5 17 15 0 36 4 1 8 6 1 18 7 1 13 10 1 19 4 2 8 6 2 18 7 2 13 10 2 19 4 4 8 6 4 18 7 4 13 10 4 19 4 11 8 6 11 18 7 11 13 10 11 19 4 12 8 6 12 18 7 12 13 10 12 19 4 13 8 6 13 18 7 13 13 10 13 19 4 15 8 6 15 18 7 15 13 10 15 19 4 16 8 6 16 18 7 16 13 10 16 19 4 17 8 6 17 18 7 17 13 10 17 19 1 9 5 11 7 11 8 11 10 11 11 11 12 11 13 11 14 11 16 11 0 36 1 2 16 3 2 6 5 2 11 10 2 17 1 3 16 3 3 6 5 3 11 10 3 17 1 6 16 3 6 6 5 6 11 10 6 17 1 7 16 3 7 6 5 7 11 10 7 17 1 8 16 3 8 6 5 8 11 10 8 17 1 10 16 3 10 6 5 10 11 10 10 17 1 12 16 3 12 6 5 12 11 10 12 17 1 13 16 3 13 6 5 13 11 10 13 17 1 17 16 3 17 6 5 17 11 10 17 17 1 9 1 9 2 9 4 9 6 9 8 9 12 9 13 9 15 9 16 9 
13 1 9 1 7 3 7 6 7 8 7 12 7 13 7 14 7 15 7 16 7 0 18 6 1 11 10 1 13 6 2 11 10 2 13 6 4 11 10 4 13 6 5 11 10 5 13 6 6 11 10 6 13 6 7 11 10 7 13 6 9 11 10 9 13 6 10 11 10 10 13 6 13 11 10 13 13 0 36 2 2 16 5 2 11 7 2 8 10 2 11 2 3 16 5 3 11 7 3 8 10 3 11 2 4 16 5 4 11 7 4 8 10 4 11 2 6 16 5 6 11 7 6 8 10 6 11 2 7 16 5 7 11 7 7 8 10 7 11 2 10 16 5 10 11 7 10 8 10 10 11 2 11 16 5 11 11 7 11 8 10 11 11 2 12 16 5 12 11 7 12 8 10 12 11 2 15 16 5 15 11 7 15 8 10 15 11 0 27 2 2 6 4 2 13 8 2 8 2 4 6 4 4 13 8 4 8 2 5 6 4 5 13 8 5 8 2 6 6 4 6 13 8 6 8 2 7 6 4 7 13 8 7 8 2 8 6 4 8 13 8 8 8 2 9 6 4 9 13 8 9 8 2 10 6 4 10 13 8 10 8 2 17 6 4 17 13 8 17 8 0 45 2 4 16 3 4 12 4 4 11 5 4 15 10 4 9 2 5 16 3 5 12 4 5 11 5 5 15 10 5 9 2 8 16 3 8 12 4 8 11 5 8 15 10 8 9 2 9 16 3 9 12 4 9 11 5 9 15 10 9 9 2 10 16 3 10 12 4 10 11 5 10 15 10 10 9 2 12 16 3 12 12 4 12 11 5 12 15 10 12 9 2 13 16 3 13 12 4 13 11 5 13 15 10 13 9 2 14 16 3 14 12 4 14 11 5 14 15 10 14 9 2 16 16 3 16 12 4 16 11 5 16 15 10 16 9 0 27 1 2 15 2 2 19 9 2 9 1 4 15 2 4 19 9 4 9 1 5 15 2 5 19 9 5 9 1 6 15 2 6 19 9 6 9 1 8 15 2 8 19 9 8 9 1 10 15 2 10 19 9 10 9 1 14 15 2 14 19 9 14 9 1 15 15 2 15 19 9 15 9 1 16 15 2 16 19 9 16 9 0 36 1 2 12 3 2 8 5 2 5 13 2 11 1 4 12 3 4 8 5 4 5 13 4 11 1 6 12 3 6 8 5 6 5 13 6 11 1 7 12 3 7 8 5 7 5 13 7 11 1 13 12 3 13 8 5 13 5 13 13 11 1 14 12 3 14 8 5 14 5 13 14 11 1 15 12 3 15 8 5 15 5 13 15 11 1 16 12 3 16 8 5 16 5 13 16 11 1 17 12 3 17 8 5 17 5 13 17 11 0 27 2 2 8 4 2 7 7 2 5 2 3 8 4 3 7 7 3 5 2 8 8 4 8 7 7 8 5 2 10 8 4 10 7 7 10 5 2 13 8 4 13 7 7 13 5 2 14 8 4 14 7 7 14 5 2 15 8 4 15 7 7 15 5 2 16 8 4 16 7 7 16 5 2 17 8 4 17 7 7 17 5 0 36 4 2 8 6 2 18 7 2 13 10 2 19 4 4 8 6 4 18 7 4 13 10 4 19 4 5 8 6 5 18 7 5 13 10 5 19 4 7 8 6 7 18 7 7 13 10 7 19 4 8 8 6 8 18 7 8 13 10 8 19 4 9 8 6 9 18 7 9 13 10 9 19 4 11 8 6 11 18 7 11 13 10 11 19 4 14 8 6 14 18 7 14 13 10 14 19 4 16 8 6 16 18 7 16 13 10 16 19 0 36 1 4 6 5 4 11 6 4 13 10 4 7 1 7 6 5 7 11 6 7 13 10 7 7 1 9 6 5 9 11 6 9 13 10 9 7 1 10 6 5 10 11 6 10 13 10 10 7 1 11 6 5 11 11 6 11 13 10 11 7 1 12 6 5 12 11 6 12 13 10 12 7 1 13 6 5 13 11 6 13 13 10 13 7 1 14 6 5 14 11 6 14 13 10 14 7 1 16 6 5 16 11 6 16 13 10 16 7 0 18 2 1 5 6 1 5 2 3 5 6 3 5 2 5 5 6 5 5 2 7 5 6 7 5 2 9 5 6 9 5 2 11 5 6 11 5 2 13 5 6 13 5 2 14 5 6 14 5 2 17 5 6 17 5 0 36 1 1 16 3 1 6 5 1 11 10 1 17 1 3 16 3 3 6 5 3 11 10 3 17 1 4 16 3 4 6 5 4 11 10 4 17 1 5 16 3 5 6 5 5 11 10 5 17 1 7 16 3 7 6 5 7 11 10 7 17 1 10 16 3 10 6 5 10 11 10 10 17 1 13 16 3 13 6 5 13 11 10 13 17 1 16 16 3 16 6 5 16 11 10 16 17 1 17 16 3 17 6 5 17 11 10 17 17 0 36 2 1 16 5 1 9 8 1 16 10 1 9 2 3 16 5 3 9 8 3 16 10 3 9 2 4 16 5 4 9 8 4 16 10 4 9 2 6 16 5 6 9 8 6 16 10 6 9 2 9 16 5 9 9 8 9 16 10 9 9 2 13 16 5 13 9 8 13 16 10 13 9 2 15 16 5 15 9 8 15 16 10 15 9 2 16 16 5 16 9 8 16 16 10 16 9 2 17 16 5 17 9 8 17 16 10 17 9 
11 0 18 6 1 11 7 1 11 6 2 11 7 2 11 6 4 11 7 4 11 6 8 11 7 8 11 6 10 11 7 10 11 6 12 11 7 12 11 6 13 11 7 13 11 6 16 11 7 16 11 6 17 11 7 17 11 0 27 2 2 8 4 2 7 7 2 5 2 6 8 4 6 7 7 6 5 2 7 8 4 7 7 7 7 5 2 8 8 4 8 7 7 8 5 2 10 8 4 10 7 7 10 5 2 11 8 4 11 7 7 11 5 2 14 8 4 14 7 7 14 5 2 15 8 4 15 7 7 15 5 2 16 8 4 16 7 7 16 5 0 36 3 1 18 4 1 10 8 1 10 9 1 7 3 3 18 4 3 10 8 3 10 9 3 7 3 4 18 4 4 10 8 4 10 9 4 7 3 5 18 4 5 10 8 5 10 9 5 7 3 8 18 4 8 10 8 8 10 9 8 7 3 9 18 4 9 10 8 9 10 9 9 7 3 12 18 4 12 10 8 12 10 9 12 7 3 13 18 4 13 10 8 13 10 9 13 7 3 16 18 4 16 10 8 16 10 9 16 7 0 18 9 1 10 10 1 5 9 3 10 10 3 5 9 9 10 10 9 5 9 12 10 10 12 5 9 13 10 10 13 5 9 14 10 10 14 5 9 15 10 10 15 5 9 16 10 10 16 5 9 17 10 10 17 5 0 36 2 1 16 5 1 9 8 1 16 10 1 9 2 2 16 5 2 9 8 2 16 10 2 9 2 3 16 5 3 9 8 3 16 10 3 9 2 6 16 5 6 9 8 6 16 10 6 9 2 9 16 5 9 9 8 9 16 10 9 9 2 12 16 5 12 9 8 12 16 10 12 9 2 13 16 5 13 9 8 13 16 10 13 9 2 15 16 5 15 9 8 15 16 10 15 9 2 17 16 5 17 9 8 17 16 10 17 9 0 27 2 3 6 4 3 13 8 3 8 2 4 6 4 4 13 8 4 8 2 6 6 4 6 13 8 6 8 2 10 6 4 10 13 8 10 8 2 11 6 4 11 13 8 11 8 2 12 6 4 12 13 8 12 8 2 14 6 4 14 13 8 14 8 2 15 6 4 15 13 8 15 8 2 16 6 4 16 13 8 16 8 0 36 4 2 8 6 2 18 7 2 13 10 2 19 4 3 8 6 3 18 7 3 13 10 3 19 4 4 8 6 4 18 7 4 13 10 4 19 4 7 8 6 7 18 7 7 13 10 7 19 4 8 8 6 8 18 7 8 13 10 8 19 4 9 8 6 9 18 7 9 13 10 9 19 4 11 8 6 11 18 7 11 13 10 11 19 4 13 8 6 13 18 7 13 13 10 13 19 4 15 8 6 15 18 7 15 13 10 15 19 0 45 2 2 16 3 2 12 4 2 11 5 2 15 10 2 9 2 3 16 3 3 12 4 3 11 5 3 15 10 3 9 2 5 16 3 5 12 4 5 11 5 5 15 10 5 9 2 10 16 3 10 12 4 10 11 5 10 15 10 10 9 2 13 16 3 13 12 4 13 11 5 13 15 10 13 9 2 14 16 3 14 12 4 14 11 5 14 15 10 14 9 2 15 16 3 15 12 4 15 11 5 15 15 10 15 9 2 16 16 3 16 12 4 16 11 5 16 15 10 16 9 2 17 16 3 17 12 4 17 11 5 17 15 10 17 9 0 36 1 1 8 4 1 7 7 1 14 9 1 12 1 2 8 4 2 7 7 2 14 9 2 12 1 4 8 4 4 7 7 4 14 9 4 12 1 5 8 4 5 7 7 5 14 9 5 12 1 6 8 4 6 7 7 6 14 9 6 12 1 7 8 4 7 7 7 7 14 9 7 12 1 8 8 4 8 7 7 8 14 9 8 12 1 12 8 4 12 7 7 12 14 9 12 12 1 14 8 4 14 7 7 14 14 9 14 12 0 18 2 2 5 6 2 5 2 4 5 6 4 5 2 7 5 6 7 5 2 9 5 6 9 5 2 10 5 6 10 5 2 13 5 6 13 5 2 14 5 6 14 5 2 15 5 6 15 5 2 16 5 6 16 5 1 9 1 11 2 11 5 11 8 11 9 11 11 11 12 11 14 11 17 11 
12 0 18 9 1 10 10 1 5 9 2 10 10 2 5 9 4 10 10 4 5 9 6 10 10 6 5 9 7 10 10 7 5 9 10 10 10 10 5 9 11 10 10 11 5 9 14 10 10 14 5 9 17 10 10 17 5 0 9 5 1 15 5 4 15 5 5 15 5 11 15 5 12 15 5 13 15 5 15 15 5 16 15 5 17 15 0 18 2 2 5 9 2 19 2 4 5 9 4 19 2 5 5 9 5 19 2 6 5 9 6 19 2 7 5 9 7 19 2 11 5 9 11 19 2 12 5 9 12 19 2 16 5 9 16 19 2 17 5 9 17 19 0 27 1 2 15 2 2 19 9 2 9 1 3 15 2 3 19 9 3 9 1 5 15 2 5 19 9 5 9 1 6 15 2 6 19 9 6 9 1 7 15 2 7 19 9 7 9 1 10 15 2 10 19 9 10 9 1 12 15 2 12 19 9 12 9 1 14 15 2 14 19 9 14 9 1 17 15 2 17 19 9 17 9 0 45 2 1 16 3 1 12 4 1 11 5 1 15 10 1 9 2 4 16 3 4 12 4 4 11 5 4 15 10 4 9 2 6 16 3 6 12 4 6 11 5 6 15 10 6 9 2 7 16 3 7 12 4 7 11 5 7 15 10 7 9 2 9 16 3 9 12 4 9 11 5 9 15 10 9 9 2 12 16 3 12 12 4 12 11 5 12 15 10 12 9 2 14 16 3 14 12 4 14 11 5 14 15 10 14 9 2 16 16 3 16 12 4 16 11 5 16 15 10 16 9 2 17 16 3 17 12 4 17 11 5 17 15 10 17 9 0 36 1 1 6 5 1 11 6 1 13 10 1 7 1 2 6 5 2 11 6 2 13 10 2 7 1 4 6 5 4 11 6 4 13 10 4 7 1 6 6 5 6 11 6 6 13 10 6 7 1 9 6 5 9 11 6 9 13 10 9 7 1 10 6 5 10 11 6 10 13 10 10 7 1 14 6 5 14 11 6 14 13 10 14 7 1 16 6 5 16 11 6 16 13 10 16 7 1 17 6 5 17 11 6 17 13 10 17 7 0 36 2 1 16 5 1 9 8 1 16 10 1 9 2 4 16 5 4 9 8 4 16 10 4 9 2 7 16 5 7 9 8 7 16 10 7 9 2 8 16 5 8 9 8 8 16 10 8 9 2 12 16 5 12 9 8 12 16 10 12 9 2 13 16 5 13 9 8 13 16 10 13 9 2 14 16 5 14 9 8 14 16 10 14 9 2 15 16 5 15 9 8 15 16 10 15 9 2 17 16 5 17 9 8 17 16 10 17 9 0 36 1 1 16 3 1 6 5 1 11 10 1 17 1 2 16 3 2 6 5 2 11 10 2 17 1 6 16 3 6 6 5 6 11 10 6 17 1 7 16 3 7 6 5 7 11 10 7 17 1 10 16 3 10 6 5 10 11 10 10 17 1 13 16 3 13 6 5 13 11 10 13 17 1 15 16 3 15 6 5 15 11 10 15 17 1 16 16 3 16 6 5 16 11 10 16 17 1 17 16 3 17 6 5 17 11 10 17 17 0 18 2 1 5 6 1 5 2 3 5 6 3 5 2 4 5 6 4 5 2 6 5 6 6 5 2 7 5 6 7 5 2 10 5 6 10 5 2 11 5 6 11 5 2 12 5 6 12 5 2 17 5 6 17 5 0 18 3 2 12 7 2 15 3 3 12 7 3 15 3 6 12 7 6 15 3 9 12 7 9 15 3 11 12 7 11 15 3 13 12 7 13 15 3 14 12 7 14 15 3 15 12 7 15 15 3 16 12 7 16 15 0 36 4 2 11 5 2 10 7 2 15 10 2 14 4 3 11 5 3 10 7 3 15 10 3 14 4 4 11 5 4 10 7 4 15 10 4 14 4 8 11 5 8 10 7 8 15 10 8 14 4 9 11 5 9 10 7 9 15 10 9 14 4 13 11 5 13 10 7 13 15 10 13 14 4 14 11 5 14 10 7 14 15 10 14 14 4 15 11 5 15 10 7 15 15 10 15 14 4 17 11 5 17 10 7 17 15 10 17 14 0 36 3 3 18 4 3 10 8 3 10 9 3 7 3 4 18 4 4 10 8 4 10 9 4 7 3 5 18 4 5 10 8 5 10 9 5 7 3 7 18 4 7 10 8 7 10 9 7 7 3 8 18 4 8 10 8 8 10 9 8 7 3 9 18 4 9 10 8 9 10 9 9 7 3 13 18 4 13 10 8 13 10 9 13 7 3 14 18 4 14 10 8 14 10 9 14 7 3 15 18 4 15 10 8 15 10 9 15 7 
10 0 45 2 1 16 3 1 12 4 1 11 5 1 15 10 1 9 2 5 16 3 5 12 4 5 11 5 5 15 10 5 9 2 8 16 3 8 12 4 8 11 5 8 15 10 8 9 2 9 16 3 9 12 4 9 11 5 9 15 10 9 9 2 10 16 3 10 12 4 10 11 5 10 15 10 10 9 2 13 16 3 13 12 4 13 11 5 13 15 10 13 9 2 14 16 3 14 12 4 14 11 5 14 15 10 14 9 2 16 16 3 16 12 4 16 11 5 16 15 10 16 9 2 17 16 3 17 12 4 17 11 5 17 15 10 17 9 0 36 2 2 16 5 2 11 7 2 8 10 2 11 2 3 16 5 3 11 7 3 8 10 3 11 2 5 16 5 5 11 7 5 8 10 5 11 2 8 16 5 8 11 7 8 8 10 8 11 2 11 16 5 11 11 7 11 8 10 11 11 2 13 16 5 13 11 7 13 8 10 13 11 2 14 16 5 14 11 7 14 8 10 14 11 2 16 16 5 16 11 7 16 8 10 16 11 2 17 16 5 17 11 7 17 8 10 17 11 0 36 4 2 8 6 2 18 7 2 13 10 2 19 4 3 8 6 3 18 7 3 13 10 3 19 4 4 8 6 4 18 7 4 13 10 4 19 4 5 8 6 5 18 7 5 13 10 5 19 4 7 8 6 7 18 7 7 13 10 7 19 4 12 8 6 12 18 7 12 13 10 12 19 4 14 8 6 14 18 7 14 13 10 14 19 4 15 8 6 15 18 7 15 13 10 15 19 4 16 8 6 16 18 7 16 13 10 16 19 1 9 1 5 4 5 7 5 10 5 11 5 12 5 14 5 16 5 17 5 0 9 5 2 15 5 4 15 5 5 15 5 6 15 5 7 15 5 8 15 5 10 15 5 11 15 5 16 15 1 9 1 11 2 11 5 11 7 11 8 11 9 11 10 11 12 11 14 11 0 27 2 3 6 4 3 13 8 3 8 2 4 6 4 4 13 8 4 8 2 5 6 4 5 13 8 5 8 2 6 6 4 6 13 8 6 8 2 8 6 4 8 13 8 8 8 2 13 6 4 13 13 8 13 8 2 14 6 4 14 13 8 14 8 2 16 6 4 16 13 8 16 8 2 17 6 4 17 13 8 17 8 1 9 1 19 2 19 4 19 6 19 10 19 11 19 12 19 15 19 17 19 0 36 3 3 18 4 3 10 8 3 10 9 3 7 3 5 18 4 5 10 8 5 10 9 5 7 3 7 18 4 7 10 8 7 10 9 7 7 3 8 18 4 8 10 8 8 10 9 8 7 3 9 18 4 9 10 8 9 10 9 9 7 3 10 18 4 10 10 8 10 10 9 10 7 3 11 18 4 11 10 8 11 10 9 11 7 3 14 18 4 14 10 8 14 10 9 14 7 3 17 18 4 17 10 8 17 10 9 17 7 1 9 3 17 5 17 7 17 10 17 12 17 13 17 14 17 15 17 17 17 
11 0 18 6 2 11 10 2 13 6 3 11 10 3 13 6 4 11 10 4 13 6 10 11 10 10 13 6 11 11 10 11 13 6 13 11 10 13 13 6 15 11 10 15 13 6 16 11 10 16 13 6 17 11 10 17 13 0 9 5 1 15 5 2 15 5 3 15 5 5 15 5 7 15 5 13 15 5 14 15 5 15 15 5 17 15 1 9 2 5 3 5 4 5 5 5 6 5 7 5 8 5 11 5 15 5 0 36 1 5 8 4 5 7 7 5 14 9 5 12 1 6 8 4 6 7 7 6 14 9 6 12 1 7 8 4 7 7 7 7 14 9 7 12 1 8 8 4 8 7 7 8 14 9 8 12 1 9 8 4 9 7 7 9 14 9 9 12 1 10 8 4 10 7 7 10 14 9 10 12 1 11 8 4 11 7 7 11 14 9 11 12 1 16 8 4 16 7 7 16 14 9 16 12 1 17 8 4 17 7 7 17 14 9 17 12 0 36 1 2 12 3 2 8 5 2 5 13 2 11 1 6 12 3 6 8 5 6 5 13 6 11 1 7 12 3 7 8 5 7 5 13 7 11 1 11 12 3 11 8 5 11 5 13 11 11 1 13 12 3 13 8 5 13 5 13 13 11 1 14 12 3 14 8 5 14 5 13 14 11 1 15 12 3 15 8 5 15 5 13 15 11 1 16 12 3 16 8 5 16 5 13 16 11 1 17 12 3 17 8 5 17 5 13 17 11 0 27 2 1 6 4 1 13 8 1 8 2 2 6 4 2 13 8 2 8 2 6 6 4 6 13 8 6 8 2 7 6 4 7 13 8 7 8 2 10 6 4 10 13 8 10 8 2 11 6 4 11 13 8 11 8 2 13 6 4 13 13 8 13 8 2 16 6 4 16 13 8 16 8 2 17 6 4 17 13 8 17 8 0 27 2 4 8 4 4 7 7 4 5 2 5 8 4 5 7 7 5 5 2 6 8 4 6 7 7 6 5 2 7 8 4 7 7 7 7 5 2 11 8 4 11 7 7 11 5 2 12 8 4 12 7 7 12 5 2 14 8 4 14 7 7 14 5 2 15 8 4 15 7 7 15 5 2 17 8 4 17 7 7 17 5 0 9 2 2 5 2 4 5 2 5 5 2 7 5 2 8 5 2 9 5 2 10 5 2 13 5 2 14 5 0 36 1 4 6 5 4 11 6 4 13 10 4 7 1 8 6 5 8 11 6 8 13 10 8 7 1 9 6 5 9 11 6 9 13 10 9 7 1 10 6 5 10 11 6 10 13 10 10 7 1 13 6 5 13 11 6 13 13 10 13 7 1 14 6 5 14 11 6 14 13 10 14 7 1 15 6 5 15 11 6 15 13 10 15 7 1 16 6 5 16 11 6 16 13 10 16 7 1 17 6 5 17 11 6 17 13 10 17 7 0 36 2 1 16 5 1 9 8 1 16 10 1 9 2 2 16 5 2 9 8 2 16 10 2 9 2 4 16 5 4 9 8 4 16 10 4 9 2 5 16 5 5 9 8 5 16 10 5 9 2 7 16 5 7 9 8 7 16 10 7 9 2 10 16 5 10 9 8 10 16 10 10 9 2 11 16 5 11 9 8 11 16 10 11 9 2 14 16 5 14 9 8 14 16 10 14 9 2 15 16 5 15 9 8 15 16 10 15 9 0 18 1 1 7 7 1 9 1 2 7 7 2 9 1 8 7 7 8 9 1 9 7 7 9 9 1 10 7 7 10 9 1 13 7 7 13 9 1 14 7 7 14 9 1 16 7 7 16 9 1 17 7 7 17 9 
11 0 27 2 2 8 4 2 7 7 2 5 2 3 8 4 3 7 7 3 5 2 5 8 4 5 7 7 5 5 2 6 8 4 6 7 7 6 5 2 8 8 4 8 7 7 8 5 2 10 8 4 10 7 7 10 5 2 11 8 4 11 7 7 11 5 2 13 8 4 13 7 7 13 5 2 14 8 4 14 7 7 14 5 0 18 2 2 5 9 2 19 2 6 5 9 6 19 2 7 5 9 7 19 2 8 5 9 8 19 2 11 5 9 11 19 2 14 5 9 14 19 2 15 5 9 15 19 2 16 5 9 16 19 2 17 5 9 17 19 0 36 1 1 8 4 1 7 7 1 14 9 1 12 1 2 8 4 2 7 7 2 14 9 2 12 1 5 8 4 5 7 7 5 14 9 5 12 1 6 8 4 6 7 7 6 14 9 6 12 1 8 8 4 8 7 7 8 14 9 8 12 1 9 8 4 9 7 7 9 14 9 9 12 1 13 8 4 13 7 7 13 14 9 13 12 1 14 8 4 14 7 7 14 14 9 14 12 1 17 8 4 17 7 7 17 14 9 17 12 0 36 2 4 16 5 4 11 7 4 8 10 4 11 2 7 16 5 7 11 7 7 8 10 7 11 2 10 16 5 10 11 7 10 8 10 10 11 2 11 16 5 11 11 7 11 8 10 11 11 2 13 16 5 13 11 7 13 8 10 13 11 2 14 16 5 14 11 7 14 8 10 14 11 2 15 16 5 15 11 7 15 8 10 15 11 2 16 16 5 16 11 7 16 8 10 16 11 2 17 16 5 17 11 7 17 8 10 17 11 0 27 1 2 15 2 2 19 9 2 9 1 6 15 2 6 19 9 6 9 1 9 15 2 9 19 9 9 9 1 10 15 2 10 19 9 10 9 1 12 15 2 12 19 9 12 9 1 13 15 2 13 19 9 13 9 1 14 15 2 14 19 9 14 9 1 16 15 2 16 19 9 16 9 1 17 15 2 17 19 9 17 9 0 36 1 2 16 3 2 6 5 2 11 10 2 17 1 6 16 3 6 6 5 6 11 10 6 17 1 10 16 3 10 6 5 10 11 10 10 17 1 11 16 3 11 6 5 11 11 10 11 17 1 12 16 3 12 6 5 12 11 10 12 17 1 13 16 3 13 6 5 13 11 10 13 17 1 14 16 3 14 6 5 14 11 10 14 17 1 15 16 3 15 6 5 15 11 10 15 17 1 16 16 3 16 6 5 16 11 10 16 17 0 18 2 3 5 6 3 5 2 5 5 6 5 5 2 8 5 6 8 5 2 9 5 6 9 5 2 12 5 6 12 5 2 14 5 6 14 5 2 15 5 6 15 5 2 16 5 6 16 5 2 17 5 6 17 5 1 9 2 11 6 11 7 11 8 11 10 11 11 11 13 11 14 11 15 11 0 45 1 1 19 2 1 16 3 1 8 9 1 13 10 1 19 1 2 19 2 2 16 3 2 8 9 2 13 10 2 19 1 6 19 2 6 16 3 6 8 9 6 13 10 6 19 1 8 19 2 8 16 3 8 8 9 8 13 10 8 19 1 9 19 2 9 16 3 9 8 9 9 13 10 9 19 1 10 19 2 10 16 3 10 8 9 10 13 10 10 19 1 12 19 2 12 16 3 12 8 9 12 13 10 12 19 1 15 19 2 15 16 3 15 8 9 15 13 10 15 19 1 16 19 2 16 16 3 16 8 9 16 13 10 16 19 0 36 3 1 18 4 1 10 8 1 10 9 1 7 3 3 18 4 3 10 8 3 10 9 3 7 3 4 18 4 4 10 8 4 10 9 4 7 3 5 18 4 5 10 8 5 10 9 5 7 3 11 18 4 11 10 8 11 10 9 11 7 3 12 18 4 12 10 8 12 10 9 12 7 3 15 18 4 15 10 8 15 10 9 15 7 3 16 18 4 16 10 8 16 10 9 16 7 3 17 18 4 17 10 8 17 10 9 17 7 0 27 2 1 6 4 1 13 8 1 8 2 3 6 4 3 13 8 3 8 2 4 6 4 4 13 8 4 8 2 7 6 4 7 13 8 7 8 2 10 6 4 10 13 8 10 8 2 11 6 4 11 13 8 11 8 2 12 6 4 12 13 8 12 8 2 15 6 4 15 13 8 15 8 2 17 6 4 17 13 8 17 8 
10 0 18 2 3 11 5 3 11 2 4 11 5 4 11 2 5 11 5 5 11 2 10 11 5 10 11 2 11 11 5 11 11 2 12 11 5 12 11 2 15 11 5 15 11 2 16 11 5 16 11 2 17 11 5 17 11 0 36 3 1 18 4 1 10 8 1 10 9 1 7 3 3 18 4 3 10 8 3 10 9 3 7 3 4 18 4 4 10 8 4 10 9 4 7 3 7 18 4 7 10 8 7 10 9 7 7 3 9 18 4 9 10 8 9 10 9 9 7 3 10 18 4 10 10 8 10 10 9 10 7 3 12 18 4 12 10 8 12 10 9 12 7 3 13 18 4 13 10 8 13 10 9 13 7 3 15 18 4 15 10 8 15 10 9 15 7 0 18 1 1 7 7 1 9 1 2 7 7 2 9 1 4 7 7 4 9 1 6 7 7 6 9 1 8 7 7 8 9 1 9 7 7 9 9 1 10 7 7 10 9 1 11 7 7 11 9 1 12 7 7 12 9 0 18 2 1 5 6 1 5 2 2 5 6 2 5 2 3 5 6 3 5 2 5 5 6 5 5 2 7 5 6 7 5 2 11 5 6 11 5 2 13 5 6 13 5 2 16 5 6 16 5 2 17 5 6 17 5 0 36 1 2 12 3 2 8 5 2 5 13 2 11 1 3 12 3 3 8 5 3 5 13 3 11 1 5 12 3 5 8 5 5 5 13 5 11 1 6 12 3 6 8 5 6 5 13 6 11 1 9 12 3 9 8 5 9 5 13 9 11 1 13 12 3 13 8 5 13 5 13 13 11 1 14 12 3 14 8 5 14 5 13 14 11 1 16 12 3 16 8 5 16 5 13 16 11 1 17 12 3 17 8 5 17 5 13 17 11 0 9 5 1 15 5 2 15 5 3 15 5 4 15 5 7 15 5 8 15 5 10 15 5 15 15 5 16 15 0 18 9 4 10 10 4 5 9 5 10 10 5 5 9 6 10 10 6 5 9 8 10 10 8 5 9 9 10 10 9 5 9 10 10 10 10 5 9 11 10 10 11 5 9 15 10 10 15 5 9 16 10 10 16 5 0 36 1 2 16 3 2 6 5 2 11 10 2 17 1 3 16 3 3 6 5 3 11 10 3 17 1 6 16 3 6 6 5 6 11 10 6 17 1 8 16 3 8 6 5 8 11 10 8 17 1 10 16 3 10 6 5 10 11 10 10 17 1 14 16 3 14 6 5 14 11 10 14 17 1 15 16 3 15 6 5 15 11 10 15 17 1 16 16 3 16 6 5 16 11 10 16 17 1 17 16 3 17 6 5 17 11 10 17 17 0 27 2 1 6 4 1 13 8 1 8 2 3 6 4 3 13 8 3 8 2 5 6 4 5 13 8 5 8 2 7 6 4 7 13 8 7 8 2 8 6 4 8 13 8 8 8 2 11 6 4 11 13 8 11 8 2 12 6 4 12 13 8 12 8 2 13 6 4 13 13 8 13 8 2 16 6 4 16 13 8 16 8 0 18 3 2 12 7 2 15 3 3 12 7 3 15 3 5 12 7 5 15 3 7 12 7 7 15 3 8 12 7 8 15 3 9 12 7 9 15 3 11 12 7 11 15 3 12 12 7 12 15 3 14 12 7 14 15 
12 0 36 3 2 18 4 2 10 8 2 10 9 2 7 3 4 18 4 4 10 8 4 10 9 4 7 3 7 18 4 7 10 8 7 10 9 7 7 3 8 18 4 8 10 8 8 10 9 8 7 3 9 18 4 9 10 8 9 10 9 9 7 3 12 18 4 12 10 8 12 10 9 12 7 3 13 18 4 13 10 8 13 10 9 13 7 3 15 18 4 15 10 8 15 10 9 15 7 3 17 18 4 17 10 8 17 10 9 17 7 0 9 5 1 15 5 4 15 5 5 15 5 6 15 5 7 15 5 8 15 5 11 15 5 16 15 5 17 15 0 27 1 2 15 2 2 19 9 2 9 1 3 15 2 3 19 9 3 9 1 5 15 2 5 19 9 5 9 1 7 15 2 7 19 9 7 9 1 8 15 2 8 19 9 8 9 1 9 15 2 9 19 9 9 9 1 14 15 2 14 19 9 14 9 1 15 15 2 15 19 9 15 9 1 17 15 2 17 19 9 17 9 1 9 1 19 2 19 3 19 7 19 9 19 13 19 14 19 15 19 17 19 0 36 2 1 16 5 1 9 8 1 16 10 1 9 2 4 16 5 4 9 8 4 16 10 4 9 2 5 16 5 5 9 8 5 16 10 5 9 2 6 16 5 6 9 8 6 16 10 6 9 2 7 16 5 7 9 8 7 16 10 7 9 2 8 16 5 8 9 8 8 16 10 8 9 2 9 16 5 9 9 8 9 16 10 9 9 2 15 16 5 15 9 8 15 16 10 15 9 2 17 16 5 17 9 8 17 16 10 17 9 0 36 1 2 8 4 2 7 7 2 14 9 2 12 1 4 8 4 4 7 7 4 14 9 4 12 1 5 8 4 5 7 7 5 14 9 5 12 1 6 8 4 6 7 7 6 14 9 6 12 1 8 8 4 8 7 7 8 14 9 8 12 1 12 8 4 12 7 7 12 14 9 12 12 1 13 8 4 13 7 7 13 14 9 13 12 1 14 8 4 14 7 7 14 14 9 14 12 1 16 8 4 16 7 7 16 14 9 16 12 0 27 2 1 8 4 1 7 7 1 5 2 8 8 4 8 7 7 8 5 2 10 8 4 10 7 7 10 5 2 11 8 4 11 7 7 11 5 2 12 8 4 12 7 7 12 5 2 13 8 4 13 7 7 13 5 2 14 8 4 14 7 7 14 5 2 15 8 4 15 7 7 15 5 2 16 8 4 16 7 7 16 5 0 18 6 1 11 10 1 13 6 2 11 10 2 13 6 3 11 10 3 13 6 4 11 10 4 13 6 7 11 10 7 13 6 8 11 10 8 13 6 10 11 10 10 13 6 11 11 10 11 13 6 15 11 10 15 13 1 9 1 5 2 5 3 5 4 5 6 5 7 5 11 5 12 5 16 5 0 18 3 5 12 7 5 15 3 7 12 7 7 15 3 9 12 7 9 15 3 11 12 7 11 15 3 12 12 7 12 15 3 13 12 7 13 15 3 15 12 7 15 15 3 16 12 7 16 15 3 17 12 7 17 15 0 18 2 2 5 6 2 5 2 3 5 6 3 5 2 6 5 6 6 5 2 8 5 6 8 5 2 11 5 6 11 5 2 12 5 6 12 5 2 13 5 6 13 5 2 15 5 6 15 5 2 17 5 6 17 5 0 36 1 4 12 3 4 8 5 4 5 13 4 11 1 5 12 3 5 8 5 5 5 13 5 11 1 6 12 3 6 8 5 6 5 13 6 11 1 7 12 3 7 8 5 7 5 13 7 11 1 9 12 3 9 8 5 9 5 13 9 11 1 10 12 3 10 8 5 10 5 13 10 11 1 13 12 3 13 8 5 13 5 13 13 11 1 14 12 3 14 8 5 14 5 13 14 11 1 16 12 3 16 8 5 16 5 13 16 11 
14 0 18 6 1 11 7 1 11 6 3 11 7 3 11 6 7 11 7 7 11 6 8 11 7 8 11 6 10 11 7 10 11 6 13 11 7 13 11 6 15 11 7 15 11 6 16 11 7 16 11 6 17 11 7 17 11 0 9 5 1 15 5 2 15 5 4 15 5 6 15 5 8 15 5 10 15 5 13 15 5 14 15 5 17 15 0 18 2 1 5 9 1 19 2 2 5 9 2 19 2 7 5 9 7 19 2 8 5 9 8 19 2 10 5 9 10 19 2 11 5 9 11 19 2 12 5 9 12 19 2 15 5 9 15 19 2 17 5 9 17 19 0 36 1 2 8 4 2 7 7 2 14 9 2 12 1 3 8 4 3 7 7 3 14 9 3 12 1 4 8 4 4 7 7 4 14 9 4 12 1 6 8 4 6 7 7 6 14 9 6 12 1 7 8 4 7 7 7 7 14 9 7 12 1 10 8 4 10 7 7 10 14 9 10 12 1 12 8 4 12 7 7 12 14 9 12 12 1 13 8 4 13 7 7 13 14 9 13 12 1 14 8 4 14 7 7 14 14 9 14 12 0 9 2 1 5 2 3 5 2 4 5 2 5 5 2 8 5 2 13 5 2 14 5 2 15 5 2 16 5 0 36 1 2 12 3 2 8 5 2 5 13 2 11 1 3 12 3 3 8 5 3 5 13 3 11 1 4 12 3 4 8 5 4 5 13 4 11 1 5 12 3 5 8 5 5 5 13 5 11 1 6 12 3 6 8 5 6 5 13 6 11 1 7 12 3 7 8 5 7 5 13 7 11 1 10 12 3 10 8 5 10 5 13 10 11 1 11 12 3 11 8 5 11 5 13 11 11 1 17 12 3 17 8 5 17 5 13 17 11 1 9 2 8 3 8 5 8 6 8 9 8 10 8 13 8 16 8 17 8 0 27 1 1 15 2 1 19 9 1 9 1 3 15 2 3 19 9 3 9 1 6 15 2 6 19 9 6 9 1 7 15 2 7 19 9 7 9 1 8 15 2 8 19 9 8 9 1 10 15 2 10 19 9 10 9 1 11 15 2 11 19 9 11 9 1 14 15 2 14 19 9 14 9 1 17 15 2 17 19 9 17 9 0 36 4 1 11 5 1 10 7 1 15 10 1 14 4 4 11 5 4 10 7 4 15 10 4 14 4 5 11 5 5 10 7 5 15 10 5 14 4 6 11 5 6 10 7 6 15 10 6 14 4 9 11 5 9 10 7 9 15 10 9 14 4 11 11 5 11 10 7 11 15 10 11 14 4 13 11 5 13 10 7 13 15 10 13 14 4 15 11 5 15 10 7 15 15 10 15 14 4 17 11 5 17 10 7 17 15 10 17 14 0 18 2 1 5 6 1 5 2 3 5 6 3 5 2 5 5 6 5 5 2 7 5 6 7 5 2 10 5 6 10 5 2 12 5 6 12 5 2 14 5 6 14 5 2 15 5 6 15 5 2 16 5 6 16 5 0 18 9 4 10 10 4 5 9 5 10 10 5 5 9 7 10 10 7 5 9 9 10 10 9 5 9 11 10 10 11 5 9 12 10 10 12 5 9 15 10 10 15 5 9 16 10 10 16 5 9 17 10 10 17 5 1 9 1 11 2 11 3 11 4 11 5 11 6 11 10 11 15 11 16 11 0 45 1 1 19 2 1 16 3 1 8 9 1 13 10 1 19 1 2 19 2 2 16 3 2 8 9 2 13 10 2 19 1 4 19 2 4 16 3 4 8 9 4 13 10 4 19 1 5 19 2 5 16 3 5 8 9 5 13 10 5 19 1 11 19 2 11 16 3 11 8 9 11 13 10 11 19 1 12 19 2 12 16 3 12 8 9 12 13 10 12 19 1 13 19 2 13 16 3 13 8 9 13 13 10 13 19 1 16 19 2 16 16 3 16 8 9 16 13 10 16 19 1 17 19 2 17 16 3 17 8 9 17 13 10 17 19 0 18 6 1 11 10 1 13 6 3 11 10 3 13 6 4 11 10 4 13 6 5 11 10 5 13 6 6 11 10 6 13 6 7 11 10 7 13 6 8 11 10 8 13 6 11 11 10 11 13 6 15 11 10 15 13 
13 0 36 4 1 8 6 1 18 7 1 13 10 1 19 4 4 8 6 4 18 7 4 13 10 4 19 4 6 8 6 6 18 7 6 13 10 6 19 4 8 8 6 8 18 7 8 13 10 8 19 4 10 8 6 10 18 7 10 13 10 10 19 4 13 8 6 13 18 7 13 13 10 13 19 4 14 8 6 14 18 7 14 13 10 14 19 4 16 8 6 16 18 7 16 13 10 16 19 4 17 8 6 17 18 7 17 13 10 17 19 0 45 2 1 16 3 1 12 4 1 11 5 1 15 10 1 9 2 3 16 3 3 12 4 3 11 5 3 15 10 3 9 2 6 16 3 6 12 4 6 11 5 6 15 10 6 9 2 8 16 3 8 12 4 8 11 5 8 15 10 8 9 2 9 16 3 9 12 4 9 11 5 9 15 10 9 9 2 11 16 3 11 12 4 11 11 5 11 15 10 11 9 2 15 16 3 15 12 4 15 11 5 15 15 10 15 9 2 16 16 3 16 12 4 16 11 5 16 15 10 16 9 2 17 16 3 17 12 4 17 11 5 17 15 10 17 9 1 9 4 8 5 8 7 8 11 8 13 8 14 8 15 8 16 8 17 8 0 18 6 2 11 7 2 11 6 3 11 7 3 11 6 4 11 7 4 11 6 6 11 7 6 11 6 7 11 7 7 11 6 8 11 7 8 11 6 9 11 7 9 11 6 10 11 7 10 11 6 14 11 7 14 11 0 18 6 5 11 10 5 13 6 6 11 10 6 13 6 8 11 10 8 13 6 9 11 10 9 13 6 10 11 10 10 13 6 11 11 10 11 13 6 12 11 10 12 13 6 14 11 10 14 13 6 17 11 10 17 13 1 9 2 9 3 9 5 9 6 9 7 9 8 9 9 9 13 9 17 9 0 36 3 3 18 4 3 10 8 3 10 9 3 7 3 4 18 4 4 10 8 4 10 9 4 7 3 5 18 4 5 10 8 5 10 9 5 7 3 8 18 4 8 10 8 8 10 9 8 7 3 9 18 4 9 10 8 9 10 9 9 7 3 10 18 4 10 10 8 10 10 9 10 7 3 13 18 4 13 10 8 13 10 9 13 7 3 14 18 4 14 10 8 14 10 9 14 7 3 15 18 4 15 10 8 15 10 9 15 7 0 36 1 2 12 3 2 8 5 2 5 13 2 11 1 5 12 3 5 8 5 5 5 13 5 11 1 6 12 3 6 8 5 6 5 13 6 11 1 9 12 3 9 8 5 9 5 13 9 11 1 10 12 3 10 8 5 10 5 13 10 11 1 12 12 3 12 8 5 12 5 13 12 11 1 13 12 3 13 8 5 13 5 13 13 11 1 15 12 3 15 8 5 15 5 13 15 11 1 16 12 3 16 8 5 16 5 13 16 11 0 18 2 1 5 6 1 5 2 2 5 6 2 5 2 4 5 6 4 5 2 6 5 6 6 5 2 8 5 6 8 5 2 12 5 6 12 5 2 15 5 6 15 5 2 16 5 6 16 5 2 17 5 6 17 5 0 18 1 5 7 7 5 9 1 6 7 7 6 9 1 7 7 7 7 9 1 9 7 7 9 9 1 10 7 7 10 9 1 11 7 7 11 9 1 13 7 7 13 9 1 15 7 7 15 9 1 16 7 7 16 9 0 36 1 2 16 3 2 6 5 2 11 10 2 17 1 3 16 3 3 6 5 3 11 10 3 17 1 6 16 3 6 6 5 6 11 10 6 17 1 10 16 3 10 6 5 10 11 10 10 17 1 12 16 3 12 6 5 12 11 10 12 17 1 14 16 3 14 6 5 14 11 10 14 17 1 15 16 3 15 6 5 15 11 10 15 17 1 16 16 3 16 6 5 16 11 10 16 17 1 17 16 3 17 6 5 17 11 10 17 17 0 18 2 2 5 9 2 19 2 4 5 9 4 19 2 6 5 9 6 19 2 7 5 9 7 19 2 8 5 9 8 19 2 10 5 9 10 19 2 11 5 9 11 19 2 15 5 9 15 19 2 17 5 9 17 19 0 45 1 2 19 2 2 16 3 2 8 9 2 13 10 2 19 1 3 19 2 3 16 3 3 8 9 3 13 10 3 19 1 4 19 2 4 16 3 4 8 9 4 13 10 4 19 1 6 19 2 6 16 3 6 8 9 6 13 10 6 19 1 8 19 2 8 16 3 8 8 9 8 13 10 8 19 1 9 19 2 9 16 3 9 8 9 9 13 10 9 19 1 13 19 2 13 16 3 13 8 9 13 13 10 13 19 1 14 19 2 14 16 3 14 8 9 14 13 10 14 19 1 15 19 2 15 16 3 15 8 9 15 13 10 15 19 
11 0 36 4 1 8 6 1 18 7 1 13 10 1 19 4 3 8 6 3 18 7 3 13 10 3 19 4 5 8 6 5 18 7 5 13 10 5 19 4 8 8 6 8 18 7 8 13 10 8 19 4 10 8 6 10 18 7 10 13 10 10 19 4 11 8 6 11 18 7 11 13 10 11 19 4 12 8 6 12 18 7 12 13 10 12 19 4 14 8 6 14 18 7 14 13 10 14 19 4 17 8 6 17 18 7 17 13 10 17 19 0 36 1 2 6 5 2 11 6 2 13 10 2 7 1 3 6 5 3 11 6 3 13 10 3 7 1 6 6 5 6 11 6 6 13 10 6 7 1 8 6 5 8 11 6 8 13 10 8 7 1 10 6 5 10 11 6 10 13 10 10 7 1 11 6 5 11 11 6 11 13 10 11 7 1 12 6 5 12 11 6 12 13 10 12 7 1 14 6 5 14 11 6 14 13 10 14 7 1 17 6 5 17 11 6 17 13 10 17 7 0 36 2 1 16 5 1 9 8 1 16 10 1 9 2 3 16 5 3 9 8 3 16 10 3 9 2 4 16 5 4 9 8 4 16 10 4 9 2 7 16 5 7 9 8 7 16 10 7 9 2 10 16 5 10 9 8 10 16 10 10 9 2 11 16 5 11 9 8 11 16 10 11 9 2 15 16 5 15 9 8 15 16 10 15 9 2 16 16 5 16 9 8 16 16 10 16 9 2 17 16 5 17 9 8 17 16 10 17 9 0 18 6 3 11 10 3 13 6 6 11 10 6 13 6 9 11 10 9 13 6 10 11 10 10 13 6 11 11 10 11 13 6 12 11 10 12 13 6 14 11 10 14 13 6 15 11 10 15 13 6 17 11 10 17 13 0 18 2 1 5 9 1 19 2 4 5 9 4 19 2 5 5 9 5 19 2 6 5 9 6 19 2 9 5 9 9 19 2 10 5 9 10 19 2 11 5 9 11 19 2 15 5 9 15 19 2 16 5 9 16 19 0 18 2 1 11 5 1 11 2 2 11 5 2 11 2 5 11 5 5 11 2 6 11 5 6 11 2 8 11 5 8 11 2 10 11 5 10 11 2 11 11 5 11 11 2 12 11 5 12 11 2 16 11 5 16 11 0 45 2 1 16 3 1 12 4 1 11 5 1 15 10 1 9 2 4 16 3 4 12 4 4 11 5 4 15 10 4 9 2 6 16 3 6 12 4 6 11 5 6 15 10 6 9 2 7 16 3 7 12 4 7 11 5 7 15 10 7 9 2 8 16 3 8 12 4 8 11 5 8 15 10 8 9 2 10 16 3 10 12 4 10 11 5 10 15 10 10 9 2 12 16 3 12 12 4 12 11 5 12 15 10 12 9 2 14 16 3 14 12 4 14 11 5 14 15 10 14 9 2 17 16 3 17 12 4 17 11 5 17 15 10 17 9 0 18 2 1 5 6 1 5 2 3 5 6 3 5 2 5 5 6 5 5 2 8 5 6 8 5 2 10 5 6 10 5 2 13 5 6 13 5 2 15 5 6 15 5 2 16 5 6 16 5 2 17 5 6 17 5 0 27 1 1 15 2 1 19 9 1 9 1 3 15 2 3 19 9 3 9 1 6 15 2 6 19 9 6 9 1 7 15 2 7 19 9 7 9 1 8 15 2 8 19 9 8 9 1 9 15 2 9 19 9 9 9 1 11 15 2 11 19 9 11 9 1 12 15 2 12 19 9 12 9 1 17 15 2 17 19 9 17 9 0 9 2 1 5 2 2 5 2 5 5 2 6 5 2 7 5 2 9 5 2 11 5 2 12 5 2 14 5 1 9 2 14 3 14 6 14 7 14 9 14 12 14 13 14 14 14 15 14 
13 0 18 2 1 5 9 1 19 2 4 5 9 4 19 2 6 5 9 6 19 2 7 5 9 7 19 2 9 5 9 9 19 2 10 5 9 10 19 2 11 5 9 11 19 2 13 5 9 13 19 2 15 5 9 15 19 0 18 2 2 5 6 2 5 2 3 5 6 3 5 2 4 5 6 4 5 2 6 5 6 6 5 2 8 5 6 8 5 2 11 5 6 11 5 2 12 5 6 12 5 2 13 5 6 13 5 2 16 5 6 16 5 0 27 2 3 6 4 3 13 8 3 8 2 4 6 4 4 13 8 4 8 2 7 6 4 7 13 8 7 8 2 9 6 4 9 13 8 9 8 2 10 6 4 10 13 8 10 8 2 11 6 4 11 13 8 11 8 2 15 6 4 15 13 8 15 8 2 16 6 4 16 13 8 16 8 2 17 6 4 17 13 8 17 8 0 18 1 4 7 7 4 9 1 5 7 7 5 9 1 6 7 7 6 9 1 7 7 7 7 9 1 8 7 7 8 9 1 9 7 7 9 9 1 10 7 7 10 9 1 13 7 7 13 9 1 17 7 7 17 9 1 9 1 15 3 15 4 15 5 15 6 15 8 15 11 15 12 15 15 15 0 9 5 2 15 5 3 15 5 4 15 5 5 15 5 8 15 5 11 15 5 13 15 5 14 15 5 15 15 0 36 1 3 16 3 3 6 5 3 11 10 3 17 1 4 16 3 4 6 5 4 11 10 4 17 1 5 16 3 5 6 5 5 11 10 5 17 1 6 16 3 6 6 5 6 11 10 6 17 1 8 16 3 8 6 5 8 11 10 8 17 1 11 16 3 11 6 5 11 11 10 11 17 1 14 16 3 14 6 5 14 11 10 14 17 1 15 16 3 15 6 5 15 11 10 15 17 1 16 16 3 16 6 5 16 11 10 16 17 0 27 1 1 15 2 1 19 9 1 9 1 2 15 2 2 19 9 2 9 1 5 15 2 5 19 9 5 9 1 6 15 2 6 19 9 6 9 1 7 15 2 7 19 9 7 9 1 8 15 2 8 19 9 8 9 1 10 15 2 10 19 9 10 9 1 11 15 2 11 19 9 11 9 1 16 15 2 16 19 9 16 9 0 18 6 1 11 10 1 13 6 2 11 10 2 13 6 4 11 10 4 13 6 5 11 10 5 13 6 6 11 10 6 13 6 7 11 10 7 13 6 10 11 10 10 13 6 13 11 10 13 13 6 14 11 10 14 13 0 18 1 1 9 2 1 11 1 3 9 2 3 11 1 7 9 2 7 11 1 8 9 2 8 11 1 11 9 2 11 11 1 13 9 2 13 11 1 15 9 2 15 11 1 16 9 2 16 11 1 17 9 2 17 11 1 9 1 5 2 5 4 5 6 5 7 5 8 5 10 5 13 5 16 5 0 36 1 4 12 3 4 8 5 4 5 13 4 11 1 6 12 3 6 8 5 6 5 13 6 11 1 8 12 3 8 8 5 8 5 13 8 11 1 9 12 3 9 8 5 9 5 13 9 11 1 11 12 3 11 8 5 11 5 13 11 11 1 12 12 3 12 8 5 12 5 13 12 11 1 14 12 3 14 8 5 14 5 13 14 11 1 15 12 3 15 8 5 15 5 13 15 11 1 16 12 3 16 8 5 16 5 13 16 11 1 9 3 11 7 11 8 11 9 11 10 11 11 11 12 11 13 11 17 11 
13 0 36 1 4 16 3 4 6 5 4 11 10 4 17 1 5 16 3 5 6 5 5 11 10 5 17 1 6 16 3 6 6 5 6 11 10 6 17 1 8 16 3 8 6 5 8 11 10 8 17 1 11 16 3 11 6 5 11 11 10 11 17 1 12 16 3 12 6 5 12 11 10 12 17 1 15 16 3 15 6 5 15 11 10 15 17 1 16 16 3 16 6 5 16 11 10 16 17 1 17 16 3 17 6 5 17 11 10 17 17 0 27 1 1 15 2 1 19 9 1 9 1 2 15 2 2 19 9 2 9 1 3 15 2 3 19 9 3 9 1 4 15 2 4 19 9 4 9 1 5 15 2 5 19 9 5 9 1 6 15 2 6 19 9 6 9 1 7 15 2 7 19 9 7 9 1 11 15 2 11 19 9 11 9 1 15 15 2 15 19 9 15 9 0 36 1 1 12 3 1 8 5 1 5 13 1 11 1 2 12 3 2 8 5 2 5 13 2 11 1 4 12 3 4 8 5 4 5 13 4 11 1 5 12 3 5 8 5 5 5 13 5 11 1 9 12 3 9 8 5 9 5 13 9 11 1 10 12 3 10 8 5 10 5 13 10 11 1 12 12 3 12 8 5 12 5 13 12 11 1 14 12 3 14 8 5 14 5 13 14 11 1 16 12 3 16 8 5 16 5 13 16 11 0 18 2 1 5 9 1 19 2 2 5 9 2 19 2 4 5 9 4 19 2 7 5 9 7 19 2 10 5 9 10 19 2 12 5 9 12 19 2 13 5 9 13 19 2 15 5 9 15 19 2 16 5 9 16 19 0 36 2 2 16 5 2 9 8 2 16 10 2 9 2 3 16 5 3 9 8 3 16 10 3 9 2 7 16 5 7 9 8 7 16 10 7 9 2 9 16 5 9 9 8 9 16 10 9 9 2 10 16 5 10 9 8 10 16 10 10 9 2 12 16 5 12 9 8 12 16 10 12 9 2 15 16 5 15 9 8 15 16 10 15 9 2 16 16 5 16 9 8 16 16 10 16 9 2 17 16 5 17 9 8 17 16 10 17 9 0 9 5 3 15 5 5 15 5 6 15 5 8 15 5 9 15 5 11 15 5 15 15 5 16 15 5 17 15 0 36 2 1 16 5 1 11 7 1 8 10 1 11 2 3 16 5 3 11 7 3 8 10 3 11 2 5 16 5 5 11 7 5 8 10 5 11 2 8 16 5 8 11 7 8 8 10 8 11 2 9 16 5 9 11 7 9 8 10 9 11 2 10 16 5 10 11 7 10 8 10 10 11 2 11 16 5 11 11 7 11 8 10 11 11 2 16 16 5 16 11 7 16 8 10 16 11 2 17 16 5 17 11 7 17 8 10 17 11 0 36 3 2 18 4 2 10 8 2 10 9 2 7 3 3 18 4 3 10 8 3 10 9 3 7 3 4 18 4 4 10 8 4 10 9 4 7 3 6 18 4 6 10 8 6 10 9 6 7 3 8 18 4 8 10 8 8 10 9 8 7 3 9 18 4 9 10 8 9 10 9 9 7 3 10 18 4 10 10 8 10 10 9 10 7 3 12 18 4 12 10 8 12 10 9 12 7 3 17 18 4 17 10 8 17 10 9 17 7 0 18 6 1 11 7 1 11 6 5 11 7 5 11 6 6 11 7 6 11 6 7 11 7 7 11 6 8 11 7 8 11 6 10 11 7 10 11 6 11 11 7 11 11 6 12 11 7 12 11 6 15 11 7 15 11 0 36 1 2 8 4 2 7 7 2 14 9 2 12 1 3 8 4 3 7 7 3 14 9 3 12 1 6 8 4 6 7 7 6 14 9 6 12 1 11 8 4 11 7 7 11 14 9 11 12 1 12 8 4 12 7 7 12 14 9 12 12 1 13 8 4 13 7 7 13 14 9 13 12 1 15 8 4 15 7 7 15 14 9 15 12 1 16 8 4 16 7 7 16 14 9 16 12 1 17 8 4 17 7 7 17 14 9 17 12 0 36 4 1 8 6 1 18 7 1 13 10 1 19 4 3 8 6 3 18 7 3 13 10 3 19 4 5 8 6 5 18 7 5 13 10 5 19 4 6 8 6 6 18 7 6 13 10 6 19 4 9 8 6 9 18 7 9 13 10 9 19 4 11 8 6 11 18 7 11 13 10 11 19 4 12 8 6 12 18 7 12 13 10 12 19 4 16 8 6 16 18 7 16 13 10 16 19 4 17 8 6 17 18 7 17 13 10 17 19 0 18 3 2 12 7 2 15 3 4 12 7 4 15 3 5 12 7 5 15 3 6 12 7 6 15 3 8 12 7 8 15 3 10 12 7 10 15 3 11 12 7 11 15 3 13 12 7 13 15 3 16 12 7 16 15 0 18 1 2 7 7 2 9 1 4 7 7 4 9 1 8 7 7 8 9 1 10 7 7 10 9 1 11 7 7 11 9 1 14 7 7 14 9 1 15 7 7 15 9 1 16 7 7 16 9 1 17 7 7 17 9 
