15 8 10
15 0 5 4 1 24 4 2 24 4 3 24 4 6 24 4 10 24 0 5 8 2 63 8 3 63 8 4 63 8 7 63 8 9 63 0 5 1 2 29 1 5 29 1 6 29 1 9 29 1 10 29 0 5 4 2 83 4 3 83 4 5 83 4 7 83 4 10 83 1 5 2 23 3 23 4 23 9 23 10 23 0 10 1 2 66 3 2 66 1 6 66 3 6 66 1 7 66 3 7 66 1 8 66 3 8 66 1 9 66 3 9 66 0 5 8 1 29 8 3 29 8 5 29 8 6 29 8 10 29 0 15 4 4 11 5 4 11 6 4 11 4 5 11 5 5 11 6 5 11 4 7 11 5 7 11 6 7 11 4 8 11 5 8 11 6 8 11 4 9 11 5 9 11 6 9 11 0 5 8 1 62 8 2 62 8 8 62 8 9 62 8 10 62 1 5 1 94 3 94 4 94 6 94 8 94 0 5 1 1 41 1 4 41 1 6 41 1 7 41 1 8 41 0 5 5 2 90 5 3 90 5 7 90 5 9 90 5 10 90 1 5 4 63 5 63 7 63 9 63 10 63 0 5 4 4 45 4 5 45 4 6 45 4 7 45 4 10 45 0 5 1 1 91 1 4 91 1 6 91 1 7 91 1 8 91 
20 0 5 6 2 73 6 3 73 6 4 73 6 6 73 6 10 73 0 5 6 2 31 6 3 31 6 4 31 6 6 31 6 10 31 0 5 3 2 97 3 3 97 3 4 97 3 7 97 3 10 97 0 15 3 2 11 7 2 11 8 2 11 3 5 11 7 5 11 8 5 11 3 6 11 7 6 11 8 6 11 3 7 11 7 7 11 8 7 11 3 9 11 7 9 11 8 9 11 0 5 3 1 20 3 5 20 3 6 20 3 7 20 3 8 20 0 5 1 2 90 1 5 90 1 6 90 1 7 90 1 9 90 0 5 7 1 21 7 2 21 7 5 21 7 8 21 7 10 21 1 5 1 78 2 78 5 78 8 78 10 78 1 5 1 37 2 37 3 37 4 37 8 37 0 5 7 2 68 7 3 68 7 4 68 7 6 68 7 10 68 0 5 4 1 48 4 2 48 4 3 48 4 4 48 4 5 48 1 5 5 55 6 55 7 55 8 55 9 55 0 5 3 2 38 3 3 38 3 4 38 3 5 38 3 10 38 0 5 2 3 49 2 5 49 2 6 49 2 8 49 2 9 49 0 5 1 1 69 1 2 69 1 3 69 1 8 69 1 9 69 0 5 6 1 73 6 3 73 6 4 73 6 7 73 6 8 73 0 5 7 4 80 7 5 80 7 6 80 7 7 80 7 10 80 0 5 6 1 83 6 4 83 6 7 83 6 8 83 6 9 83 0 5 7 1 39 7 3 39 7 8 39 7 9 39 7 10 39 0 5 3 2 98 3 3 98 3 5 98 3 6 98 3 9 98 
23 0 5 1 1 71 1 3 71 1 4 71 1 8 71 1 10 71 0 10 1 3 24 4 3 24 1 4 24 4 4 24 1 5 24 4 5 24 1 8 24 4 8 24 1 9 24 4 9 24 0 15 4 1 89 5 1 89 6 1 89 4 3 89 5 3 89 6 3 89 4 5 89 5 5 89 6 5 89 4 6 89 5 6 89 6 6 89 4 8 89 5 8 89 6 8 89 1 5 1 73 5 73 6 73 7 73 10 73 0 5 5 1 44 5 3 44 5 5 44 5 9 44 5 10 44 0 10 3 1 61 5 1 61 3 2 61 5 2 61 3 3 61 5 3 61 3 7 61 5 7 61 3 10 61 5 10 61 1 5 1 53 2 53 3 53 8 53 10 53 0 20 1 2 35 4 2 35 5 2 35 8 2 35 1 6 35 4 6 35 5 6 35 8 6 35 1 8 35 4 8 35 5 8 35 8 8 35 1 9 35 4 9 35 5 9 35 8 9 35 1 10 35 4 10 35 5 10 35 8 10 35 0 5 6 1 95 6 2 95 6 4 95 6 7 95 6 8 95 0 5 8 3 33 8 4 33 8 8 33 8 9 33 8 10 33 0 5 5 1 59 5 2 59 5 4 59 5 5 59 5 6 59 1 5 3 68 4 68 7 68 9 68 10 68 0 5 3 1 61 3 2 61 3 6 61 3 7 61 3 10 61 0 5 4 1 56 4 4 56 4 5 56 4 6 56 4 8 56 0 5 5 1 28 5 2 28 5 4 28 5 8 28 5 10 28 0 5 2 2 18 2 3 18 2 4 18 2 6 18 2 10 18 0 10 2 3 35 6 3 35 2 7 35 6 7 35 2 8 35 6 8 35 2 9 35 6 9 35 2 10 35 6 10 35 0 5 7 1 73 7 2 73 7 3 73 7 6 73 7 10 73 1 5 2 78 5 78 6 78 7 78 8 78 0 10 2 1 70 4 1 70 2 2 70 4 2 70 2 5 70 4 5 70 2 6 70 4 6 70 2 10 70 4 10 70 0 5 1 2 65 1 3 65 1 6 65 1 9 65 1 10 65 1 5 1 44 2 44 6 44 7 44 10 44 0 5 3 1 56 3 4 56 3 6 56 3 7 56 3 8 56 
18 0 5 7 1 60 7 2 60 7 3 60 7 4 60 7 5 60 0 5 6 2 69 6 3 69 6 6 69 6 7 69 6 8 69 0 5 7 3 94 7 4 94 7 7 94 7 8 94 7 9 94 1 5 1 28 2 28 8 28 9 28 10 28 0 5 4 2 63 4 3 63 4 4 63 4 5 63 4 8 63 0 5 2 3 17 2 4 17 2 6 17 2 8 17 2 10 17 0 5 2 1 61 2 2 61 2 4 61 2 5 61 2 8 61 0 5 6 1 34 6 2 34 6 3 34 6 4 34 6 9 34 0 5 6 3 96 6 6 96 6 7 96 6 8 96 6 9 96 0 10 4 1 31 7 1 31 4 3 31 7 3 31 4 6 31 7 6 31 4 7 31 7 7 31 4 10 31 7 10 31 0 5 5 3 82 5 5 82 5 6 82 5 7 82 5 8 82 0 5 1 4 40 1 6 40 1 7 40 1 8 40 1 9 40 0 5 1 1 63 1 3 63 1 4 63 1 8 63 1 10 63 0 10 1 1 95 4 1 95 1 2 95 4 2 95 1 3 95 4 3 95 1 5 95 4 5 95 1 10 95 4 10 95 0 5 5 1 68 5 2 68 5 4 68 5 8 68 5 10 68 0 5 6 2 91 6 4 91 6 6 91 6 7 91 6 10 91 0 5 2 1 43 2 2 43 2 6 43 2 7 43 2 8 43 1 5 1 32 2 32 5 32 6 32 9 32 
21 0 5 5 2 54 5 7 54 5 8 54 5 9 54 5 10 54 0 10 5 2 92 8 2 92 5 3 92 8 3 92 5 5 92 8 5 92 5 7 92 8 7 92 5 10 92 8 10 92 0 15 2 1 40 5 1 40 7 1 40 2 2 40 5 2 40 7 2 40 2 4 40 5 4 40 7 4 40 2 8 40 5 8 40 7 8 40 2 10 40 5 10 40 7 10 40 0 5 5 3 84 5 7 84 5 8 84 5 9 84 5 10 84 0 5 5 1 38 5 3 38 5 6 38 5 9 38 5 10 38 1 5 1 94 3 94 4 94 5 94 7 94 0 5 5 1 63 5 2 63 5 4 63 5 7 63 5 8 63 0 5 6 1 99 6 2 99 6 8 99 6 9 99 6 10 99 0 10 1 1 45 2 1 45 1 5 45 2 5 45 1 6 45 2 6 45 1 7 45 2 7 45 1 9 45 2 9 45 0 5 7 1 28 7 3 28 7 7 28 7 9 28 7 10 28 0 5 8 2 59 8 5 59 8 7 59 8 8 59 8 10 59 0 5 5 3 97 5 6 97 5 7 97 5 8 97 5 10 97 0 5 5 1 69 5 4 69 5 6 69 5 7 69 5 8 69 0 5 6 1 61 6 2 61 6 3 61 6 5 61 6 10 61 0 15 4 1 98 5 1 98 8 1 98 4 6 98 5 6 98 8 6 98 4 7 98 5 7 98 8 7 98 4 8 98 5 8 98 8 8 98 4 9 98 5 9 98 8 9 98 1 5 3 42 4 42 7 42 8 42 9 42 0 5 6 2 100 6 3 100 6 4 100 6 7 100 6 10 100 0 5 4 1 68 4 2 68 4 4 68 4 6 68 4 9 68 0 10 2 2 83 3 2 83 2 3 83 3 3 83 2 4 83 3 4 83 2 6 83 3 6 83 2 7 83 3 7 83 0 5 7 2 69 7 6 69 7 7 69 7 9 69 7 10 69 0 5 5 1 17 5 3 17 5 5 17 5 6 17 5 9 17 
15 0 5 4 2 26 4 4 26 4 7 26 4 9 26 4 10 26 0 5 4 1 29 4 2 29 4 6 29 4 7 29 4 10 29 1 5 1 20 3 20 5 20 8 20 10 20 0 5 1 1 100 1 3 100 1 4 100 1 6 100 1 7 100 0 10 2 2 87 8 2 87 2 5 87 8 5 87 2 6 87 8 6 87 2 7 87 8 7 87 2 10 87 8 10 87 0 10 4 1 67 8 1 67 4 2 67 8 2 67 4 5 67 8 5 67 4 6 67 8 6 67 4 10 67 8 10 67 0 10 5 1 16 6 1 16 5 2 16 6 2 16 5 5 16 6 5 16 5 9 16 6 9 16 5 10 16 6 10 16 0 5 4 5 86 4 6 86 4 7 86 4 8 86 4 9 86 1 5 1 36 4 36 5 36 7 36 8 36 1 5 1 73 4 73 6 73 8 73 10 73 0 5 3 1 41 3 2 41 3 3 41 3 8 41 3 10 41 0 5 3 1 100 3 3 100 3 6 100 3 8 100 3 9 100 1 5 1 23 5 23 6 23 7 23 8 23 0 5 7 1 33 7 2 33 7 3 33 7 7 33 7 8 33 0 5 6 1 92 6 3 92 6 4 92 6 5 92 6 8 92 
17 0 5 5 1 74 5 3 74 5 8 74 5 9 74 5 10 74 0 5 3 1 90 3 2 90 3 4 90 3 5 90 3 9 90 0 5 2 2 49 2 3 49 2 5 49 2 6 49 2 8 49 0 5 6 4 34 6 5 34 6 6 34 6 8 34 6 9 34 0 5 6 2 47 6 6 47 6 7 47 6 9 47 6 10 47 0 5 4 1 62 4 3 62 4 4 62 4 5 62 4 8 62 1 5 4 59 6 59 7 59 8 59 10 59 0 5 5 5 98 5 6 98 5 7 98 5 8 98 5 9 98 0 5 3 4 73 3 5 73 3 7 73 3 9 73 3 10 73 0 5 1 1 79 1 3 79 1 4 79 1 6 79 1 10 79 0 5 6 2 10 6 4 10 6 5 10 6 8 10 6 10 10 0 5 5 5 32 5 7 32 5 8 32 5 9 32 5 10 32 0 10 7 3 55 8 3 55 7 5 55 8 5 55 7 7 55 8 7 55 7 8 55 8 8 55 7 9 55 8 9 55 0 5 4 1 53 4 3 53 4 4 53 4 6 53 4 10 53 0 5 5 2 19 5 4 19 5 6 19 5 8 19 5 10 19 0 5 4 1 55 4 5 55 4 8 55 4 9 55 4 10 55 1 5 1 88 5 88 6 88 8 88 10 88 
25 0 5 5 1 46 5 7 46 5 8 46 5 9 46 5 10 46 0 5 7 1 73 7 4 73 7 7 73 7 8 73 7 9 73 0 5 8 3 30 8 4 30 8 6 30 8 9 30 8 10 30 0 5 4 2 48 4 3 48 4 4 48 4 9 48 4 10 48 0 5 1 4 50 1 5 50 1 6 50 1 9 50 1 10 50 0 5 5 1 37 5 2 37 5 3 37 5 9 37 5 10 37 1 5 1 75 4 75 6 75 7 75 8 75 0 5 4 2 36 4 4 36 4 6 36 4 7 36 4 9 36 0 5 8 1 71 8 3 71 8 5 71 8 7 71 8 8 71 0 5 8 1 66 8 2 66 8 3 66 8 5 66 8 6 66 0 5 4 1 39 4 2 39 4 4 39 4 9 39 4 10 39 0 5 8 2 17 8 3 17 8 6 17 8 8 17 8 9 17 0 5 5 2 30 5 3 30 5 5 30 5 6 30 5 7 30 0 5 3 2 42 3 3 42 3 4 42 3 6 42 3 8 42 0 5 8 1 94 8 2 94 8 3 94 8 6 94 8 7 94 1 5 1 59 5 59 7 59 8 59 9 59 0 5 5 1 36 5 2 36 5 5 36 5 6 36 5 7 36 0 5 1 1 68 1 5 68 1 6 68 1 7 68 1 8 68 0 5 2 2 21 2 3 21 2 4 21 2 8 21 2 10 21 0 5 7 1 25 7 3 25 7 4 25 7 9 25 7 10 25 0 5 7 2 65 7 4 65 7 7 65 7 8 65 7 10 65 0 5 3 2 58 3 3 58 3 5 58 3 6 58 3 9 58 0 15 1 1 65 3 1 65 7 1 65 1 4 65 3 4 65 7 4 65 1 5 65 3 5 65 7 5 65 1 7 65 3 7 65 7 7 65 1 9 65 3 9 65 7 9 65 1 5 3 36 4 36 6 36 7 36 8 36 0 15 1 1 45 2 1 45 5 1 45 1 2 45 2 2 45 5 2 45 1 6 45 2 6 45 5 6 45 1 9 45 2 9 45 5 9 45 1 10 45 2 10 45 5 10 45 
23 0 5 4 3 82 4 5 82 4 7 82 4 9 82 4 10 82 0 5 1 1 42 1 3 42 1 4 42 1 6 42 1 10 42 0 5 5 3 82 5 5 82 5 6 82 5 8 82 5 10 82 0 5 2 1 51 2 5 51 2 6 51 2 7 51 2 8 51 0 5 8 3 75 8 4 75 8 7 75 8 8 75 8 9 75 0 5 6 2 35 6 5 35 6 7 35 6 8 35 6 9 35 0 5 8 2 78 8 3 78 8 4 78 8 8 78 8 9 78 1 5 2 43 3 43 6 43 7 43 9 43 0 10 5 2 77 7 2 77 5 4 77 7 4 77 5 5 77 7 5 77 5 8 77 7 8 77 5 10 77 7 10 77 0 5 8 1 42 8 2 42 8 4 42 8 5 42 8 7 42 1 5 1 18 3 18 6 18 7 18 9 18 0 10 1 2 63 8 2 63 1 6 63 8 6 63 1 7 63 8 7 63 1 8 63 8 8 63 1 9 63 8 9 63 0 5 7 3 99 7 7 99 7 8 99 7 9 99 7 10 99 0 5 1 3 16 1 4 16 1 5 16 1 7 16 1 8 16 0 10 6 1 34 8 1 34 6 4 34 8 4 34 6 8 34 8 8 34 6 9 34 8 9 34 6 10 34 8 10 34 0 5 3 1 99 3 2 99 3 3 99 3 5 99 3 10 99 0 5 7 2 87 7 3 87 7 5 87 7 6 87 7 9 87 0 5 6 1 46 6 2 46 6 3 46 6 9 46 6 10 46 0 5 4 1 81 4 2 81 4 3 81 4 9 81 4 10 81 1 5 1 41 4 41 6 41 9 41 10 41 0 10 1 2 58 6 2 58 1 3 58 6 3 58 1 6 58 6 6 58 1 7 58 6 7 58 1 9 58 6 9 58 0 5 7 3 57 7 5 57 7 6 57 7 8 57 7 9 57 0 5 1 4 30 1 5 30 1 8 30 1 9 30 1 10 30 
19 0 5 4 2 60 4 5 60 4 6 60 4 8 60 4 9 60 0 5 3 2 52 3 4 52 3 5 52 3 6 52 3 8 52 0 15 4 3 92 6 3 92 7 3 92 4 7 92 6 7 92 7 7 92 4 8 92 6 8 92 7 8 92 4 9 92 6 9 92 7 9 92 4 10 92 6 10 92 7 10 92 0 10 5 2 32 6 2 32 5 4 32 6 4 32 5 8 32 6 8 32 5 9 32 6 9 32 5 10 32 6 10 32 1 5 2 80 3 80 5 80 6 80 10 80 0 15 3 2 42 6 2 42 7 2 42 3 3 42 6 3 42 7 3 42 3 6 42 6 6 42 7 6 42 3 8 42 6 8 42 7 8 42 3 10 42 6 10 42 7 10 42 0 5 7 2 33 7 3 33 7 5 33 7 9 33 7 10 33 1 5 1 40 2 40 3 40 5 40 7 40 0 5 1 1 80 1 3 80 1 6 80 1 8 80 1 10 80 0 5 1 3 72 1 6 72 1 8 72 1 9 72 1 10 72 0 10 3 2 64 6 2 64 3 6 64 6 6 64 3 7 64 6 7 64 3 8 64 6 8 64 3 9 64 6 9 64 0 5 5 3 77 5 4 77 5 5 77 5 8 77 5 10 77 1 5 1 23 5 23 6 23 7 23 10 23 0 5 3 2 50 3 3 50 3 6 50 3 7 50 3 10 50 0 5 6 1 13 6 4 13 6 6 13 6 8 13 6 10 13 0 5 2 2 38 2 3 38 2 6 38 2 7 38 2 9 38 1 5 1 21 2 21 4 21 6 21 7 21 0 5 6 1 77 6 6 77 6 7 77 6 8 77 6 10 77 1 5 2 95 3 95 5 95 6 95 7 95 
19 1 5 2 60 4 60 6 60 7 60 8 60 0 5 6 1 94 6 2 94 6 3 94 6 4 94 6 9 94 0 5 4 1 53 4 2 53 4 7 53 4 8 53 4 10 53 0 5 4 3 82 4 4 82 4 5 82 4 9 82 4 10 82 0 10 2 2 60 8 2 60 2 3 60 8 3 60 2 4 60 8 4 60 2 8 60 8 8 60 2 10 60 8 10 60 0 5 6 1 60 6 3 60 6 4 60 6 6 60 6 10 60 0 10 2 1 93 6 1 93 2 2 93 6 2 93 2 4 93 6 4 93 2 5 93 6 5 93 2 7 93 6 7 93 0 5 4 4 49 4 5 49 4 6 49 4 8 49 4 10 49 0 5 4 3 82 4 4 82 4 5 82 4 7 82 4 8 82 0 5 8 1 68 8 2 68 8 4 68 8 6 68 8 8 68 0 5 7 2 42 7 5 42 7 8 42 7 9 42 7 10 42 1 5 2 96 5 96 7 96 8 96 9 96 1 5 1 90 7 90 8 90 9 90 10 90 0 5 5 2 36 5 3 36 5 7 36 5 8 36 5 9 36 0 5 7 1 70 7 3 70 7 4 70 7 6 70 7 10 70 0 5 3 6 12 3 7 12 3 8 12 3 9 12 3 10 12 0 5 4 2 56 4 3 56 4 5 56 4 6 56 4 7 56 0 5 6 1 14 6 2 14 6 4 14 6 8 14 6 10 14 0 5 3 4 60 3 6 60 3 7 60 3 8 60 3 10 60 
21 0 5 4 1 18 4 2 18 4 4 18 4 7 18 4 8 18 0 5 8 1 88 8 3 88 8 6 88 8 7 88 8 8 88 0 5 3 1 19 3 2 19 3 5 19 3 6 19 3 8 19 1 5 2 87 5 87 6 87 7 87 9 87 0 5 1 2 50 1 3 50 1 5 50 1 7 50 1 9 50 1 5 1 50 6 50 7 50 8 50 10 50 0 5 4 1 63 4 3 63 4 5 63 4 8 63 4 9 63 0 10 7 1 16 8 1 16 7 4 16 8 4 16 7 5 16 8 5 16 7 9 16 8 9 16 7 10 16 8 10 16 0 5 6 1 65 6 2 65 6 3 65 6 4 65 6 5 65 0 10 3 1 71 6 1 71 3 2 71 6 2 71 3 3 71 6 3 71 3 8 71 6 8 71 3 9 71 6 9 71 0 15 4 1 44 5 1 44 7 1 44 4 4 44 5 4 44 7 4 44 4 7 44 5 7 44 7 7 44 4 9 44 5 9 44 7 9 44 4 10 44 5 10 44 7 10 44 0 5 6 2 46 6 3 46 6 4 46 6 5 46 6 6 46 0 5 2 2 35 2 5 35 2 7 35 2 9 35 2 10 35 0 10 1 4 11 6 4 11 1 5 11 6 5 11 1 6 11 6 6 11 1 7 11 6 7 11 1 8 11 6 8 11 0 5 2 1 83 2 2 83 2 3 83 2 5 83 2 8 83 0 5 1 1 12 1 4 12 1 5 12 1 6 12 1 8 12 0 5 4 1 98 4 2 98 4 4 98 4 5 98 4 6 98 1 5 1 25 6 25 8 25 9 25 10 25 0 5 8 1 84 8 3 84 8 4 84 8 5 84 8 8 84 0 5 6 3 36 6 4 36 6 6 36 6 8 36 6 10 36 0 20 1 5 41 5 5 41 7 5 41 8 5 41 1 7 41 5 7 41 7 7 41 8 7 41 1 8 41 5 8 41 7 8 41 8 8 41 1 9 41 5 9 41 7 9 41 8 9 41 1 10 41 5 10 41 7 10 41 8 10 41 
16 1 5 1 44 2 44 3 44 5 44 8 44 0 5 2 3 51 2 4 51 2 7 51 2 9 51 2 10 51 0 5 1 1 58 1 2 58 1 4 58 1 7 58 1 10 58 0 5 2 2 56 2 4 56 2 6 56 2 8 56 2 10 56 0 5 1 3 27 1 5 27 1 8 27 1 9 27 1 10 27 0 5 6 2 97 6 3 97 6 5 97 6 6 97 6 10 97 1 5 2 93 4 93 5 93 8 93 9 93 0 15 1 2 41 3 2 41 5 2 41 1 5 41 3 5 41 5 5 41 1 7 41 3 7 41 5 7 41 1 8 41 3 8 41 5 8 41 1 10 41 3 10 41 5 10 41 0 5 4 2 59 4 4 59 4 5 59 4 6 59 4 10 59 0 5 3 1 83 3 3 83 3 5 83 3 7 83 3 9 83 0 5 4 2 99 4 3 99 4 6 99 4 7 99 4 8 99 1 5 2 90 3 90 4 90 7 90 10 90 0 5 3 1 90 3 2 90 3 4 90 3 6 90 3 9 90 0 5 1 1 58 1 3 58 1 6 58 1 8 58 1 9 58 0 5 7 1 15 7 4 15 7 5 15 7 7 15 7 9 15 0 5 3 4 95 3 5 95 3 7 95 3 8 95 3 9 95 
16 0 5 4 1 65 4 3 65 4 6 65 4 8 65 4 9 65 0 15 1 5 73 5 5 73 6 5 73 1 6 73 5 6 73 6 6 73 1 8 73 5 8 73 6 8 73 1 9 73 5 9 73 6 9 73 1 10 73 5 10 73 6 10 73 0 5 7 1 96 7 3 96 7 4 96 7 7 96 7 10 96 0 5 8 3 42 8 4 42 8 7 42 8 9 42 8 10 42 0 5 4 2 53 4 3 53 4 5 53 4 8 53 4 10 53 0 5 2 3 61 2 4 61 2 6 61 2 8 61 2 9 61 0 5 8 1 24 8 4 24 8 6 24 8 7 24 8 10 24 0 5 6 1 90 6 3 90 6 5 90 6 8 90 6 10 90 0 5 1 1 11 1 4 11 1 5 11 1 7 11 1 10 11 0 10 1 1 12 6 1 12 1 2 12 6 2 12 1 4 12 6 4 12 1 9 12 6 9 12 1 10 12 6 10 12 0 5 6 1 68 6 3 68 6 4 68 6 9 68 6 10 68 0 5 5 1 61 5 2 61 5 4 61 5 5 61 5 9 61 0 5 3 1 40 3 3 40 3 5 40 3 6 40 3 8 40 0 5 2 2 70 2 5 70 2 7 70 2 8 70 2 9 70 0 5 4 1 76 4 3 76 4 4 76 4 6 76 4 7 76 0 5 5 4 48 5 5 48 5 6 48 5 7 48 5 10 48 
25 0 5 4 1 19 4 4 19 4 6 19 4 7 19 4 9 19 1 5 2 49 4 49 5 49 6 49 9 49 0 5 5 3 76 5 4 76 5 7 76 5 8 76 5 10 76 0 5 2 1 24 2 2 24 2 3 24 2 6 24 2 7 24 0 5 6 4 35 6 5 35 6 8 35 6 9 35 6 10 35 0 5 3 3 10 3 6 10 3 7 10 3 9 10 3 10 10 0 5 2 3 46 2 6 46 2 7 46 2 9 46 2 10 46 0 5 7 2 18 7 3 18 7 5 18 7 7 18 7 8 18 0 5 5 2 72 5 3 72 5 5 72 5 6 72 5 9 72 0 10 2 1 32 6 1 32 2 2 32 6 2 32 2 6 32 6 6 32 2 8 32 6 8 32 2 10 32 6 10 32 0 10 1 1 92 3 1 92 1 5 92 3 5 92 1 6 92 3 6 92 1 7 92 3 7 92 1 9 92 3 9 92 0 5 8 2 14 8 4 14 8 5 14 8 6 14 8 8 14 0 5 2 2 53 2 4 53 2 5 53 2 6 53 2 9 53 0 5 2 1 49 2 5 49 2 7 49 2 8 49 2 9 49 0 10 6 1 83 8 1 83 6 2 83 8 2 83 6 5 83 8 5 83 6 9 83 8 9 83 6 10 83 8 10 83 0 5 2 1 81 2 3 81 2 5 81 2 8 81 2 10 81 0 5 3 4 76 3 6 76 3 7 76 3 8 76 3 9 76 0 5 7 3 88 7 5 88 7 8 88 7 9 88 7 10 88 0 5 5 1 34 5 2 34 5 5 34 5 6 34 5 9 34 0 5 1 1 54 1 2 54 1 3 54 1 5 54 1 10 54 0 5 6 1 22 6 3 22 6 5 22 6 9 22 6 10 22 0 5 3 1 47 3 3 47 3 4 47 3 7 47 3 9 47 0 5 2 1 31 2 6 31 2 7 31 2 8 31 2 10 31 0 5 3 1 43 3 4 43 3 5 43 3 8 43 3 9 43 0 5 7 1 29 7 3 29 7 5 29 7 6 29 7 7 29 
