20 10 12
15 1 6 2 66 4 66 5 66 8 66 10 66 12 66 0 6 10 3 29 10 4 29 10 5 29 10 6 29 10 9 29 10 11 29 1 6 3 11 4 11 6 11 8 11 9 11 12 11 0 6 8 2 62 8 5 62 8 6 62 8 7 62 8 8 62 8 12 62 0 6 6 1 94 6 2 94 6 3 94 6 5 94 6 10 94 6 11 94 0 18 4 1 41 8 1 41 9 1 41 4 4 41 8 4 41 9 4 41 4 5 41 8 5 41 9 5 41 4 8 41 8 8 41 9 8 41 4 9 41 8 9 41 9 9 41 4 10 41 8 10 41 9 10 41 0 6 9 2 90 9 4 90 9 5 90 9 6 90 9 9 90 9 10 90 0 6 9 3 63 9 5 63 9 6 63 9 7 63 9 9 63 9 12 63 1 6 1 45 3 45 5 45 10 45 11 45 12 45 0 6 7 2 91 7 4 91 7 5 91 7 6 91 7 11 91 7 12 91 0 6 3 1 73 3 2 73 3 3 73 3 4 73 3 7 73 3 12 73 0 12 2 1 31 9 1 31 2 2 31 9 2 31 2 3 31 9 3 31 2 5 31 9 5 31 2 9 31 9 9 31 2 12 31 9 12 31 0 18 2 4 97 3 4 97 7 4 97 2 5 97 3 5 97 7 5 97 2 7 97 3 7 97 7 7 97 2 8 97 3 8 97 7 8 97 2 9 97 3 9 97 7 9 97 2 10 97 3 10 97 7 10 97 0 6 2 1 11 2 5 11 2 6 11 2 7 11 2 9 11 2 12 11 0 6 1 1 20 1 4 20 1 5 20 1 7 20 1 8 20 1 9 20 
20 0 6 4 1 90 4 2 90 4 3 90 4 5 90 4 9 90 4 11 90 0 12 3 1 21 10 1 21 3 2 21 10 2 21 3 5 21 10 5 21 3 8 21 10 8 21 3 9 21 10 9 21 3 11 21 10 11 21 0 6 9 1 78 9 2 78 9 5 78 9 7 78 9 8 78 9 9 78 0 6 10 1 37 10 2 37 10 3 37 10 9 37 10 11 37 10 12 37 0 6 8 1 68 8 3 68 8 6 68 8 7 68 8 8 68 8 12 68 0 18 1 2 48 9 2 48 10 2 48 1 4 48 9 4 48 10 4 48 1 7 48 9 7 48 10 7 48 1 9 48 9 9 48 10 9 48 1 10 48 9 10 48 10 10 48 1 12 48 9 12 48 10 12 48 0 6 1 4 55 1 6 55 1 7 55 1 8 55 1 11 55 1 12 55 0 6 6 2 38 6 3 38 6 6 38 6 8 38 6 9 38 6 12 38 0 12 3 1 49 5 1 49 3 4 49 5 4 49 3 5 49 5 5 49 3 6 49 5 6 49 3 7 49 5 7 49 3 11 49 5 11 49 0 18 4 3 69 7 3 69 10 3 69 4 6 69 7 6 69 10 6 69 4 7 69 7 7 69 10 7 69 4 8 69 7 8 69 10 8 69 4 10 69 7 10 69 10 10 69 4 12 69 7 12 69 10 12 69 0 18 1 3 73 4 3 73 10 3 73 1 7 73 4 7 73 10 7 73 1 8 73 4 8 73 10 8 73 1 10 73 4 10 73 10 10 73 1 11 73 4 11 73 10 11 73 1 12 73 4 12 73 10 12 73 0 6 10 3 80 10 4 80 10 5 80 10 6 80 10 9 80 10 10 80 0 12 5 2 83 10 2 83 5 3 83 10 3 83 5 4 83 10 4 83 5 5 83 10 5 83 5 6 83 10 6 83 5 12 83 10 12 83 0 6 6 2 39 6 3 39 6 5 39 6 6 39 6 8 39 6 9 39 0 6 10 2 98 10 8 98 10 9 98 10 10 98 10 11 98 10 12 98 0 6 7 1 71 7 2 71 7 4 71 7 7 71 7 9 71 7 10 71 0 12 2 1 24 10 1 24 2 2 24 10 2 24 2 4 24 10 4 24 2 7 24 10 7 24 2 10 24 10 10 24 2 12 24 10 12 24 0 6 4 2 89 4 6 89 4 7 89 4 10 89 4 11 89 4 12 89 0 18 3 1 73 6 1 73 8 1 73 3 2 73 6 2 73 8 2 73 3 3 73 6 3 73 8 3 73 3 5 73 6 5 73 8 5 73 3 7 73 6 7 73 8 7 73 3 11 73 6 11 73 8 11 73 0 18 1 1 44 4 1 44 6 1 44 1 4 44 4 4 44 6 4 44 1 5 44 4 5 44 6 5 44 1 7 44 4 7 44 6 7 44 1 11 44 4 11 44 6 11 44 1 12 44 4 12 44 6 12 44 
23 0 6 1 2 61 1 3 61 1 5 61 1 6 61 1 10 61 1 11 61 0 6 4 2 53 4 4 53 4 5 53 4 6 53 4 9 53 4 11 53 0 6 4 3 35 4 5 35 4 6 35 4 7 35 4 9 35 4 11 35 0 6 5 1 95 5 3 95 5 7 95 5 10 95 5 11 95 5 12 95 1 6 1 33 3 33 4 33 6 33 7 33 11 33 0 6 8 1 59 8 2 59 8 5 59 8 6 59 8 8 59 8 11 59 0 6 5 4 68 5 5 68 5 6 68 5 7 68 5 9 68 5 11 68 0 6 10 2 61 10 3 61 10 6 61 10 8 61 10 11 61 10 12 61 0 6 7 1 56 7 4 56 7 6 56 7 10 56 7 11 56 7 12 56 0 6 6 5 28 6 6 28 6 7 28 6 8 28 6 10 28 6 11 28 1 6 2 18 4 18 5 18 6 18 7 18 8 18 1 6 1 35 3 35 4 35 7 35 11 35 12 35 0 12 3 1 73 4 1 73 3 4 73 4 4 73 3 7 73 4 7 73 3 8 73 4 8 73 3 9 73 4 9 73 3 10 73 4 10 73 0 12 2 1 78 5 1 78 2 2 78 5 2 78 2 3 78 5 3 78 2 5 78 5 5 78 2 11 78 5 11 78 2 12 78 5 12 78 0 6 4 2 70 4 5 70 4 6 70 4 7 70 4 10 70 4 11 70 0 12 3 2 65 7 2 65 3 3 65 7 3 65 3 6 65 7 6 65 3 7 65 7 7 65 3 10 65 7 10 65 3 12 65 7 12 65 0 6 10 1 44 10 3 44 10 6 44 10 8 44 10 9 44 10 10 44 0 6 2 1 56 2 3 56 2 4 56 2 5 56 2 10 56 2 12 56 1 6 2 60 5 60 6 60 8 60 10 60 11 60 0 12 2 3 69 4 3 69 2 4 69 4 4 69 2 5 69 4 5 69 2 6 69 4 6 69 2 9 69 4 9 69 2 10 69 4 10 69 0 6 5 1 94 5 5 94 5 7 94 5 8 94 5 9 94 5 12 94 1 6 1 28 3 28 5 28 7 28 8 28 11 28 0 6 5 1 63 5 2 63 5 3 63 5 6 63 5 11 63 5 12 63 
18 0 12 8 1 17 9 1 17 8 2 17 9 2 17 8 5 17 9 5 17 8 8 17 9 8 17 8 11 17 9 11 17 8 12 17 9 12 17 0 6 3 2 61 3 3 61 3 4 61 3 5 61 3 6 61 3 9 61 0 6 2 1 34 2 2 34 2 4 34 2 5 34 2 6 34 2 7 34 0 6 6 1 96 6 3 96 6 5 96 6 8 96 6 10 96 6 11 96 0 6 4 2 31 4 4 31 4 6 31 4 7 31 4 8 31 4 11 31 0 6 10 2 82 10 3 82 10 4 82 10 7 82 10 10 82 10 12 82 1 6 1 40 3 40 5 40 8 40 9 40 12 40 1 6 1 63 7 63 8 63 9 63 10 63 12 63 0 6 1 2 95 1 6 95 1 8 95 1 9 95 1 10 95 1 12 95 0 6 1 2 68 1 3 68 1 4 68 1 5 68 1 7 68 1 11 68 1 6 5 91 6 91 9 91 10 91 11 91 12 91 0 6 7 1 43 7 2 43 7 6 43 7 8 43 7 11 43 7 12 43 0 6 2 2 32 2 3 32 2 7 32 2 8 32 2 11 32 2 12 32 0 18 4 1 54 6 1 54 8 1 54 4 4 54 6 4 54 8 4 54 4 6 54 6 6 54 8 6 54 4 8 54 6 8 54 8 8 54 4 9 54 6 9 54 8 9 54 4 12 54 6 12 54 8 12 54 0 6 7 2 92 7 4 92 7 5 92 7 7 92 7 9 92 7 12 92 0 12 3 3 40 7 3 40 3 4 40 7 4 40 3 8 40 7 8 40 3 9 40 7 9 40 3 10 40 7 10 40 3 11 40 7 11 40 1 6 1 84 4 84 5 84 6 84 11 84 12 84 1 6 1 38 2 38 3 38 4 38 5 38 6 38 
21 0 6 3 1 94 3 2 94 3 5 94 3 7 94 3 10 94 3 12 94 1 6 3 63 6 63 8 63 10 63 11 63 12 63 0 6 2 3 99 2 4 99 2 5 99 2 8 99 2 10 99 2 11 99 0 6 5 2 45 5 3 45 5 4 45 5 7 45 5 8 45 5 9 45 0 6 4 1 28 4 2 28 4 4 28 4 6 28 4 11 28 4 12 28 0 6 9 2 59 9 3 59 9 4 59 9 5 59 9 6 59 9 8 59 0 6 4 2 97 4 5 97 4 6 97 4 7 97 4 8 97 4 11 97 0 6 2 1 69 2 5 69 2 6 69 2 8 69 2 11 69 2 12 69 0 6 4 1 61 4 3 61 4 4 61 4 7 61 4 8 61 4 9 61 0 6 9 1 98 9 2 98 9 3 98 9 6 98 9 7 98 9 9 98 1 6 2 42 5 42 6 42 7 42 8 42 12 42 0 6 8 1 100 8 2 100 8 3 100 8 5 100 8 6 100 8 11 100 1 6 2 68 4 68 5 68 7 68 8 68 11 68 0 6 7 2 83 7 3 83 7 8 83 7 10 83 7 11 83 7 12 83 0 6 2 1 69 2 2 69 2 3 69 2 5 69 2 6 69 2 12 69 0 12 8 1 17 9 1 17 8 3 17 9 3 17 8 5 17 9 5 17 8 6 17 9 6 17 8 8 17 9 8 17 8 11 17 9 11 17 0 6 3 1 26 3 2 26 3 5 26 3 6 26 3 7 26 3 8 26 0 6 10 4 29 10 6 29 10 7 29 10 8 29 10 10 29 10 11 29 0 12 9 4 20 10 4 20 9 6 20 10 6 20 9 9 20 10 9 20 9 10 20 10 10 20 9 11 20 10 11 20 9 12 20 10 12 20 0 6 6 2 100 6 3 100 6 5 100 6 6 100 6 10 100 6 11 100 0 6 6 1 87 6 4 87 6 5 87 6 6 87 6 9 87 6 12 87 
15 0 6 10 1 67 10 2 67 10 4 67 10 10 67 10 11 67 10 12 67 0 6 6 2 16 6 3 16 6 5 16 6 9 16 6 10 16 6 11 16 0 6 8 1 86 8 2 86 8 3 86 8 5 86 8 6 86 8 8 86 0 6 5 1 36 5 3 36 5 5 36 5 7 36 5 10 36 5 11 36 0 6 10 2 73 10 6 73 10 7 73 10 9 73 10 10 73 10 12 73 0 6 5 3 41 5 6 41 5 7 41 5 9 41 5 10 41 5 12 41 0 6 2 1 100 2 3 100 2 4 100 2 5 100 2 6 100 2 11 100 0 6 10 2 23 10 3 23 10 5 23 10 6 23 10 10 23 10 12 23 0 6 10 1 33 10 4 33 10 6 33 10 9 33 10 10 33 10 11 33 0 6 5 1 92 5 5 92 5 6 92 5 7 92 5 10 92 5 12 92 1 6 2 74 6 74 7 74 9 74 11 74 12 74 0 6 9 1 90 9 3 90 9 4 90 9 7 90 9 9 90 9 10 90 0 6 10 2 49 10 3 49 10 5 49 10 7 49 10 9 49 10 12 49 0 6 6 2 34 6 3 34 6 5 34 6 7 34 6 9 34 6 10 34 0 6 5 3 47 5 4 47 5 7 47 5 8 47 5 9 47 5 11 47 
17 0 6 3 1 62 3 3 62 3 4 62 3 6 62 3 8 62 3 10 62 1 6 1 59 4 59 6 59 8 59 10 59 11 59 0 24 7 1 98 8 1 98 9 1 98 10 1 98 7 4 98 8 4 98 9 4 98 10 4 98 7 5 98 8 5 98 9 5 98 10 5 98 7 8 98 8 8 98 9 8 98 10 8 98 7 9 98 8 9 98 9 9 98 10 9 98 7 10 98 8 10 98 9 10 98 10 10 98 0 12 1 1 73 4 1 73 1 3 73 4 3 73 1 4 73 4 4 73 1 5 73 4 5 73 1 7 73 4 7 73 1 12 73 4 12 73 0 12 1 2 79 6 2 79 1 3 79 6 3 79 1 4 79 6 4 79 1 7 79 6 7 79 1 9 79 6 9 79 1 11 79 6 11 79 0 6 8 2 10 8 3 10 8 4 10 8 6 10 8 9 10 8 11 10 0 6 10 4 32 10 5 32 10 6 32 10 8 32 10 10 32 10 12 32 0 6 7 3 55 7 4 55 7 6 55 7 9 55 7 11 55 7 12 55 0 6 4 1 53 4 2 53 4 5 53 4 8 53 4 9 53 4 12 53 0 6 2 5 19 2 6 19 2 7 19 2 8 19 2 9 19 2 12 19 1 6 3 55 4 55 7 55 9 55 10 55 12 55 1 6 1 88 5 88 6 88 7 88 8 88 9 88 0 6 8 2 46 8 3 46 8 7 46 8 8 46 8 9 46 8 10 46 0 6 5 2 73 5 7 73 5 8 73 5 9 73 5 10 73 5 12 73 1 6 2 30 3 30 6 30 7 30 8 30 10 30 0 18 2 1 48 8 1 48 10 1 48 2 4 48 8 4 48 10 4 48 2 5 48 8 5 48 10 5 48 2 6 48 8 6 48 10 6 48 2 7 48 8 7 48 10 7 48 2 11 48 8 11 48 10 11 48 0 6 3 1 50 3 2 50 3 5 50 3 6 50 3 7 50 3 12 50 
25 0 6 5 1 37 5 2 37 5 3 37 5 4 37 5 8 37 5 10 37 0 6 3 3 75 3 6 75 3 7 75 3 8 75 3 9 75 3 12 75 0 6 10 2 36 10 5 36 10 6 36 10 7 36 10 8 36 10 11 36 0 12 2 1 71 7 1 71 2 3 71 7 3 71 2 5 71 7 5 71 2 6 71 7 6 71 2 8 71 7 8 71 2 9 71 7 9 71 0 6 6 2 66 6 4 66 6 6 66 6 8 66 6 9 66 6 11 66 0 12 6 4 39 10 4 39 6 6 39 10 6 39 6 7 39 10 7 39 6 9 39 10 9 39 6 11 39 10 11 39 6 12 39 10 12 39 0 6 10 1 17 10 2 17 10 3 17 10 9 17 10 10 17 10 11 17 0 18 6 3 30 8 3 30 9 3 30 6 6 30 8 6 30 9 6 30 6 7 30 8 7 30 9 7 30 6 9 30 8 9 30 9 9 30 6 10 30 8 10 30 9 10 30 6 12 30 8 12 30 9 12 30 0 12 5 1 42 6 1 42 5 4 42 6 4 42 5 5 42 6 5 42 5 8 42 6 8 42 5 10 42 6 10 42 5 12 42 6 12 42 0 6 10 1 94 10 4 94 10 8 94 10 9 94 10 10 94 10 11 94 0 12 3 1 59 4 1 59 3 4 59 4 4 59 3 8 59 4 8 59 3 10 59 4 10 59 3 11 59 4 11 59 3 12 59 4 12 59 0 6 8 1 36 8 3 36 8 4 36 8 7 36 8 10 36 8 11 36 0 6 2 3 68 2 4 68 2 5 68 2 6 68 2 7 68 2 9 68 0 6 1 1 21 1 2 21 1 4 21 1 6 21 1 11 21 1 12 21 0 12 1 1 25 4 1 25 1 5 25 4 5 25 1 6 25 4 6 25 1 7 25 4 7 25 1 8 25 4 8 25 1 11 25 4 11 25 0 6 2 1 65 2 3 65 2 4 65 2 6 65 2 8 65 2 9 65 0 6 6 1 58 6 2 58 6 5 58 6 6 58 6 7 58 6 11 58 0 6 7 1 65 7 3 65 7 5 65 7 8 65 7 10 65 7 11 65 0 6 1 2 36 1 3 36 1 4 36 1 6 36 1 7 36 1 11 36 0 12 1 1 45 4 1 45 1 2 45 4 2 45 1 6 45 4 6 45 1 8 45 4 8 45 1 9 45 4 9 45 1 10 45 4 10 45 0 6 1 1 82 1 2 82 1 3 82 1 5 82 1 6 82 1 7 82 0 6 10 3 42 10 5 42 10 6 42 10 7 42 10 10 42 10 11 42 0 6 7 1 82 7 3 82 7 4 82 7 6 82 7 9 82 7 11 82 1 6 1 51 2 51 5 51 8 51 9 51 10 51 0 6 6 1 75 6 3 75 6 4 75 6 5 75 6 7 75 6 11 75 
23 0 6 2 2 35 2 4 35 2 6 35 2 8 35 2 9 35 2 12 35 0 12 3 2 78 7 2 78 3 3 78 7 3 78 3 4 78 7 4 78 3 5 78 7 5 78 3 7 78 7 7 78 3 12 78 7 12 78 1 6 3 43 5 43 6 43 8 43 9 43 12 43 0 6 1 2 77 1 4 77 1 5 77 1 6 77 1 7 77 1 9 77 0 6 1 5 42 1 6 42 1 7 42 1 8 42 1 10 42 1 12 42 0 6 9 1 18 9 4 18 9 6 18 9 7 18 9 8 18 9 11 18 0 6 8 2 63 8 4 63 8 5 63 8 8 63 8 10 63 8 12 63 0 6 6 2 99 6 4 99 6 5 99 6 10 99 6 11 99 6 12 99 0 6 2 1 16 2 2 16 2 3 16 2 7 16 2 11 16 2 12 16 0 6 6 2 34 6 5 34 6 6 34 6 7 34 6 10 34 6 12 34 0 6 6 3 99 6 4 99 6 6 99 6 8 99 6 11 99 6 12 99 0 6 3 3 87 3 5 87 3 6 87 3 9 87 3 10 87 3 11 87 1 6 2 46 4 46 7 46 8 46 9 46 12 46 0 6 2 2 81 2 3 81 2 5 81 2 8 81 2 9 81 2 10 81 0 6 10 2 41 10 3 41 10 4 41 10 9 41 10 10 41 10 12 41 0 6 9 2 58 9 4 58 9 7 58 9 10 58 9 11 58 9 12 58 0 6 5 1 57 5 2 57 5 4 57 5 5 57 5 7 57 5 8 57 0 6 1 3 30 1 5 30 1 6 30 1 7 30 1 9 30 1 11 30 0 12 2 1 60 3 1 60 2 3 60 3 3 60 2 4 60 3 4 60 2 5 60 3 5 60 2 8 60 3 8 60 2 12 60 3 12 60 0 12 5 3 52 8 3 52 5 4 52 8 4 52 5 7 52 8 7 52 5 9 52 8 9 52 5 10 52 8 10 52 5 11 52 8 11 52 0 18 4 1 92 5 1 92 7 1 92 4 2 92 5 2 92 7 2 92 4 5 92 5 5 92 7 5 92 4 7 92 5 7 92 7 7 92 4 9 92 5 9 92 7 9 92 4 12 92 5 12 92 7 12 92 0 12 4 1 32 8 1 32 4 2 32 8 2 32 4 3 32 8 3 32 4 5 32 8 5 32 4 10 32 8 10 32 4 11 32 8 11 32 0 12 5 2 80 10 2 80 5 3 80 10 3 80 5 5 80 10 5 80 5 8 80 10 8 80 5 10 80 10 10 80 5 11 80 10 11 80 
19 0 6 2 3 42 2 4 42 2 5 42 2 8 42 2 11 42 2 12 42 0 6 9 4 33 9 5 33 9 7 33 9 10 33 9 11 33 9 12 33 0 6 3 3 40 3 5 40 3 6 40 3 9 40 3 10 40 3 12 40 0 6 4 4 80 4 5 80 4 6 80 4 9 80 4 10 80 4 11 80 0 6 7 3 72 7 6 72 7 8 72 7 9 72 7 10 72 7 11 72 0 24 3 2 64 7 2 64 9 2 64 10 2 64 3 4 64 7 4 64 9 4 64 10 4 64 3 5 64 7 5 64 9 5 64 10 5 64 3 7 64 7 7 64 9 7 64 10 7 64 3 9 64 7 9 64 9 9 64 10 9 64 3 10 64 7 10 64 9 10 64 10 10 64 0 6 1 1 77 1 3 77 1 7 77 1 8 77 1 9 77 1 11 77 0 6 7 1 23 7 2 23 7 3 23 7 6 23 7 8 23 7 11 23 0 6 7 1 50 7 4 50 7 7 50 7 8 50 7 10 50 7 12 50 0 6 2 3 13 2 4 13 2 5 13 2 6 13 2 10 13 2 11 13 0 12 6 3 38 10 3 38 6 4 38 10 4 38 6 7 38 10 7 38 6 8 38 10 8 38 6 9 38 10 9 38 6 10 38 10 10 38 0 18 2 1 21 7 1 21 9 1 21 2 2 21 7 2 21 9 2 21 2 5 21 7 5 21 9 5 21 2 6 21 7 6 21 9 6 21 2 7 21 7 7 21 9 7 21 2 8 21 7 8 21 9 8 21 0 12 1 1 77 8 1 77 1 2 77 8 2 77 1 6 77 8 6 77 1 8 77 8 8 77 1 9 77 8 9 77 1 12 77 8 12 77 0 6 3 1 95 3 4 95 3 5 95 3 6 95 3 7 95 3 12 95 0 12 4 1 60 9 1 60 4 4 60 9 4 60 4 5 60 9 5 60 4 7 60 9 7 60 4 9 60 9 9 60 4 12 60 9 12 60 0 6 4 1 94 4 5 94 4 6 94 4 8 94 4 9 94 4 12 94 0 6 3 3 53 3 4 53 3 6 53 3 8 53 3 9 53 3 12 53 1 6 6 82 7 82 8 82 10 82 11 82 12 82 0 6 4 1 60 4 6 60 4 7 60 4 8 60 4 11 60 4 12 60 
19 0 6 9 2 60 9 3 60 9 5 60 9 7 60 9 10 60 9 11 60 0 12 3 3 93 4 3 93 3 4 93 4 4 93 3 5 93 4 5 93 3 6 93 4 6 93 3 7 93 4 7 93 3 8 93 4 8 93 0 6 4 1 49 4 2 49 4 3 49 4 7 49 4 8 49 4 12 49 0 12 2 1 82 6 1 82 2 2 82 6 2 82 2 3 82 6 3 82 2 5 82 6 5 82 2 8 82 6 8 82 2 12 82 6 12 82 1 6 4 68 5 68 6 68 8 68 9 68 12 68 0 6 6 2 42 6 3 42 6 4 42 6 8 42 6 9 42 6 11 42 0 6 10 1 96 10 2 96 10 5 96 10 9 96 10 10 96 10 11 96 1 6 1 90 3 90 5 90 6 90 7 90 8 90 0 6 4 1 36 4 3 36 4 6 36 4 7 36 4 8 36 4 10 36 1 6 1 70 4 70 5 70 10 70 11 70 12 70 1 6 2 12 3 12 4 12 7 12 9 12 11 12 1 6 1 56 2 56 4 56 6 56 10 56 12 56 0 6 6 1 14 6 2 14 6 3 14 6 4 14 6 10 14 6 11 14 0 6 4 1 60 4 2 60 4 4 60 4 10 60 4 11 60 4 12 60 1 6 1 18 2 18 3 18 7 18 8 18 9 18 0 6 1 2 88 1 5 88 1 6 88 1 8 88 1 9 88 1 10 88 1 6 2 19 3 19 7 19 8 19 10 19 11 19 0 6 7 2 87 7 8 87 7 9 87 7 10 87 7 11 87 7 12 87 0 6 3 3 50 3 5 50 3 6 50 3 9 50 3 10 50 3 12 50 
21 0 6 8 2 50 8 4 50 8 8 50 8 10 50 8 11 50 8 12 50 0 12 6 2 63 10 2 63 6 3 63 10 3 63 6 4 63 10 4 63 6 5 63 10 5 63 6 7 63 10 7 63 6 9 63 10 9 63 0 12 3 3 16 5 3 16 3 5 16 5 5 16 3 6 16 5 6 16 3 8 16 5 8 16 3 11 16 5 11 16 3 12 16 5 12 16 0 6 4 1 65 4 5 65 4 7 65 4 8 65 4 9 65 4 12 65 0 6 9 1 71 9 2 71 9 3 71 9 7 71 9 9 71 9 11 71 0 6 1 1 44 1 2 44 1 5 44 1 6 44 1 7 44 1 12 44 0 12 2 3 46 4 3 46 2 4 46 4 4 46 2 5 46 4 5 46 2 9 46 4 9 46 2 10 46 4 10 46 2 12 46 4 12 46 1 6 3 35 4 35 7 35 8 35 10 35 12 35 0 6 5 1 11 5 3 11 5 5 11 5 6 11 5 8 11 5 9 11 0 6 6 2 83 6 4 83 6 7 83 6 8 83 6 9 83 6 12 83 0 6 9 1 12 9 3 12 9 5 12 9 7 12 9 8 12 9 12 12 0 6 9 2 98 9 4 98 9 5 98 9 9 98 9 10 98 9 12 98 0 6 1 2 25 1 4 25 1 5 25 1 6 25 1 8 25 1 10 25 0 6 7 2 84 7 4 84 7 7 84 7 9 84 7 11 84 7 12 84 0 24 2 1 36 4 1 36 5 1 36 6 1 36 2 2 36 4 2 36 5 2 36 6 2 36 2 3 36 4 3 36 5 3 36 6 3 36 2 5 36 4 5 36 5 5 36 6 5 36 2 9 36 4 9 36 5 9 36 6 9 36 2 10 36 4 10 36 5 10 36 6 10 36 0 6 8 1 41 8 4 41 8 5 41 8 7 41 8 9 41 8 12 41 0 6 2 1 44 2 3 44 2 4 44 2 8 44 2 10 44 2 12 44 0 6 7 1 51 7 6 51 7 8 51 7 9 51 7 10 51 7 12 51 0 6 9 1 58 9 2 58 9 6 58 9 7 58 9 10 58 9 12 58 0 6 4 1 56 4 3 56 4 5 56 4 7 56 4 8 56 4 9 56 0 6 10 2 27 10 7 27 10 9 27 10 10 27 10 11 27 10 12 27 
16 0 6 9 2 97 9 3 97 9 4 97 9 5 97 9 11 97 9 12 97 0 12 2 3 93 7 3 93 2 6 93 7 6 93 2 8 93 7 8 93 2 9 93 7 9 93 2 10 93 7 10 93 2 12 93 7 12 93 0 12 1 2 41 4 2 41 1 4 41 4 4 41 1 5 41 4 5 41 1 6 41 4 6 41 1 7 41 4 7 41 1 8 41 4 8 41 1 6 3 59 4 59 6 59 7 59 8 59 11 59 0 6 3 1 83 3 2 83 3 5 83 3 8 83 3 10 83 3 12 83 1 6 2 99 7 99 8 99 10 99 11 99 12 99 0 6 6 1 90 6 2 90 6 6 90 6 7 90 6 9 90 6 12 90 0 6 1 4 90 1 5 90 1 8 90 1 10 90 1 11 90 1 12 90 1 6 1 58 3 58 5 58 9 58 10 58 11 58 0 6 5 3 15 5 4 15 5 6 15 5 7 15 5 9 15 5 12 15 0 6 1 1 95 1 2 95 1 4 95 1 6 95 1 9 95 1 11 95 0 6 8 2 65 8 4 65 8 5 65 8 6 65 8 7 65 8 8 65 0 6 8 1 73 8 3 73 8 5 73 8 9 73 8 10 73 8 11 73 0 6 6 1 96 6 4 96 6 5 96 6 6 96 6 9 96 6 11 96 0 6 5 1 42 5 4 42 5 5 42 5 8 42 5 10 42 5 12 42 0 18 4 1 53 8 1 53 9 1 53 4 3 53 8 3 53 9 3 53 4 9 53 8 9 53 9 9 53 4 10 53 8 10 53 9 10 53 4 11 53 8 11 53 9 11 53 4 12 53 8 12 53 9 12 53 
16 1 6 1 61 2 61 3 61 4 61 6 61 12 61 0 18 3 3 24 8 3 24 9 3 24 3 7 24 8 7 24 9 7 24 3 8 24 8 8 24 9 8 24 3 10 24 8 10 24 9 10 24 3 11 24 8 11 24 9 11 24 3 12 24 8 12 24 9 12 24 0 6 5 1 90 5 3 90 5 5 90 5 8 90 5 10 90 5 11 90 0 6 5 3 11 5 5 11 5 7 11 5 8 11 5 9 11 5 11 11 1 6 1 12 4 12 5 12 7 12 8 12 10 12 0 6 1 1 68 1 2 68 1 4 68 1 5 68 1 8 68 1 12 68 0 6 6 1 61 6 4 61 6 5 61 6 6 61 6 8 61 6 10 61 0 6 2 2 40 2 5 40 2 7 40 2 8 40 2 10 40 2 11 40 0 6 9 3 70 9 6 70 9 7 70 9 9 70 9 10 70 9 12 70 0 6 2 1 76 2 4 76 2 7 76 2 8 76 2 10 76 2 12 76 0 6 8 2 48 8 3 48 8 6 48 8 7 48 8 8 48 8 9 48 0 6 10 3 19 10 4 19 10 6 19 10 7 19 10 9 19 10 11 19 0 6 4 3 49 4 4 49 4 6 49 4 7 49 4 8 49 4 12 49 0 6 3 2 76 3 5 76 3 6 76 3 8 76 3 9 76 3 12 76 1 6 1 24 2 24 3 24 5 24 6 24 12 24 1 6 1 35 2 35 3 35 5 35 6 35 9 35 
25 0 6 10 1 10 10 3 10 10 5 10 10 7 10 10 9 10 10 11 10 1 6 1 46 3 46 5 46 7 46 8 46 12 46 0 12 4 6 18 8 6 18 4 7 18 8 7 18 4 8 18 8 8 18 4 9 18 8 9 18 4 10 18 8 10 18 4 12 18 8 12 18 0 18 1 1 72 6 1 72 7 1 72 1 2 72 6 2 72 7 2 72 1 3 72 6 3 72 7 3 72 1 5 72 6 5 72 7 5 72 1 7 72 6 7 72 7 7 72 1 11 72 6 11 72 7 11 72 0 24 1 5 32 4 5 32 7 5 32 9 5 32 1 8 32 4 8 32 7 8 32 9 8 32 1 9 32 4 9 32 7 9 32 9 9 32 1 10 32 4 10 32 7 10 32 9 10 32 1 11 32 4 11 32 7 11 32 9 11 32 1 12 32 4 12 32 7 12 32 9 12 32 0 6 10 2 92 10 6 92 10 8 92 10 9 92 10 10 92 10 11 92 0 6 1 3 14 1 5 14 1 6 14 1 9 14 1 11 14 1 12 14 0 6 7 1 53 7 2 53 7 3 53 7 7 53 7 11 53 7 12 53 0 6 8 2 49 8 4 49 8 5 49 8 6 49 8 7 49 8 10 49 1 6 2 83 4 83 6 83 8 83 10 83 11 83 0 12 2 2 81 9 2 81 2 5 81 9 5 81 2 8 81 9 8 81 2 10 81 9 10 81 2 11 81 9 11 81 2 12 81 9 12 81 0 6 3 3 76 3 7 76 3 9 76 3 10 76 3 11 76 3 12 76 0 6 8 1 88 8 4 88 8 5 88 8 7 88 8 8 88 8 12 88 0 6 4 3 34 4 4 34 4 5 34 4 7 34 4 8 34 4 10 34 1 6 2 54 3 54 4 54 5 54 11 54 12 54 1 6 3 22 5 22 6 22 10 22 11 22 12 22 0 6 4 1 47 4 5 47 4 6 47 4 9 47 4 10 47 4 12 47 0 12 1 2 31 4 2 31 1 3 31 4 3 31 1 4 31 4 4 31 1 9 31 4 9 31 1 10 31 4 10 31 1 11 31 4 11 31 0 6 2 2 43 2 4 43 2 5 43 2 7 43 2 10 43 2 11 43 0 6 10 1 29 10 2 29 10 3 29 10 7 29 10 11 29 10 12 29 0 6 8 3 59 8 5 59 8 6 59 8 8 59 8 10 59 8 11 59 0 6 9 2 26 9 3 26 9 6 26 9 7 26 9 9 26 9 12 26 0 6 1 3 57 1 5 57 1 7 57 1 8 57 1 9 57 1 11 57 0 6 6 2 11 6 3 11 6 4 11 6 6 11 6 7 11 6 12 11 0 6 8 4 90 8 5 90 8 6 90 8 7 90 8 9 90 8 11 90 
17 1 6 1 55 2 55 6 55 9 55 10 55 11 55 0 6 1 3 71 1 5 71 1 7 71 1 8 71 1 9 71 1 10 71 0 18 1 3 64 3 3 64 5 3 64 1 5 64 3 5 64 5 5 64 1 6 64 3 6 64 5 6 64 1 9 64 3 9 64 5 9 64 1 10 64 3 10 64 5 10 64 1 11 64 3 11 64 5 11 64 1 6 1 36 2 36 3 36 7 36 8 36 9 36 0 6 8 4 26 8 5 26 8 8 26 8 9 26 8 10 26 8 11 26 0 6 4 1 34 4 2 34 4 5 34 4 6 34 4 8 34 4 12 34 0 6 10 2 68 10 3 68 10 7 68 10 9 68 10 10 68 10 11 68 0 6 8 1 55 8 2 55 8 7 55 8 8 55 8 9 55 8 10 55 0 6 3 1 41 3 3 41 3 7 41 3 9 41 3 10 41 3 12 41 0 6 5 1 36 5 4 36 5 8 36 5 10 36 5 11 36 5 12 36 0 12 4 2 64 8 2 64 4 3 64 8 3 64 4 9 64 8 9 64 4 10 64 8 10 64 4 11 64 8 11 64 4 12 64 8 12 64 0 6 6 1 91 6 2 91 6 4 91 6 8 91 6 11 91 6 12 91 0 6 8 5 16 8 6 16 8 7 16 8 9 16 8 10 16 8 12 16 0 12 6 2 29 7 2 29 6 3 29 7 3 29 6 5 29 7 5 29 6 7 29 7 7 29 6 8 29 7 8 29 6 10 29 7 10 29 0 6 3 1 87 3 4 87 3 6 87 3 10 87 3 11 87 3 12 87 0 6 10 2 76 10 3 76 10 4 76 10 6 76 10 10 76 10 12 76 1 6 1 69 2 69 6 69 8 69 9 69 11 69 
21 0 6 5 1 72 5 2 72 5 3 72 5 4 72 5 8 72 5 12 72 1 6 4 66 5 66 6 66 8 66 9 66 11 66 0 6 8 2 33 8 4 33 8 6 33 8 9 33 8 10 33 8 12 33 0 6 8 2 21 8 3 21 8 6 21 8 7 21 8 9 21 8 12 21 0 12 2 4 81 3 4 81 2 5 81 3 5 81 2 7 81 3 7 81 2 8 81 3 8 81 2 9 81 3 9 81 2 10 81 3 10 81 0 6 3 1 22 3 2 22 3 6 22 3 7 22 3 8 22 3 9 22 0 12 1 1 60 6 1 60 1 3 60 6 3 60 1 5 60 6 5 60 1 9 60 6 9 60 1 11 60 6 11 60 1 12 60 6 12 60 1 6 1 85 3 85 6 85 8 85 9 85 11 85 0 6 1 1 37 1 4 37 1 5 37 1 8 37 1 10 37 1 12 37 0 6 8 3 70 8 4 70 8 9 70 8 10 70 8 11 70 8 12 70 0 6 6 5 58 6 6 58 6 8 58 6 10 58 6 11 58 6 12 58 0 6 9 2 49 9 3 49 9 4 49 9 5 49 9 6 49 9 7 49 0 12 1 1 59 6 1 59 1 3 59 6 3 59 1 5 59 6 5 59 1 9 59 6 9 59 1 10 59 6 10 59 1 11 59 6 11 59 0 12 2 3 54 8 3 54 2 7 54 8 7 54 2 8 54 8 8 54 2 10 54 8 10 54 2 11 54 8 11 54 2 12 54 8 12 54 0 6 9 1 39 9 2 39 9 3 39 9 8 39 9 10 39 9 11 39 0 6 7 4 78 7 5 78 7 6 78 7 8 78 7 9 78 7 10 78 0 6 2 1 95 2 3 95 2 5 95 2 6 95 2 10 95 2 11 95 0 6 1 3 21 1 4 21 1 7 21 1 9 21 1 10 21 1 11 21 1 6 1 36 2 36 5 36 7 36 10 36 11 36 0 12 3 2 66 6 2 66 3 3 66 6 3 66 3 6 66 6 6 66 3 9 66 6 9 66 3 10 66 6 10 66 3 11 66 6 11 66 0 6 8 2 84 8 3 84 8 7 84 8 8 84 8 11 84 8 12 84 
17 0 12 4 1 11 8 1 11 4 3 11 8 3 11 4 5 11 8 5 11 4 7 11 8 7 11 4 10 11 8 10 11 4 12 11 8 12 11 0 18 5 4 37 8 4 37 10 4 37 5 6 37 8 6 37 10 6 37 5 7 37 8 7 37 10 7 37 5 8 37 8 8 37 10 8 37 5 9 37 8 9 37 10 9 37 5 11 37 8 11 37 10 11 37 1 6 1 11 3 11 4 11 6 11 8 11 9 11 0 6 3 1 81 3 4 81 3 5 81 3 7 81 3 9 81 3 10 81 0 12 1 1 46 7 1 46 1 2 46 7 2 46 1 3 46 7 3 46 1 6 46 7 6 46 1 10 46 7 10 46 1 12 46 7 12 46 0 12 6 1 76 8 1 76 6 3 76 8 3 76 6 7 76 8 7 76 6 8 76 8 8 76 6 10 76 8 10 76 6 12 76 8 12 76 1 6 4 20 7 20 9 20 10 20 11 20 12 20 0 6 3 1 96 3 2 96 3 7 96 3 10 96 3 11 96 3 12 96 0 18 3 2 73 4 2 73 8 2 73 3 3 73 4 3 73 8 3 73 3 4 73 4 4 73 8 4 73 3 5 73 4 5 73 8 5 73 3 8 73 4 8 73 8 8 73 3 10 73 4 10 73 8 10 73 0 6 4 1 43 4 4 43 4 5 43 4 6 43 4 10 43 4 12 43 0 6 6 3 84 6 4 84 6 5 84 6 8 84 6 9 84 6 12 84 0 12 5 2 75 6 2 75 5 3 75 6 3 75 5 4 75 6 4 75 5 5 75 6 5 75 5 7 75 6 7 75 5 9 75 6 9 75 0 6 8 1 97 8 3 97 8 4 97 8 8 97 8 11 97 8 12 97 0 12 1 1 37 6 1 37 1 2 37 6 2 37 1 8 37 6 8 37 1 9 37 6 9 37 1 10 37 6 10 37 1 11 37 6 11 37 0 6 2 1 47 2 3 47 2 5 47 2 6 47 2 9 47 2 11 47 0 6 3 1 98 3 3 98 3 4 98 3 9 98 3 10 98 3 11 98 0 6 8 1 89 8 2 89 8 4 89 8 8 89 8 10 89 8 11 89 
23 0 6 7 1 69 7 5 69 7 6 69 7 9 69 7 11 69 7 12 69 1 6 1 87 4 87 6 87 8 87 11 87 12 87 0 6 7 2 77 7 5 77 7 6 77 7 10 77 7 11 77 7 12 77 0 6 9 1 18 9 3 18 9 9 18 9 10 18 9 11 18 9 12 18 0 6 1 2 18 1 4 18 1 5 18 1 6 18 1 9 18 1 12 18 0 6 8 4 15 8 6 15 8 7 15 8 8 15 8 9 15 8 10 15 1 6 3 44 4 44 5 44 6 44 9 44 11 44 0 6 2 1 70 2 2 70 2 5 70 2 9 70 2 10 70 2 12 70 0 6 2 2 20 2 4 20 2 5 20 2 8 20 2 9 20 2 12 20 0 12 8 2 70 10 2 70 8 4 70 10 4 70 8 7 70 10 7 70 8 8 70 10 8 70 8 10 70 10 10 70 8 12 70 10 12 70 0 18 4 1 19 6 1 19 10 1 19 4 4 19 6 4 19 10 4 19 4 9 19 6 9 19 10 9 19 4 10 19 6 10 19 10 10 19 4 11 19 6 11 19 10 11 19 4 12 19 6 12 19 10 12 19 0 12 2 3 24 9 3 24 2 5 24 9 5 24 2 6 24 9 6 24 2 7 24 9 7 24 2 8 24 9 8 24 2 11 24 9 11 24 0 12 2 1 44 6 1 44 2 3 44 6 3 44 2 6 44 6 6 44 2 7 44 6 7 44 2 9 44 6 9 44 2 10 44 6 10 44 0 6 4 3 21 4 6 21 4 9 21 4 10 21 4 11 21 4 12 21 1 6 2 69 5 69 6 69 7 69 9 69 11 69 0 6 2 1 19 2 4 19 2 7 19 2 8 19 2 10 19 2 12 19 1 6 1 84 3 84 5 84 9 84 10 84 12 84 0 6 6 5 47 6 7 47 6 8 47 6 9 47 6 10 47 6 12 47 0 12 2 1 86 7 1 86 2 4 86 7 4 86 2 7 86 7 7 86 2 8 86 7 8 86 2 9 86 7 9 86 2 12 86 7 12 86 0 6 5 1 31 5 2 31 5 4 31 5 8 31 5 9 31 5 11 31 0 6 3 1 42 3 2 42 3 3 42 3 8 42 3 10 42 3 12 42 1 6 2 11 3 11 4 11 5 11 8 11 11 11 0 12 1 1 23 10 1 23 1 2 23 10 2 23 1 6 23 10 6 23 1 7 23 10 7 23 1 10 23 10 10 23 1 12 23 10 12 23 
16 0 12 3 1 48 4 1 48 3 2 48 4 2 48 3 5 48 4 5 48 3 7 48 4 7 48 3 11 48 4 11 48 3 12 48 4 12 48 0 6 1 1 15 1 2 15 1 5 15 1 6 15 1 8 15 1 11 15 0 6 6 1 97 6 3 97 6 5 97 6 8 97 6 10 97 6 11 97 0 6 2 3 23 2 5 23 2 8 23 2 10 23 2 11 23 2 12 23 0 12 3 4 29 7 4 29 3 6 29 7 6 29 3 8 29 7 8 29 3 9 29 7 9 29 3 10 29 7 10 29 3 12 29 7 12 29 0 6 1 2 96 1 4 96 1 5 96 1 7 96 1 8 96 1 11 96 0 6 8 1 66 8 2 66 8 6 66 8 8 66 8 9 66 8 10 66 0 6 1 1 41 1 3 41 1 4 41 1 6 41 1 7 41 1 12 41 0 12 4 2 43 6 2 43 4 3 43 6 3 43 4 5 43 6 5 43 4 6 43 6 6 43 4 7 43 6 7 43 4 9 43 6 9 43 0 6 6 3 58 6 4 58 6 5 58 6 6 58 6 7 58 6 11 58 0 6 9 1 93 9 4 93 9 5 93 9 6 93 9 9 93 9 11 93 0 6 7 2 78 7 4 78 7 5 78 7 8 78 7 9 78 7 10 78 1 6 3 74 4 74 7 74 8 74 9 74 12 74 0 12 3 2 57 7 2 57 3 3 57 7 3 57 3 4 57 7 4 57 3 7 57 7 7 57 3 9 57 7 9 57 3 10 57 7 10 57 0 6 1 1 68 1 2 68 1 4 68 1 7 68 1 10 68 1 11 68 0 6 9 3 85 9 5 85 9 7 85 9 8 85 9 9 85 9 10 85 
