20 10 12
10 0 12 4 3 5 7 3 18 4 5 5 7 5 18 4 6 5 7 6 18 4 7 5 7 7 18 4 11 5 7 11 18 4 12 5 7 12 18 0 12 5 1 7 7 1 7 5 3 7 7 3 7 5 7 7 7 7 7 5 8 7 7 8 7 5 10 7 7 10 7 5 11 7 7 11 7 0 6 3 1 19 3 2 19 3 4 19 3 9 19 3 10 19 3 11 19 0 6 7 1 14 7 2 14 7 5 14 7 8 14 7 10 14 7 11 14 0 12 4 1 5 10 1 12 4 2 5 10 2 12 4 3 5 10 3 12 4 9 5 10 9 12 4 10 5 10 10 12 4 12 5 10 12 12 0 6 1 2 10 1 4 10 1 6 10 1 7 10 1 8 10 1 11 10 0 6 10 1 18 10 4 18 10 5 18 10 9 18 10 10 18 10 11 18 0 12 7 1 10 8 1 19 7 2 10 8 2 19 7 4 10 8 4 19 7 6 10 8 6 19 7 7 10 8 7 19 7 9 10 8 9 19 0 12 3 2 11 8 2 9 3 3 11 8 3 9 3 4 11 8 4 9 3 5 11 8 5 9 3 6 11 8 6 9 3 11 11 8 11 9 1 6 1 12 3 12 9 12 10 12 11 12 12 12 
12 0 6 2 2 5 2 4 5 2 5 5 2 6 5 2 7 5 2 9 5 0 12 4 1 5 7 1 18 4 3 5 7 3 18 4 6 5 7 6 18 4 7 5 7 7 18 4 8 5 7 8 18 4 12 5 7 12 18 1 6 3 12 5 12 6 12 7 12 8 12 11 12 1 6 1 10 2 10 3 10 4 10 5 10 10 10 0 6 10 2 19 10 4 19 10 5 19 10 9 19 10 10 19 10 11 19 0 12 3 2 15 4 2 19 3 3 15 4 3 19 3 4 15 4 4 19 3 7 15 4 7 19 3 8 15 4 8 19 3 9 15 4 9 19 0 6 7 2 14 7 3 14 7 4 14 7 5 14 7 6 14 7 10 14 0 6 5 1 9 5 2 9 5 3 9 5 4 9 5 6 9 5 7 9 0 12 5 2 14 9 2 5 5 3 14 9 3 5 5 4 14 9 4 5 5 5 14 9 5 5 5 6 14 9 6 5 5 7 14 9 7 5 0 6 1 3 19 1 4 19 1 6 19 1 7 19 1 10 19 1 12 19 0 12 7 3 10 8 3 19 7 4 10 8 4 19 7 7 10 8 7 19 7 8 10 8 8 19 7 9 10 8 9 19 7 12 10 8 12 19 0 6 1 2 16 1 5 16 1 6 16 1 7 16 1 10 16 1 12 16 
14 0 12 5 1 14 9 1 5 5 2 14 9 2 5 5 3 14 9 3 5 5 4 14 9 4 5 5 10 14 9 10 5 5 11 14 9 11 5 0 6 1 3 19 1 4 19 1 5 19 1 8 19 1 10 19 1 11 19 1 6 4 10 5 10 7 10 8 10 10 10 12 10 0 6 3 4 19 3 6 19 3 7 19 3 10 19 3 11 19 3 12 19 0 12 4 2 5 7 2 18 4 4 5 7 4 18 4 6 5 7 6 18 4 7 5 7 7 18 4 9 5 7 9 18 4 10 5 7 10 18 0 12 4 3 5 10 3 12 4 4 5 10 4 12 4 7 5 10 7 12 4 10 5 10 10 12 4 11 5 10 11 12 4 12 5 10 12 12 0 12 3 6 5 8 6 12 3 7 5 8 7 12 3 9 5 8 9 12 3 10 5 8 10 12 3 11 5 8 11 12 3 12 5 8 12 12 0 6 10 1 10 10 5 10 10 7 10 10 8 10 10 9 10 10 10 10 0 6 5 2 9 5 4 9 5 7 9 5 9 9 5 11 9 5 12 9 1 6 2 7 5 7 7 7 8 7 9 7 11 7 0 12 7 3 10 8 3 19 7 4 10 8 4 19 7 6 10 8 6 19 7 7 10 8 7 19 7 9 10 8 9 19 7 10 10 8 10 19 0 6 1 2 10 1 3 10 1 6 10 1 8 10 1 9 10 1 11 10 0 6 10 6 19 10 7 19 10 8 19 10 9 19 10 10 19 10 11 19 0 6 10 2 18 10 6 18 10 7 18 10 9 18 10 10 18 10 11 18 
10 0 6 10 3 10 10 5 10 10 7 10 10 9 10 10 10 10 10 12 10 0 12 5 5 7 7 5 7 5 6 7 7 6 7 5 7 7 7 7 7 5 8 7 7 8 7 5 9 7 7 9 7 5 10 7 7 10 7 0 6 7 2 14 7 3 14 7 4 14 7 7 14 7 8 14 7 10 14 0 6 1 1 10 1 2 10 1 3 10 1 7 10 1 9 10 1 10 10 0 6 10 2 18 10 4 18 10 6 18 10 8 18 10 10 18 10 11 18 0 12 3 2 15 7 2 13 3 3 15 7 3 13 3 5 15 7 5 13 3 8 15 7 8 13 3 9 15 7 9 13 3 10 15 7 10 13 0 12 5 1 7 10 1 14 5 5 7 10 5 14 5 7 7 10 7 14 5 8 7 10 8 14 5 10 7 10 10 14 5 11 7 10 11 14 0 12 3 1 11 8 1 9 3 2 11 8 2 9 3 4 11 8 4 9 3 6 11 8 6 9 3 8 11 8 8 9 3 12 11 8 12 9 0 6 9 1 11 9 3 11 9 5 11 9 7 11 9 8 11 9 11 11 0 6 5 3 9 5 4 9 5 5 9 5 6 9 5 9 9 5 12 9 
12 0 6 5 3 9 5 5 9 5 7 9 5 10 9 5 11 9 5 12 9 0 12 5 2 14 9 2 5 5 3 14 9 3 5 5 4 14 9 4 5 5 5 14 9 5 5 5 6 14 9 6 5 5 11 14 9 11 5 0 12 4 3 5 7 3 18 4 5 5 7 5 18 4 7 5 7 7 18 4 8 5 7 8 18 4 11 5 7 11 18 4 12 5 7 12 18 0 12 3 1 11 8 1 9 3 3 11 8 3 9 3 4 11 8 4 9 3 7 11 8 7 9 3 8 11 8 8 9 3 12 11 8 12 9 0 6 1 2 10 1 3 10 1 7 10 1 10 10 1 11 10 1 12 10 0 6 9 2 11 9 3 11 9 5 11 9 6 11 9 10 11 9 12 11 0 6 1 1 7 1 2 7 1 8 7 1 10 7 1 11 7 1 12 7 1 6 1 14 3 14 4 14 9 14 11 14 12 14 0 12 4 3 5 10 3 12 4 4 5 10 4 12 4 5 5 10 5 12 4 6 5 10 6 12 4 8 5 10 8 12 4 9 5 10 9 12 0 12 3 1 15 4 1 19 3 2 15 4 2 19 3 4 15 4 4 19 3 6 15 4 6 19 3 7 15 4 7 19 3 11 15 4 11 19 0 6 8 1 18 8 2 18 8 3 18 8 4 18 8 5 18 8 7 18 0 6 10 3 19 10 5 19 10 6 19 10 7 19 10 8 19 10 9 19 
10 0 12 3 5 15 7 5 13 3 7 15 7 7 13 3 8 15 7 8 13 3 9 15 7 9 13 3 10 15 7 10 13 3 11 15 7 11 13 0 6 3 3 19 3 4 19 3 5 19 3 6 19 3 7 19 3 12 19 0 6 5 2 9 5 3 9 5 4 9 5 8 9 5 9 9 5 12 9 0 6 10 3 19 10 8 19 10 9 19 10 10 19 10 11 19 10 12 19 0 12 3 2 5 8 2 12 3 3 5 8 3 12 3 7 5 8 7 12 3 8 5 8 8 12 3 10 5 8 10 12 3 11 5 8 11 12 0 12 4 1 5 7 1 18 4 3 5 7 3 18 4 4 5 7 4 18 4 5 5 7 5 18 4 9 5 7 9 18 4 11 5 7 11 18 0 12 8 2 14 10 2 9 8 4 14 10 4 9 8 5 14 10 5 9 8 9 14 10 9 9 8 10 14 10 10 9 8 12 14 10 12 9 0 12 4 5 5 10 5 12 4 7 5 10 7 12 4 9 5 10 9 12 4 10 5 10 10 12 4 11 5 10 11 12 4 12 5 10 12 12 0 6 10 1 18 10 3 18 10 4 18 10 5 18 10 9 18 10 11 18 0 6 1 1 7 1 3 7 1 6 7 1 9 7 1 10 7 1 12 7 
12 0 6 1 3 10 1 4 10 1 7 10 1 8 10 1 10 10 1 11 10 0 6 10 2 18 10 3 18 10 4 18 10 5 18 10 6 18 10 11 18 0 6 1 1 7 1 2 7 1 6 7 1 7 7 1 10 7 1 11 7 0 6 5 1 9 5 2 9 5 5 9 5 8 9 5 11 9 5 12 9 0 12 8 1 14 10 1 9 8 5 14 10 5 9 8 7 14 10 7 9 8 8 14 10 8 9 8 10 14 10 10 9 8 11 14 10 11 9 0 12 7 1 10 8 1 19 7 3 10 8 3 19 7 5 10 8 5 19 7 6 10 8 6 19 7 9 10 8 9 19 7 12 10 8 12 19 0 12 3 1 15 4 1 19 3 2 15 4 2 19 3 6 15 4 6 19 3 7 15 4 7 19 3 9 15 4 9 19 3 12 15 4 12 19 0 12 5 2 7 10 2 14 5 3 7 10 3 14 5 5 7 10 5 14 5 6 7 10 6 14 5 11 7 10 11 14 5 12 7 10 12 14 0 6 8 1 18 8 3 18 8 5 18 8 7 18 8 9 18 8 10 18 0 6 10 2 19 10 3 19 10 5 19 10 10 19 10 11 19 10 12 19 1 6 2 19 4 19 5 19 6 19 9 19 11 19 0 6 1 1 10 1 4 10 1 5 10 1 7 10 1 9 10 1 10 10 
11 0 6 1 1 10 1 2 10 1 5 10 1 7 10 1 8 10 1 10 10 0 6 7 3 14 7 5 14 7 7 14 7 8 14 7 9 14 7 10 14 0 6 1 2 10 1 4 10 1 6 10 1 8 10 1 9 10 1 10 10 0 12 3 1 15 4 1 19 3 4 15 4 4 19 3 6 15 4 6 19 3 8 15 4 8 19 3 10 15 4 10 19 3 11 15 4 11 19 0 12 5 1 14 9 1 5 5 2 14 9 2 5 5 5 14 9 5 5 5 6 14 9 6 5 5 9 14 9 9 5 5 12 14 9 12 5 0 12 4 3 5 7 3 18 4 6 5 7 6 18 4 7 5 7 7 18 4 8 5 7 8 18 4 9 5 7 9 18 4 10 5 7 10 18 0 6 3 1 19 3 2 19 3 4 19 3 5 19 3 7 19 3 9 19 0 6 1 3 19 1 5 19 1 7 19 1 10 19 1 11 19 1 12 19 0 12 4 1 5 10 1 12 4 2 5 10 2 12 4 7 5 10 7 12 4 8 5 10 8 12 4 9 5 10 9 12 4 11 5 10 11 12 1 6 1 9 5 9 7 9 8 9 9 9 11 9 0 6 10 3 19 10 5 19 10 6 19 10 9 19 10 10 19 10 11 19 
14 0 12 7 1 10 8 1 19 7 2 10 8 2 19 7 3 10 8 3 19 7 5 10 8 5 19 7 11 10 8 11 19 7 12 10 8 12 19 0 12 8 1 14 10 1 9 8 2 14 10 2 9 8 7 14 10 7 9 8 8 14 10 8 9 8 10 14 10 10 9 8 12 14 10 12 9 0 6 1 1 19 1 2 19 1 3 19 1 4 19 1 5 19 1 11 19 0 6 10 4 19 10 5 19 10 6 19 10 8 19 10 10 19 10 12 19 0 12 5 2 7 10 2 14 5 3 7 10 3 14 5 4 7 10 4 14 5 5 7 10 5 14 5 11 7 10 11 14 5 12 7 10 12 14 0 6 2 1 5 2 3 5 2 4 5 2 6 5 2 7 5 2 11 5 0 12 4 2 5 10 2 12 4 4 5 10 4 12 4 6 5 10 6 12 4 8 5 10 8 12 4 11 5 10 11 12 4 12 5 10 12 12 0 12 5 1 7 7 1 7 5 3 7 7 3 7 5 5 7 7 5 7 5 8 7 7 8 7 5 9 7 7 9 7 5 12 7 7 12 7 1 6 3 16 4 16 6 16 10 16 11 16 12 16 0 6 1 2 7 1 3 7 1 4 7 1 7 7 1 9 7 1 10 7 0 6 9 4 11 9 5 11 9 6 11 9 8 11 9 9 11 9 11 11 0 6 3 4 19 3 6 19 3 8 19 3 9 19 3 10 19 3 12 19 0 6 1 2 10 1 5 10 1 6 10 1 7 10 1 10 10 1 11 10 1 6 2 18 6 18 7 18 8 18 10 18 11 18 
11 0 6 10 3 19 10 6 19 10 7 19 10 8 19 10 9 19 10 11 19 0 12 5 1 7 10 1 14 5 2 7 10 2 14 5 4 7 10 4 14 5 5 7 10 5 14 5 6 7 10 6 14 5 9 7 10 9 14 0 6 8 4 18 8 6 18 8 7 18 8 8 18 8 10 18 8 11 18 0 12 3 2 11 8 2 9 3 5 11 8 5 9 3 7 11 8 7 9 3 8 11 8 8 9 3 10 11 8 10 9 3 11 11 8 11 9 0 6 1 1 7 1 3 7 1 4 7 1 9 7 1 10 7 1 11 7 0 6 1 3 10 1 5 10 1 6 10 1 7 10 1 10 10 1 11 10 0 12 5 1 14 9 1 5 5 6 14 9 6 5 5 7 14 9 7 5 5 8 14 9 8 5 5 9 14 9 9 5 5 12 14 9 12 5 1 6 2 19 4 19 6 19 7 19 11 19 12 19 0 6 10 1 18 10 2 18 10 3 18 10 4 18 10 7 18 10 8 18 0 6 3 1 19 3 4 19 3 5 19 3 7 19 3 9 19 3 10 19 0 6 1 2 19 1 4 19 1 5 19 1 7 19 1 8 19 1 11 19 
11 0 12 5 1 14 9 1 5 5 3 14 9 3 5 5 6 14 9 6 5 5 7 14 9 7 5 5 9 14 9 9 5 5 11 14 9 11 5 0 6 1 2 10 1 5 10 1 6 10 1 9 10 1 10 10 1 11 10 1 6 1 18 5 18 8 18 9 18 10 18 11 18 0 12 3 2 15 4 2 19 3 4 15 4 4 19 3 6 15 4 6 19 3 7 15 4 7 19 3 10 15 4 10 19 3 12 15 4 12 19 0 12 7 3 10 8 3 19 7 4 10 8 4 19 7 6 10 8 6 19 7 7 10 8 7 19 7 9 10 8 9 19 7 10 10 8 10 19 0 12 3 1 5 8 1 12 3 4 5 8 4 12 3 5 5 8 5 12 3 7 5 8 7 12 3 9 5 8 9 12 3 10 5 8 10 12 0 12 3 4 11 8 4 9 3 6 11 8 6 9 3 7 11 8 7 9 3 8 11 8 8 9 3 10 11 8 10 9 3 11 11 8 11 9 0 12 8 1 14 10 1 9 8 5 14 10 5 9 8 8 14 10 8 9 8 9 14 10 9 9 8 10 14 10 10 9 8 11 14 10 11 9 0 6 10 1 10 10 2 10 10 3 10 10 6 10 10 7 10 10 8 10 0 6 9 3 11 9 4 11 9 5 11 9 6 11 9 8 11 9 9 11 0 6 3 2 19 3 4 19 3 5 19 3 7 19 3 8 19 3 11 19 
10 0 6 10 2 19 10 4 19 10 8 19 10 10 19 10 11 19 10 12 19 0 12 3 3 11 8 3 9 3 4 11 8 4 9 3 5 11 8 5 9 3 6 11 8 6 9 3 7 11 8 7 9 3 9 11 8 9 9 0 12 5 4 7 7 4 7 5 5 7 7 5 7 5 7 7 7 7 7 5 8 7 7 8 7 5 10 7 7 10 7 5 11 7 7 11 7 0 6 1 4 16 1 5 16 1 6 16 1 7 16 1 10 16 1 11 16 0 6 7 3 14 7 4 14 7 7 14 7 8 14 7 10 14 7 12 14 0 12 4 1 5 7 1 18 4 4 5 7 4 18 4 5 5 7 5 18 4 6 5 7 6 18 4 11 5 7 11 18 4 12 5 7 12 18 0 12 4 1 5 10 1 12 4 3 5 10 3 12 4 4 5 10 4 12 4 8 5 10 8 12 4 9 5 10 9 12 4 12 5 10 12 12 0 6 1 4 10 1 5 10 1 6 10 1 8 10 1 10 10 1 11 10 0 6 8 1 18 8 2 18 8 5 18 8 7 18 8 8 18 8 9 18 1 6 1 5 2 5 7 5 8 5 9 5 11 5 
11 0 12 5 2 7 10 2 14 5 3 7 10 3 14 5 7 7 10 7 14 5 8 7 10 8 14 5 10 7 10 10 14 5 11 7 10 11 14 0 6 10 1 19 10 3 19 10 6 19 10 9 19 10 10 19 10 12 19 0 12 7 4 10 8 4 19 7 6 10 8 6 19 7 7 10 8 7 19 7 8 10 8 8 19 7 9 10 8 9 19 7 11 10 8 11 19 0 12 3 2 15 4 2 19 3 4 15 4 4 19 3 7 15 4 7 19 3 8 15 4 8 19 3 9 15 4 9 19 3 12 15 4 12 19 1 6 3 19 6 19 7 19 9 19 10 19 11 19 1 6 2 18 4 18 6 18 8 18 9 18 12 18 0 12 8 3 14 10 3 9 8 5 14 10 5 9 8 6 14 10 6 9 8 7 14 10 7 9 8 8 14 10 8 9 8 11 14 10 11 9 0 12 3 1 11 8 1 9 3 3 11 8 3 9 3 5 11 8 5 9 3 7 11 8 7 9 3 10 11 8 10 9 3 11 11 8 11 9 1 6 4 18 5 18 6 18 9 18 10 18 11 18 0 12 5 1 14 9 1 5 5 2 14 9 2 5 5 3 14 9 3 5 5 4 14 9 4 5 5 5 14 9 5 5 5 11 14 9 11 5 0 6 2 3 5 2 5 5 2 6 5 2 8 5 2 11 5 2 12 5 
11 1 6 3 10 4 10 7 10 9 10 11 10 12 10 0 12 5 3 7 7 3 7 5 5 7 7 5 7 5 7 7 7 7 7 5 8 7 7 8 7 5 10 7 7 10 7 5 11 7 7 11 7 0 6 1 1 10 1 7 10 1 9 10 1 10 10 1 11 10 1 12 10 0 6 9 1 11 9 3 11 9 4 11 9 6 11 9 8 11 9 10 11 0 6 7 2 14 7 3 14 7 8 14 7 9 14 7 11 14 7 12 14 0 12 3 1 15 7 1 13 3 3 15 7 3 13 3 4 15 7 4 13 3 6 15 7 6 13 3 9 15 7 9 13 3 10 15 7 10 13 0 12 8 1 14 10 1 9 8 4 14 10 4 9 8 5 14 10 5 9 8 7 14 10 7 9 8 9 14 10 9 9 8 12 14 10 12 9 0 6 1 1 16 1 3 16 1 5 16 1 6 16 1 10 16 1 11 16 1 6 1 12 4 12 6 12 9 12 10 12 11 12 0 12 5 1 14 9 1 5 5 3 14 9 3 5 5 6 14 9 6 5 5 8 14 9 8 5 5 9 14 9 9 5 5 11 14 9 11 5 0 6 2 1 5 2 2 5 2 4 5 2 6 5 2 7 5 2 12 5 
11 0 12 5 2 14 9 2 5 5 3 14 9 3 5 5 4 14 9 4 5 5 7 14 9 7 5 5 8 14 9 8 5 5 9 14 9 9 5 0 12 5 3 7 7 3 7 5 4 7 7 4 7 5 5 7 7 5 7 5 7 7 7 7 7 5 9 7 7 9 7 5 11 7 7 11 7 0 6 7 1 14 7 2 14 7 3 14 7 5 14 7 10 14 7 12 14 0 6 10 2 10 10 3 10 10 5 10 10 8 10 10 9 10 10 11 10 0 12 7 1 10 8 1 19 7 2 10 8 2 19 7 5 10 8 5 19 7 7 10 8 7 19 7 11 10 8 11 19 7 12 10 8 12 19 0 12 3 2 15 4 2 19 3 4 15 4 4 19 3 6 15 4 6 19 3 7 15 4 7 19 3 9 15 4 9 19 3 12 15 4 12 19 0 12 4 2 5 7 2 18 4 4 5 7 4 18 4 5 5 7 5 18 4 7 5 7 7 18 4 9 5 7 9 18 4 11 5 7 11 18 1 6 2 7 3 7 8 7 9 7 11 7 12 7 0 12 3 2 11 8 2 9 3 4 11 8 4 9 3 6 11 8 6 9 3 8 11 8 8 9 3 9 11 8 9 9 3 12 11 8 12 9 0 6 1 3 19 1 4 19 1 5 19 1 7 19 1 8 19 1 12 19 0 6 8 5 18 8 7 18 8 9 18 8 10 18 8 11 18 8 12 18 
11 0 6 2 4 5 2 6 5 2 9 5 2 10 5 2 11 5 2 12 5 0 12 7 1 10 8 1 19 7 2 10 8 2 19 7 6 10 8 6 19 7 7 10 8 7 19 7 10 10 8 10 19 7 11 10 8 11 19 0 6 10 3 10 10 4 10 10 5 10 10 8 10 10 9 10 10 11 10 0 6 9 4 11 9 5 11 9 7 11 9 10 11 9 11 11 9 12 11 0 6 8 1 18 8 3 18 8 5 18 8 7 18 8 9 18 8 12 18 0 12 5 4 7 10 4 14 5 5 7 10 5 14 5 8 7 10 8 14 5 9 7 10 9 14 5 10 7 10 10 14 5 12 7 10 12 14 0 12 5 1 14 9 1 5 5 5 14 9 5 5 5 8 14 9 8 5 5 9 14 9 9 5 5 11 14 9 11 5 5 12 14 9 12 5 0 6 1 2 10 1 5 10 1 7 10 1 9 10 1 10 10 1 11 10 1 6 1 19 2 19 5 19 6 19 8 19 11 19 0 12 3 4 15 7 4 13 3 5 15 7 5 13 3 6 15 7 6 13 3 7 15 7 7 13 3 9 15 7 9 13 3 11 15 7 11 13 0 12 8 4 14 10 4 9 8 5 14 10 5 9 8 7 14 10 7 9 8 8 14 10 8 9 8 10 14 10 10 9 8 12 14 10 12 9 
13 0 6 10 1 10 10 2 10 10 4 10 10 5 10 10 7 10 10 8 10 0 12 5 1 14 9 1 5 5 2 14 9 2 5 5 5 14 9 5 5 5 8 14 9 8 5 5 9 14 9 9 5 5 12 14 9 12 5 0 6 5 2 9 5 3 9 5 5 9 5 6 9 5 7 9 5 9 9 1 6 1 19 3 19 6 19 8 19 9 19 11 19 0 6 1 2 10 1 5 10 1 6 10 1 7 10 1 8 10 1 12 10 0 12 3 1 5 8 1 12 3 4 5 8 4 12 3 5 5 8 5 12 3 6 5 8 6 12 3 9 5 8 9 12 3 12 5 8 12 12 1 6 2 5 5 5 6 5 10 5 11 5 12 5 0 12 5 2 7 10 2 14 5 3 7 10 3 14 5 6 7 10 6 14 5 7 7 10 7 14 5 10 7 10 10 14 5 12 7 10 12 14 0 6 1 1 10 1 2 10 1 4 10 1 5 10 1 6 10 1 12 10 0 12 8 1 14 10 1 9 8 4 14 10 4 9 8 6 14 10 6 9 8 8 14 10 8 9 8 10 14 10 10 9 8 11 14 10 11 9 0 12 3 1 15 7 1 13 3 2 15 7 2 13 3 3 15 7 3 13 3 6 15 7 6 13 3 7 15 7 7 13 3 11 15 7 11 13 0 6 1 1 16 1 8 16 1 9 16 1 10 16 1 11 16 1 12 16 0 6 7 4 14 7 6 14 7 7 14 7 8 14 7 10 14 7 11 14 
11 1 6 1 13 4 13 5 13 6 13 10 13 12 13 0 6 2 2 5 2 3 5 2 6 5 2 8 5 2 9 5 2 11 5 0 6 10 1 19 10 4 19 10 5 19 10 6 19 10 8 19 10 11 19 0 6 3 1 19 3 5 19 3 7 19 3 8 19 3 11 19 3 12 19 0 6 8 1 18 8 2 18 8 3 18 8 10 18 8 11 18 8 12 18 0 6 1 2 7 1 3 7 1 4 7 1 5 7 1 10 7 1 12 7 0 6 5 2 9 5 5 9 5 8 9 5 10 9 5 11 9 5 12 9 0 6 7 1 14 7 2 14 7 3 14 7 5 14 7 7 14 7 10 14 0 12 4 5 5 7 5 18 4 6 5 7 6 18 4 8 5 7 8 18 4 10 5 7 10 18 4 11 5 7 11 18 4 12 5 7 12 18 0 6 1 1 10 1 2 10 1 3 10 1 6 10 1 9 10 1 12 10 0 12 5 1 14 9 1 5 5 5 14 9 5 5 5 7 14 9 7 5 5 8 14 9 8 5 5 10 14 9 10 5 5 11 14 9 11 5 
10 0 12 7 3 10 8 3 19 7 4 10 8 4 19 7 6 10 8 6 19 7 8 10 8 8 19 7 10 10 8 10 19 7 11 10 8 11 19 0 6 2 1 5 2 2 5 2 5 5 2 7 5 2 9 5 2 11 5 0 12 3 1 11 8 1 9 3 3 11 8 3 9 3 5 11 8 5 9 3 8 11 8 8 9 3 10 11 8 10 9 3 12 11 8 12 9 0 6 9 2 11 9 7 11 9 8 11 9 9 11 9 10 11 9 11 11 0 12 4 2 5 10 2 12 4 4 5 10 4 12 4 5 5 10 5 12 4 8 5 10 8 12 4 11 5 10 11 12 4 12 5 10 12 12 0 6 10 1 18 10 2 18 10 3 18 10 6 18 10 7 18 10 8 18 0 12 4 1 5 7 1 18 4 3 5 7 3 18 4 4 5 7 4 18 4 6 5 7 6 18 4 10 5 7 10 18 4 12 5 7 12 18 0 12 8 2 14 10 2 9 8 3 14 10 3 9 8 4 14 10 4 9 8 10 14 10 10 9 8 11 14 10 11 9 8 12 14 10 12 9 0 12 3 2 5 8 2 12 3 3 5 8 3 12 3 5 5 8 5 12 3 6 5 8 6 12 3 7 5 8 7 12 3 12 5 8 12 12 0 6 10 3 19 10 4 19 10 6 19 10 7 19 10 8 19 10 12 19 
10 0 6 10 3 18 10 4 18 10 6 18 10 8 18 10 9 18 10 10 18 0 6 10 1 10 10 2 10 10 4 10 10 8 10 10 10 10 10 11 10 1 6 1 14 6 14 7 14 8 14 9 14 11 14 0 6 9 1 11 9 3 11 9 7 11 9 10 11 9 11 11 9 12 11 1 6 1 13 2 13 5 13 6 13 9 13 12 13 0 6 2 5 5 2 7 5 2 8 5 2 9 5 2 11 5 2 12 5 0 12 8 2 14 10 2 9 8 4 14 10 4 9 8 9 14 10 9 9 8 10 14 10 10 9 8 11 14 10 11 9 8 12 14 10 12 9 0 12 3 1 5 8 1 12 3 3 5 8 3 12 3 4 5 8 4 12 3 6 5 8 6 12 3 10 5 8 10 12 3 11 5 8 11 12 0 6 5 1 9 5 2 9 5 3 9 5 5 9 5 10 9 5 12 9 0 6 1 3 16 1 4 16 1 6 16 1 8 16 1 9 16 1 11 16 
