20 10 12
15 0 42 1 1 65 4 1 61 6 1 65 7 1 69 8 1 66 9 1 63 10 1 61 1 3 65 4 3 61 6 3 65 7 3 69 8 3 66 9 3 63 10 3 61 1 4 65 4 4 61 6 4 65 7 4 69 8 4 66 9 4 63 10 4 61 1 6 65 4 6 61 6 6 65 7 6 69 8 6 66 9 6 63 10 6 61 1 7 65 4 7 61 6 7 65 7 7 69 8 7 66 9 7 63 10 7 61 1 12 65 4 12 61 6 12 65 7 12 69 8 12 66 9 12 63 10 12 61 0 24 2 2 30 6 2 32 9 2 33 10 2 32 2 3 30 6 3 32 9 3 33 10 3 32 2 5 30 6 5 32 9 5 33 10 5 32 2 7 30 6 7 32 9 7 33 10 7 32 2 9 30 6 9 32 9 9 33 10 9 32 2 11 30 6 11 32 9 11 33 10 11 32 0 48 1 3 21 2 3 16 3 3 16 4 3 13 5 3 11 8 3 15 9 3 17 10 3 17 1 6 21 2 6 16 3 6 16 4 6 13 5 6 11 8 6 15 9 6 17 10 6 17 1 7 21 2 7 16 3 7 16 4 7 13 5 7 11 8 7 15 9 7 17 10 7 17 1 8 21 2 8 16 3 8 16 4 8 13 5 8 11 8 8 15 9 8 17 10 8 17 1 10 21 2 10 16 3 10 16 4 10 13 5 10 11 8 10 15 9 10 17 10 10 17 1 12 21 2 12 16 3 12 16 4 12 13 5 12 11 8 12 15 9 12 17 10 12 17 0 24 1 1 64 2 1 63 4 1 65 8 1 65 1 4 64 2 4 63 4 4 65 8 4 65 1 5 64 2 5 63 4 5 65 8 5 65 1 6 64 2 6 63 4 6 65 8 6 65 1 9 64 2 9 63 4 9 65 8 9 65 1 11 64 2 11 63 4 11 65 8 11 65 0 30 1 1 90 3 1 90 6 1 92 7 1 94 8 1 93 1 2 90 3 2 90 6 2 92 7 2 94 8 2 93 1 3 90 3 3 90 6 3 92 7 3 94 8 3 93 1 6 90 3 6 90 6 6 92 7 6 94 8 6 93 1 9 90 3 9 90 6 9 92 7 9 94 8 9 93 1 11 90 3 11 90 6 11 92 7 11 94 8 11 93 1 6 1 42 2 42 3 42 7 42 8 42 10 42 0 48 1 3 83 2 3 83 3 3 85 5 3 85 6 3 91 7 3 86 9 3 89 10 3 86 1 4 83 2 4 83 3 4 85 5 4 85 6 4 91 7 4 86 9 4 89 10 4 86 1 7 83 2 7 83 3 7 85 5 7 85 6 7 91 7 7 86 9 7 89 10 7 86 1 8 83 2 8 83 3 8 85 5 8 85 6 8 91 7 8 86 9 8 89 10 8 86 1 9 83 2 9 83 3 9 85 5 9 85 6 9 91 7 9 86 9 9 89 10 9 86 1 12 83 2 12 83 3 12 85 5 12 85 6 12 91 7 12 86 9 12 89 10 12 86 1 6 2 63 3 63 7 63 10 63 11 63 12 63 0 24 1 2 49 5 2 47 6 2 45 10 2 47 1 3 49 5 3 47 6 3 45 10 3 47 1 7 49 5 7 47 6 7 45 10 7 47 1 8 49 5 8 47 6 8 45 10 8 47 1 9 49 5 9 47 6 9 45 10 9 47 1 12 49 5 12 47 6 12 45 10 12 47 0 24 6 1 87 8 1 83 9 1 90 10 1 87 6 5 87 8 5 83 9 5 90 10 5 87 6 7 87 8 7 83 9 7 90 10 7 87 6 9 87 8 9 83 9 9 90 10 9 87 6 10 87 8 10 83 9 10 90 10 10 87 6 12 87 8 12 83 9 12 90 10 12 87 0 24 1 1 69 6 1 71 7 1 71 9 1 72 1 2 69 6 2 71 7 2 71 9 2 72 1 3 69 6 3 71 7 3 71 9 3 72 1 7 69 6 7 71 7 7 71 9 7 72 1 8 69 6 8 71 7 8 71 9 8 72 1 11 69 6 11 71 7 11 71 9 11 72 0 30 1 5 29 4 5 30 6 5 33 8 5 30 10 5 33 1 6 29 4 6 30 6 6 33 8 6 30 10 6 33 1 7 29 4 7 30 6 7 33 8 7 30 10 7 33 1 8 29 4 8 30 6 8 33 8 8 30 10 8 33 1 9 29 4 9 30 6 9 33 8 9 30 10 9 33 1 12 29 4 12 30 6 12 33 8 12 30 10 12 33 0 48 1 2 91 3 2 92 4 2 93 6 2 92 7 2 91 8 2 94 9 2 96 10 2 94 1 4 91 3 4 92 4 4 93 6 4 92 7 4 91 8 4 94 9 4 96 10 4 94 1 5 91 3 5 92 4 5 93 6 5 92 7 5 91 8 5 94 9 5 96 10 5 94 1 7 91 3 7 92 4 7 93 6 7 92 7 7 91 8 7 94 9 7 96 10 7 94 1 9 91 3 9 92 4 9 93 6 9 92 7 9 91 8 9 94 9 9 96 10 9 94 1 11 91 3 11 92 4 11 93 6 11 92 7 11 91 8 11 94 9 11 96 10 11 94 1 6 2 18 4 18 8 18 9 18 11 18 12 18 0 30 1 1 28 5 1 20 6 1 27 7 1 24 8 1 22 1 4 28 5 4 20 6 4 27 7 4 24 8 4 22 1 8 28 5 8 20 6 8 27 7 8 24 8 8 22 1 10 28 5 10 20 6 10 27 7 10 24 8 10 22 1 11 28 5 11 20 6 11 27 7 11 24 8 11 22 1 12 28 5 12 20 6 12 27 7 12 24 8 12 22 
20 0 24 3 1 86 5 1 88 9 1 86 10 1 84 3 2 86 5 2 88 9 2 86 10 2 84 3 6 86 5 6 88 9 6 86 10 6 84 3 7 86 5 7 88 9 7 86 10 7 84 3 8 86 5 8 88 9 8 86 10 8 84 3 12 86 5 12 88 9 12 86 10 12 84 1 6 4 27 5 27 7 27 8 27 11 27 12 27 0 42 1 1 78 2 1 77 3 1 76 4 1 78 5 1 73 6 1 71 9 1 73 1 2 78 2 2 77 3 2 76 4 2 78 5 2 73 6 2 71 9 2 73 1 3 78 2 3 77 3 3 76 4 3 78 5 3 73 6 3 71 9 3 73 1 4 78 2 4 77 3 4 76 4 4 78 5 4 73 6 4 71 9 4 73 1 9 78 2 9 77 3 9 76 4 9 78 5 9 73 6 9 71 9 9 73 1 12 78 2 12 77 3 12 76 4 12 78 5 12 73 6 12 71 9 12 73 0 30 1 4 40 5 4 43 7 4 39 9 4 39 10 4 40 1 5 40 5 5 43 7 5 39 9 5 39 10 5 40 1 6 40 5 6 43 7 6 39 9 6 39 10 6 40 1 8 40 5 8 43 7 8 39 9 8 39 10 8 40 1 10 40 5 10 43 7 10 39 9 10 39 10 10 40 1 12 40 5 12 43 7 12 39 9 12 39 10 12 40 0 42 1 1 66 2 1 67 5 1 71 6 1 69 8 1 70 9 1 65 10 1 66 1 3 66 2 3 67 5 3 71 6 3 69 8 3 70 9 3 65 10 3 66 1 9 66 2 9 67 5 9 71 6 9 69 8 9 70 9 9 65 10 9 66 1 10 66 2 10 67 5 10 71 6 10 69 8 10 70 9 10 65 10 10 66 1 11 66 2 11 67 5 11 71 6 11 69 8 11 70 9 11 65 10 11 66 1 12 66 2 12 67 5 12 71 6 12 69 8 12 70 9 12 65 10 12 66 0 30 3 1 48 4 1 53 6 1 49 7 1 45 8 1 53 3 2 48 4 2 53 6 2 49 7 2 45 8 2 53 3 5 48 4 5 53 6 5 49 7 5 45 8 5 53 3 6 48 4 6 53 6 6 49 7 6 45 8 6 53 3 7 48 4 7 53 6 7 49 7 7 45 8 7 53 3 11 48 4 11 53 6 11 49 7 11 45 8 11 53 0 42 1 3 53 2 3 55 4 3 59 5 3 55 6 3 55 7 3 54 10 3 55 1 4 53 2 4 55 4 4 59 5 4 55 6 4 55 7 4 54 10 4 55 1 7 53 2 7 55 4 7 59 5 7 55 6 7 55 7 7 54 10 7 55 1 8 53 2 8 55 4 8 59 5 8 55 6 8 55 7 8 54 10 8 55 1 10 53 2 10 55 4 10 59 5 10 55 6 10 55 7 10 54 10 10 55 1 12 53 2 12 55 4 12 59 5 12 55 6 12 55 7 12 54 10 12 55 1 6 3 40 4 40 7 40 8 40 11 40 12 40 0 24 2 2 48 3 2 53 9 2 47 10 2 54 2 4 48 3 4 53 9 4 47 10 4 54 2 5 48 3 5 53 9 5 47 10 5 54 2 8 48 3 8 53 9 8 47 10 8 54 2 10 48 3 10 53 9 10 47 10 10 54 2 11 48 3 11 53 9 11 47 10 11 54 0 18 1 1 67 2 1 68 10 1 68 1 4 67 2 4 68 10 4 68 1 5 67 2 5 68 10 5 68 1 7 67 2 7 68 10 7 68 1 9 67 2 9 68 10 9 68 1 11 67 2 11 68 10 11 68 0 42 1 2 69 2 2 76 4 2 71 5 2 71 7 2 71 8 2 66 10 2 71 1 4 69 2 4 76 4 4 71 5 4 71 7 4 71 8 4 66 10 4 71 1 6 69 2 6 76 4 6 71 5 6 71 7 6 71 8 6 66 10 6 71 1 7 69 2 7 76 4 7 71 5 7 71 7 7 71 8 7 66 10 7 71 1 9 69 2 9 76 4 9 71 5 9 71 7 9 71 8 9 66 10 9 71 1 11 69 2 11 76 4 11 71 5 11 71 7 11 71 8 11 66 10 11 71 0 18 1 2 73 3 2 77 7 2 74 1 4 73 3 4 77 7 4 74 1 5 73 3 5 77 7 5 74 1 6 73 3 6 77 7 6 74 1 7 73 3 7 77 7 7 74 1 11 73 3 11 77 7 11 74 0 24 2 4 83 4 4 84 6 4 81 7 4 78 2 5 83 4 5 84 6 5 81 7 5 78 2 6 83 4 6 84 6 6 81 7 6 78 2 7 83 4 7 84 6 7 81 7 7 78 2 8 83 4 8 84 6 8 81 7 8 78 2 12 83 4 12 84 6 12 81 7 12 78 0 36 1 1 42 2 1 41 5 1 36 7 1 40 8 1 41 10 1 37 1 2 42 2 2 41 5 2 36 7 2 40 8 2 41 10 2 37 1 6 42 2 6 41 5 6 36 7 6 40 8 6 41 10 6 37 1 7 42 2 7 41 5 7 36 7 7 40 8 7 41 10 7 37 1 11 42 2 11 41 5 11 36 7 11 40 8 11 41 10 11 37 1 12 42 2 12 41 5 12 36 7 12 40 8 12 41 10 12 37 0 24 1 1 90 2 1 94 3 1 96 10 1 94 1 3 90 2 3 94 3 3 96 10 3 94 1 5 90 2 5 94 3 5 96 10 5 94 1 9 90 2 9 94 3 9 96 10 9 94 1 10 90 2 10 94 3 10 96 10 10 94 1 12 90 2 12 94 3 12 96 10 12 94 0 36 2 1 68 3 1 70 4 1 66 5 1 69 6 1 71 10 1 69 2 2 68 3 2 70 4 2 66 5 2 69 6 2 71 10 2 69 2 3 68 3 3 70 4 3 66 5 3 69 6 3 71 10 3 69 2 4 68 3 4 70 4 4 66 5 4 69 6 4 71 10 4 69 2 8 68 3 8 70 4 8 66 5 8 69 6 8 71 10 8 69 2 11 68 3 11 70 4 11 66 5 11 69 6 11 71 10 11 69 0 30 1 4 27 3 4 28 6 4 29 8 4 30 10 4 29 1 5 27 3 5 28 6 5 29 8 5 30 10 5 29 1 7 27 3 7 28 6 7 29 8 7 30 10 7 29 1 8 27 3 8 28 6 8 29 8 8 30 10 8 29 1 9 27 3 9 28 6 9 29 8 9 30 10 9 29 1 12 27 3 12 28 6 12 29 8 12 30 10 12 29 0 54 1 1 90 2 1 89 3 1 85 4 1 85 6 1 85 7 1 84 8 1 90 9 1 82 10 1 86 1 2 90 2 2 89 3 2 85 4 2 85 6 2 85 7 2 84 8 2 90 9 2 82 10 2 86 1 6 90 2 6 89 3 6 85 4 6 85 6 6 85 7 6 84 8 6 90 9 6 82 10 6 86 1 7 90 2 7 89 3 7 85 4 7 85 6 7 85 7 7 84 8 7 90 9 7 82 10 7 86 1 11 90 2 11 89 3 11 85 4 11 85 6 11 85 7 11 84 8 11 90 9 11 82 10 11 86 1 12 90 2 12 89 3 12 85 4 12 85 6 12 85 7 12 84 8 12 90 9 12 82 10 12 86 0 12 2 3 71 3 3 71 2 4 71 3 4 71 2 5 71 3 5 71 2 8 71 3 8 71 2 10 71 3 10 71 2 11 71 3 11 71 1 6 1 45 4 45 5 45 8 45 10 45 12 45 
23 0 42 3 6 60 5 6 60 6 6 60 7 6 60 8 6 62 9 6 60 10 6 64 3 7 60 5 7 60 6 7 60 7 7 60 8 7 62 9 7 60 10 7 64 3 8 60 5 8 60 6 8 60 7 8 60 8 8 62 9 8 60 10 8 64 3 9 60 5 9 60 6 9 60 7 9 60 8 9 62 9 9 60 10 9 64 3 10 60 5 10 60 6 10 60 7 10 60 8 10 62 9 10 60 10 10 64 3 12 60 5 12 60 6 12 60 7 12 60 8 12 62 9 12 60 10 12 64 0 30 1 2 49 2 2 52 5 2 53 8 2 53 10 2 53 1 5 49 2 5 52 5 5 53 8 5 53 10 5 53 1 6 49 2 6 52 5 6 53 8 6 53 10 6 53 1 10 49 2 10 52 5 10 53 8 10 53 10 10 53 1 11 49 2 11 52 5 11 53 8 11 53 10 11 53 1 12 49 2 12 52 5 12 53 8 12 53 10 12 53 0 30 1 1 42 2 1 41 5 1 37 7 1 37 10 1 32 1 2 42 2 2 41 5 2 37 7 2 37 10 2 32 1 5 42 2 5 41 5 5 37 7 5 37 10 5 32 1 7 42 2 7 41 5 7 37 7 7 37 10 7 32 1 8 42 2 8 41 5 8 37 7 8 37 10 8 32 1 11 42 2 11 41 5 11 37 7 11 37 10 11 32 0 36 3 1 91 4 1 95 5 1 90 7 1 88 9 1 94 10 1 89 3 2 91 4 2 95 5 2 90 7 2 88 9 2 94 10 2 89 3 4 91 4 4 95 5 4 90 7 4 88 9 4 94 10 4 89 3 5 91 4 5 95 5 5 90 7 5 88 9 5 94 10 5 89 3 9 91 4 9 95 5 9 90 7 9 88 9 9 94 10 9 89 3 10 91 4 10 95 5 10 90 7 10 88 9 10 94 10 10 89 0 36 1 1 36 2 1 36 3 1 32 5 1 36 6 1 36 7 1 36 1 2 36 2 2 36 3 2 32 5 2 36 6 2 36 7 2 36 1 4 36 2 4 36 3 4 32 5 4 36 6 4 36 7 4 36 1 5 36 2 5 36 3 5 32 5 5 36 6 5 36 7 5 36 1 10 36 2 10 36 3 10 32 5 10 36 6 10 36 7 10 36 1 12 36 2 12 36 3 12 32 5 12 36 6 12 36 7 12 36 0 6 2 3 58 2 4 58 2 6 58 2 8 58 2 10 58 2 12 58 0 24 4 2 70 5 2 63 6 2 66 8 2 68 4 3 70 5 3 63 6 3 66 8 3 68 4 7 70 5 7 63 6 7 66 8 7 68 4 9 70 5 9 63 6 9 66 8 9 68 4 10 70 5 10 63 6 10 66 8 10 68 4 11 70 5 11 63 6 11 66 8 11 68 0 24 2 1 58 7 1 61 9 1 63 10 1 57 2 2 58 7 2 61 9 2 63 10 2 57 2 3 58 7 3 61 9 3 63 10 3 57 2 7 58 7 7 61 9 7 63 10 7 57 2 9 58 7 9 61 9 9 63 10 9 57 2 11 58 7 11 61 9 11 63 10 11 57 0 30 3 3 59 5 3 58 7 3 55 8 3 55 9 3 56 3 5 59 5 5 58 7 5 55 8 5 55 9 5 56 3 6 59 5 6 58 7 6 55 8 6 55 9 6 56 3 7 59 5 7 58 7 7 55 8 7 55 9 7 56 3 8 59 5 8 58 7 8 55 8 8 55 9 8 56 3 10 59 5 10 58 7 10 55 8 10 55 9 10 56 0 42 1 3 27 3 3 31 4 3 31 5 3 33 7 3 31 8 3 26 10 3 30 1 5 27 3 5 31 4 5 31 5 5 33 7 5 31 8 5 26 10 5 30 1 6 27 3 6 31 4 6 31 5 6 33 7 6 31 8 6 26 10 6 30 1 7 27 3 7 31 4 7 31 5 7 33 7 7 31 8 7 26 10 7 30 1 11 27 3 11 31 4 11 31 5 11 33 7 11 31 8 11 26 10 11 30 1 12 27 3 12 31 4 12 31 5 12 33 7 12 31 8 12 26 10 12 30 0 18 3 2 26 4 2 25 10 2 18 3 5 26 4 5 25 10 5 18 3 7 26 4 7 25 10 7 18 3 8 26 4 8 25 10 8 18 3 9 26 4 9 25 10 9 18 3 11 26 4 11 25 10 11 18 0 24 2 1 35 3 1 37 9 1 37 10 1 37 2 2 35 3 2 37 9 2 37 10 2 37 2 3 35 3 3 37 9 3 37 10 3 37 2 7 35 3 7 37 9 7 37 10 7 37 2 8 35 3 8 37 9 8 37 10 8 37 2 11 35 3 11 37 9 11 37 10 11 37 0 30 1 1 75 2 1 74 5 1 71 7 1 66 8 1 73 1 3 75 2 3 74 5 3 71 7 3 66 8 3 73 1 4 75 2 4 74 5 4 71 7 4 66 8 4 73 1 5 75 2 5 74 5 5 71 7 5 66 8 5 73 1 8 75 2 8 74 5 8 71 7 8 66 8 8 73 1 11 75 2 11 74 5 11 71 7 11 66 8 11 73 0 18 3 2 79 8 2 77 10 2 74 3 4 79 8 4 77 10 4 74 3 6 79 8 6 77 10 6 74 3 7 79 8 7 77 10 7 74 3 10 79 8 10 77 10 10 74 3 11 79 8 11 77 10 11 74 0 24 1 2 67 3 2 69 9 2 73 10 2 69 1 3 67 3 3 69 9 3 73 10 3 69 1 4 67 3 4 69 9 4 73 10 4 69 1 7 67 3 7 69 9 7 73 10 7 69 1 9 67 3 9 69 9 9 73 10 9 69 1 12 67 3 12 69 9 12 73 10 12 69 1 6 1 66 3 66 7 66 8 66 10 66 12 66 0 42 1 1 49 3 1 42 5 1 49 6 1 45 7 1 48 9 1 45 10 1 45 1 4 49 3 4 42 5 4 49 6 4 45 7 4 48 9 4 45 10 4 45 1 6 49 3 6 42 5 6 49 6 6 45 7 6 48 9 6 45 10 6 45 1 7 49 3 7 42 5 7 49 6 7 45 7 7 48 9 7 45 10 7 45 1 10 49 3 10 42 5 10 49 6 10 45 7 10 48 9 10 45 10 10 45 1 11 49 3 11 42 5 11 49 6 11 45 7 11 48 9 11 45 10 11 45 0 36 1 1 56 4 1 56 5 1 56 6 1 55 7 1 60 9 1 57 1 4 56 4 4 56 5 4 56 6 4 55 7 4 60 9 4 57 1 5 56 4 5 56 5 5 56 6 5 55 7 5 60 9 5 57 1 9 56 4 9 56 5 9 56 6 9 55 7 9 60 9 9 57 1 10 56 4 10 56 5 10 56 6 10 55 7 10 60 9 10 57 1 12 56 4 12 56 5 12 56 6 12 55 7 12 60 9 12 57 0 30 1 2 57 2 2 62 4 2 59 7 2 59 10 2 59 1 3 57 2 3 62 4 3 59 7 3 59 10 3 59 1 5 57 2 5 62 4 5 59 7 5 59 10 5 59 1 8 57 2 8 62 4 8 59 7 8 59 10 8 59 1 11 57 2 11 62 4 11 59 7 11 59 10 11 59 1 12 57 2 12 62 4 12 59 7 12 59 10 12 59 0 36 1 3 69 2 3 68 4 3 70 5 3 68 6 3 70 9 3 68 1 5 69 2 5 68 4 5 70 5 5 68 6 5 70 9 5 68 1 7 69 2 7 68 4 7 70 5 7 68 6 7 70 9 7 68 1 9 69 2 9 68 4 9 70 5 9 68 6 9 70 9 9 68 1 11 69 2 11 68 4 11 70 5 11 68 6 11 70 9 11 68 1 12 69 2 12 68 4 12 70 5 12 68 6 12 70 9 12 68 1 6 4 93 5 93 7 93 9 93 11 93 12 93 0 18 1 1 36 3 1 31 7 1 35 1 2 36 3 2 31 7 2 35 1 3 36 3 3 31 7 3 35 1 4 36 3 4 31 7 4 35 1 5 36 3 5 31 7 5 35 1 7 36 3 7 31 7 7 35 0 12 2 1 65 10 1 63 2 2 65 10 2 63 2 3 65 10 3 63 2 5 65 10 5 63 2 7 65 10 7 63 2 12 65 10 12 63 
18 0 30 1 3 19 4 3 26 6 3 20 9 3 25 10 3 22 1 4 19 4 4 26 6 4 20 9 4 25 10 4 22 1 5 19 4 5 26 6 5 20 9 5 25 10 5 22 1 8 19 4 8 26 6 8 20 9 8 25 10 8 22 1 9 19 4 9 26 6 9 20 9 9 25 10 9 22 1 12 19 4 12 26 6 12 20 9 12 25 10 12 22 0 24 2 2 61 6 2 61 7 2 65 10 2 58 2 7 61 6 7 61 7 7 65 10 7 58 2 8 61 6 8 61 7 8 65 10 8 58 2 9 61 6 9 61 7 9 65 10 9 58 2 10 61 6 10 61 7 10 65 10 10 58 2 11 61 6 11 61 7 11 65 10 11 58 0 30 2 2 39 4 2 34 7 2 36 9 2 36 10 2 37 2 3 39 4 3 34 7 3 36 9 3 36 10 3 37 2 6 39 4 6 34 7 6 36 9 6 36 10 6 37 2 9 39 4 9 34 7 9 36 9 9 36 10 9 37 2 10 39 4 10 34 7 10 36 9 10 36 10 10 37 2 12 39 4 12 34 7 12 36 9 12 36 10 12 37 0 24 1 1 87 2 1 93 5 1 92 7 1 88 1 2 87 2 2 93 5 2 92 7 2 88 1 4 87 2 4 93 5 4 92 7 4 88 1 5 87 2 5 93 5 5 92 7 5 88 1 6 87 2 6 93 5 6 92 7 6 88 1 7 87 2 7 93 5 7 92 7 7 88 0 42 1 2 33 2 2 31 3 2 33 4 2 32 6 2 32 8 2 34 10 2 35 1 3 33 2 3 31 3 3 33 4 3 32 6 3 32 8 3 34 10 3 35 1 5 33 2 5 31 3 5 33 4 5 32 6 5 32 8 5 34 10 5 35 1 8 33 2 8 31 3 8 33 4 8 32 6 8 32 8 8 34 10 8 35 1 10 33 2 10 31 3 10 33 4 10 32 6 10 32 8 10 34 10 10 35 1 12 33 2 12 31 3 12 33 4 12 32 6 12 32 8 12 34 10 12 35 1 6 2 76 3 76 4 76 5 76 9 76 12 76 0 36 2 2 42 4 2 45 5 2 47 7 2 39 9 2 42 10 2 42 2 4 42 4 4 45 5 4 47 7 4 39 9 4 42 10 4 42 2 5 42 4 5 45 5 5 47 7 5 39 9 5 42 10 5 42 2 9 42 4 9 45 5 9 47 7 9 39 9 9 42 10 9 42 2 10 42 4 10 45 5 10 47 7 10 39 9 10 42 10 10 42 2 11 42 4 11 45 5 11 47 7 11 39 9 11 42 10 11 42 0 30 1 2 60 5 2 60 6 2 62 7 2 58 8 2 61 1 4 60 5 4 60 6 4 62 7 4 58 8 4 61 1 6 60 5 6 60 6 6 62 7 6 58 8 6 61 1 7 60 5 7 60 6 7 62 7 7 58 8 7 61 1 9 60 5 9 60 6 9 62 7 9 58 8 9 61 1 12 60 5 12 60 6 12 62 7 12 58 8 12 61 0 36 1 1 91 3 1 91 4 1 92 5 1 91 7 1 91 8 1 95 1 5 91 3 5 91 4 5 92 5 5 91 7 5 91 8 5 95 1 7 91 3 7 91 4 7 92 5 7 91 7 7 91 8 7 95 1 8 91 3 8 91 4 8 92 5 8 91 7 8 91 8 8 95 1 11 91 3 11 91 4 11 92 5 11 91 7 11 91 8 11 95 1 12 91 3 12 91 4 12 92 5 12 91 7 12 91 8 12 95 0 36 1 1 65 2 1 64 4 1 62 6 1 70 8 1 66 9 1 68 1 3 65 2 3 64 4 3 62 6 3 70 8 3 66 9 3 68 1 6 65 2 6 64 4 6 62 6 6 70 8 6 66 9 6 68 1 7 65 2 7 64 4 7 62 6 7 70 8 7 66 9 7 68 1 9 65 2 9 64 4 9 62 6 9 70 8 9 66 9 9 68 1 10 65 2 10 64 4 10 62 6 10 70 8 10 66 9 10 68 1 6 1 89 2 89 3 89 4 89 5 89 7 89 0 48 1 4 41 2 4 44 3 4 44 4 4 47 5 4 39 6 4 47 8 4 44 10 4 44 1 5 41 2 5 44 3 5 44 4 5 47 5 5 39 6 5 47 8 5 44 10 5 44 1 6 41 2 6 44 3 6 44 4 6 47 5 6 39 6 6 47 8 6 44 10 6 44 1 7 41 2 7 44 3 7 44 4 7 47 5 7 39 6 7 47 8 7 44 10 7 44 1 9 41 2 9 44 3 9 44 4 9 47 5 9 39 6 9 47 8 9 44 10 9 44 1 12 41 2 12 44 3 12 44 4 12 47 5 12 39 6 12 47 8 12 44 10 12 44 0 24 4 3 31 5 3 34 8 3 34 10 3 34 4 5 31 5 5 34 8 5 34 10 5 34 4 7 31 5 7 34 8 7 34 10 7 34 4 9 31 5 9 34 8 9 34 10 9 34 4 10 31 5 10 34 8 10 34 10 10 34 4 11 31 5 11 34 8 11 34 10 11 34 0 18 3 4 56 5 4 54 7 4 51 3 5 56 5 5 54 7 5 51 3 7 56 5 7 54 7 7 51 3 8 56 5 8 54 7 8 51 3 9 56 5 9 54 7 9 51 3 11 56 5 11 54 7 11 51 0 24 1 4 89 2 4 84 9 4 88 10 4 86 1 6 89 2 6 84 9 6 88 10 6 86 1 8 89 2 8 84 9 8 88 10 8 86 1 9 89 2 9 84 9 9 88 10 9 86 1 10 89 2 10 84 9 10 88 10 10 86 1 11 89 2 11 84 9 11 88 10 11 86 0 48 1 1 41 4 1 41 5 1 41 6 1 42 7 1 37 8 1 39 9 1 38 10 1 41 1 5 41 4 5 41 5 5 41 6 5 42 7 5 37 8 5 39 9 5 38 10 5 41 1 6 41 4 6 41 5 6 41 6 6 42 7 6 37 8 6 39 9 6 38 10 6 41 1 7 41 4 7 41 5 7 41 6 7 42 7 7 37 8 7 39 9 7 38 10 7 41 1 11 41 4 11 41 5 11 41 6 11 42 7 11 37 8 11 39 9 11 38 10 11 41 1 12 41 4 12 41 5 12 41 6 12 42 7 12 37 8 12 39 9 12 38 10 12 41 0 24 2 3 80 4 3 81 6 3 76 10 3 80 2 4 80 4 4 81 6 4 76 10 4 80 2 5 80 4 5 81 6 5 76 10 5 80 2 9 80 4 9 81 6 9 76 10 9 80 2 10 80 4 10 81 6 10 76 10 10 80 2 12 80 4 12 81 6 12 76 10 12 80 0 30 2 1 42 3 1 41 5 1 37 9 1 40 10 1 40 2 3 42 3 3 41 5 3 37 9 3 40 10 3 40 2 7 42 3 7 41 5 7 37 9 7 40 10 7 40 2 10 42 3 10 41 5 10 37 9 10 40 10 10 40 2 11 42 3 11 41 5 11 37 9 11 40 10 11 40 2 12 42 3 12 41 5 12 37 9 12 40 10 12 40 
21 0 30 2 2 91 3 2 89 5 2 90 7 2 95 9 2 91 2 4 91 3 4 89 5 4 90 7 4 95 9 4 91 2 8 91 3 8 89 5 8 90 7 8 95 9 8 91 2 9 91 3 9 89 5 9 90 7 9 95 9 9 91 2 10 91 3 10 89 5 10 90 7 10 95 9 10 91 2 12 91 3 12 89 5 12 90 7 12 95 9 12 91 0 48 1 1 58 2 1 60 3 1 61 4 1 60 5 1 62 6 1 62 9 1 63 10 1 62 1 2 58 2 2 60 3 2 61 4 2 60 5 2 62 6 2 62 9 2 63 10 2 62 1 3 58 2 3 60 3 3 61 4 3 60 5 3 62 6 3 62 9 3 63 10 3 62 1 9 58 2 9 60 3 9 61 4 9 60 5 9 62 6 9 62 9 9 63 10 9 62 1 10 58 2 10 60 3 10 61 4 10 60 5 10 62 6 10 62 9 10 63 10 10 62 1 12 58 2 12 60 3 12 61 4 12 60 5 12 62 6 12 62 9 12 63 10 12 62 0 24 4 1 93 5 1 94 7 1 97 10 1 91 4 2 93 5 2 94 7 2 97 10 2 91 4 5 93 5 5 94 7 5 97 10 5 91 4 6 93 5 6 94 7 6 97 10 6 91 4 7 93 5 7 94 7 7 97 10 7 91 4 8 93 5 8 94 7 8 97 10 8 91 0 36 3 1 47 4 1 42 6 1 46 7 1 42 8 1 46 9 1 42 3 4 47 4 4 42 6 4 46 7 4 42 8 4 46 9 4 42 3 7 47 4 7 42 6 7 46 7 7 42 8 7 46 9 7 42 3 9 47 4 9 42 6 9 46 7 9 42 8 9 46 9 9 42 3 10 47 4 10 42 6 10 46 7 10 42 8 10 46 9 10 42 3 11 47 4 11 42 6 11 46 7 11 42 8 11 46 9 11 42 1 6 1 26 2 26 3 26 4 26 5 26 10 26 0 36 3 3 57 5 3 59 7 3 56 8 3 59 9 3 59 10 3 60 3 4 57 5 4 59 7 4 56 8 4 59 9 4 59 10 4 60 3 5 57 5 5 59 7 5 56 8 5 59 9 5 59 10 5 60 3 8 57 5 8 59 7 8 56 8 8 59 9 8 59 10 8 60 3 9 57 5 9 59 7 9 56 8 9 59 9 9 59 10 9 60 3 11 57 5 11 59 7 11 56 8 11 59 9 11 59 10 11 60 0 30 5 2 92 7 2 93 8 2 92 9 2 90 10 2 91 5 3 92 7 3 93 8 3 92 9 3 90 10 3 91 5 4 92 7 4 93 8 4 92 9 4 90 10 4 91 5 5 92 7 5 93 8 5 92 9 5 90 10 5 91 5 8 92 7 8 93 8 8 92 9 8 90 10 8 91 5 11 92 7 11 93 8 11 92 9 11 90 10 11 91 0 42 1 1 67 3 1 71 6 1 66 7 1 67 8 1 68 9 1 67 10 1 68 1 2 67 3 2 71 6 2 66 7 2 67 8 2 68 9 2 67 10 2 68 1 7 67 3 7 71 6 7 66 7 7 67 8 7 68 9 7 67 10 7 68 1 8 67 3 8 71 6 8 66 7 8 67 8 8 68 9 8 67 10 8 68 1 9 67 3 9 71 6 9 66 7 9 67 8 9 68 9 9 67 10 9 68 1 12 67 3 12 71 6 12 66 7 12 67 8 12 68 9 12 67 10 12 68 0 36 2 1 60 4 1 60 5 1 63 8 1 65 9 1 60 10 1 65 2 4 60 4 4 60 5 4 63 8 4 65 9 4 60 10 4 65 2 5 60 4 5 60 5 5 63 8 5 65 9 5 60 10 5 65 2 9 60 4 9 60 5 9 63 8 9 65 9 9 60 10 9 65 2 10 60 4 10 60 5 10 63 8 10 65 9 10 60 10 10 65 2 11 60 4 11 60 5 11 63 8 11 65 9 11 60 10 11 65 0 42 1 3 93 3 3 89 4 3 88 6 3 93 8 3 93 9 3 90 10 3 93 1 5 93 3 5 89 4 5 88 6 5 93 8 5 93 9 5 90 10 5 93 1 8 93 3 8 89 4 8 88 6 8 93 8 8 93 9 8 90 10 8 93 1 9 93 3 9 89 4 9 88 6 9 93 8 9 93 9 9 90 10 9 93 1 10 93 3 10 89 4 10 88 6 10 93 8 10 93 9 10 90 10 10 93 1 12 93 3 12 89 4 12 88 6 12 93 8 12 93 9 12 90 10 12 93 0 30 2 1 43 3 1 43 4 1 43 7 1 43 9 1 42 2 3 43 3 3 43 4 3 43 7 3 43 9 3 42 2 4 43 3 4 43 4 4 43 7 4 43 9 4 42 2 7 43 3 7 43 4 7 43 7 7 43 9 7 42 2 10 43 3 10 43 4 10 43 7 10 43 9 10 42 2 11 43 3 11 43 4 11 43 7 11 43 9 11 42 0 36 1 2 92 2 2 95 4 2 95 5 2 95 7 2 91 8 2 95 1 3 92 2 3 95 4 3 95 5 3 95 7 3 91 8 3 95 1 4 92 2 4 95 4 4 95 5 4 95 7 4 91 8 4 95 1 7 92 2 7 95 4 7 95 5 7 95 7 7 91 8 7 95 1 8 92 2 8 95 4 8 95 5 8 95 7 8 91 8 8 95 1 9 92 2 9 95 4 9 95 5 9 95 7 9 91 8 9 95 0 30 2 1 67 7 1 63 8 1 67 9 1 70 10 1 66 2 3 67 7 3 63 8 3 67 9 3 70 10 3 66 2 5 67 7 5 63 8 5 67 9 5 70 10 5 66 2 6 67 7 6 63 8 6 67 9 6 70 10 6 66 2 7 67 7 7 63 8 7 67 9 7 70 10 7 66 2 10 67 7 10 63 8 10 67 9 10 70 10 10 66 0 12 3 3 83 8 3 80 3 4 83 8 4 80 3 5 83 8 5 80 3 6 83 8 6 80 3 8 83 8 8 80 3 10 83 8 10 80 0 36 1 3 67 2 3 69 3 3 68 6 3 68 8 3 69 10 3 68 1 5 67 2 5 69 3 5 68 6 5 68 8 5 69 10 5 68 1 7 67 2 7 69 3 7 68 6 7 68 8 7 69 10 7 68 1 9 67 2 9 69 3 9 68 6 9 68 8 9 69 10 9 68 1 10 67 2 10 69 3 10 68 6 10 68 8 10 69 10 10 68 1 11 67 2 11 69 3 11 68 6 11 68 8 11 69 10 11 68 0 24 4 1 23 5 1 21 9 1 24 10 1 21 4 3 23 5 3 21 9 3 24 10 3 21 4 5 23 5 5 21 9 5 24 10 5 21 4 6 23 5 6 21 9 6 24 10 6 21 4 9 23 5 9 21 9 9 24 10 9 21 4 10 23 5 10 21 9 10 24 10 10 21 1 6 1 26 4 26 5 26 8 26 9 26 11 26 0 6 8 3 37 8 4 37 8 7 37 8 9 37 8 10 37 8 12 37 0 42 2 1 26 3 1 24 4 1 23 6 1 22 7 1 24 8 1 24 9 1 28 2 3 26 3 3 24 4 3 23 6 3 22 7 3 24 8 3 24 9 3 28 2 7 26 3 7 24 4 7 23 6 7 22 7 7 24 8 7 24 9 7 28 2 8 26 3 8 24 4 8 23 6 8 22 7 8 24 8 8 24 9 8 28 2 10 26 3 10 24 4 10 23 6 10 22 7 10 24 8 10 24 9 10 28 2 11 26 3 11 24 4 11 23 6 11 22 7 11 24 8 11 24 9 11 28 0 36 2 3 95 3 3 99 4 3 95 7 3 99 8 3 95 10 3 98 2 4 95 3 4 99 4 4 95 7 4 99 8 4 95 10 4 98 2 5 95 3 5 99 4 5 95 7 5 99 8 5 95 10 5 98 2 10 95 3 10 99 4 10 95 7 10 99 8 10 95 10 10 98 2 11 95 3 11 99 4 11 95 7 11 99 8 11 95 10 11 98 2 12 95 3 12 99 4 12 95 7 12 99 8 12 95 10 12 98 0 18 2 2 82 4 2 79 7 2 84 2 4 82 4 4 79 7 4 84 2 5 82 4 5 79 7 5 84 2 8 82 4 8 79 7 8 84 2 9 82 4 9 79 7 9 84 2 12 82 4 12 79 7 12 84 
15 0 30 2 5 69 3 5 64 4 5 64 8 5 63 9 5 62 2 7 69 3 7 64 4 7 64 8 7 63 9 7 62 2 8 69 3 8 64 4 8 64 8 8 63 9 8 62 2 10 69 3 10 64 4 10 64 8 10 63 9 10 62 2 11 69 3 11 64 4 11 64 8 11 63 9 11 62 2 12 69 3 12 64 4 12 64 8 12 63 9 12 62 0 42 2 2 20 3 2 20 4 2 20 5 2 20 8 2 22 9 2 17 10 2 17 2 4 20 3 4 20 4 4 20 5 4 20 8 4 22 9 4 17 10 4 17 2 7 20 3 7 20 4 7 20 5 7 20 8 7 22 9 7 17 10 7 17 2 8 20 3 8 20 4 8 20 5 8 20 8 8 22 9 8 17 10 8 17 2 10 20 3 10 20 4 10 20 5 10 20 8 10 22 9 10 17 10 10 17 2 12 20 3 12 20 4 12 20 5 12 20 8 12 22 9 12 17 10 12 17 0 18 3 1 83 4 1 79 6 1 79 3 2 83 4 2 79 6 2 79 3 3 83 4 3 79 6 3 79 3 4 83 4 4 79 6 4 79 3 6 83 4 6 79 6 6 79 3 8 83 4 8 79 6 8 79 0 30 2 5 40 3 5 38 5 5 37 7 5 42 10 5 38 2 6 40 3 6 38 5 6 37 7 6 42 10 6 38 2 7 40 3 7 38 5 7 37 7 7 42 10 7 38 2 8 40 3 8 38 5 8 37 7 8 42 10 8 38 2 9 40 3 9 38 5 9 37 7 9 42 10 9 38 2 11 40 3 11 38 5 11 37 7 11 42 10 11 38 0 18 2 1 71 6 1 71 9 1 71 2 4 71 6 4 71 9 4 71 2 6 71 6 6 71 9 6 71 2 7 71 6 7 71 9 7 71 2 10 71 6 10 71 9 10 71 2 11 71 6 11 71 9 11 71 0 36 2 1 43 3 1 43 4 1 47 5 1 46 8 1 43 10 1 43 2 2 43 3 2 43 4 2 47 5 2 46 8 2 43 10 2 43 2 3 43 3 3 43 4 3 47 5 3 46 8 3 43 10 3 43 2 6 43 3 6 43 4 6 47 5 6 46 8 6 43 10 6 43 2 11 43 3 11 43 4 11 47 5 11 46 8 11 43 10 11 43 2 12 43 3 12 43 4 12 47 5 12 46 8 12 43 10 12 43 0 30 3 2 97 5 2 99 7 2 99 9 2 95 10 2 98 3 3 97 5 3 99 7 3 99 9 3 95 10 3 98 3 5 97 5 5 99 7 5 99 9 5 95 10 5 98 3 9 97 5 9 99 7 9 99 9 9 95 10 9 98 3 10 97 5 10 99 7 10 99 9 10 95 10 10 98 3 11 97 5 11 99 7 11 99 9 11 95 10 11 98 0 18 2 1 29 3 1 26 9 1 24 2 2 29 3 2 26 9 2 24 2 4 29 3 4 26 9 4 24 2 5 29 3 5 26 9 5 24 2 7 29 3 7 26 9 7 24 2 8 29 3 8 26 9 8 24 0 24 4 2 35 5 2 35 6 2 34 9 2 36 4 5 35 5 5 35 6 5 34 9 5 36 4 7 35 5 7 35 6 7 34 9 7 36 4 8 35 5 8 35 6 8 34 9 8 36 4 11 35 5 11 35 6 11 34 9 11 36 4 12 35 5 12 35 6 12 34 9 12 36 0 24 1 1 92 3 1 82 6 1 88 9 1 87 1 3 92 3 3 82 6 3 88 9 3 87 1 5 92 3 5 82 6 5 88 9 5 87 1 8 92 3 8 82 6 8 88 9 8 87 1 10 92 3 10 82 6 10 88 9 10 87 1 11 92 3 11 82 6 11 88 9 11 87 1 6 1 71 2 71 3 71 6 71 8 71 9 71 1 6 1 86 3 86 4 86 5 86 10 86 11 86 0 42 1 1 49 2 1 46 3 1 50 4 1 48 5 1 49 6 1 49 10 1 49 1 3 49 2 3 46 3 3 50 4 3 48 5 3 49 6 3 49 10 3 49 1 4 49 2 4 46 3 4 50 4 4 48 5 4 49 6 4 49 10 4 49 1 5 49 2 5 46 3 5 50 4 5 48 5 5 49 6 5 49 10 5 49 1 6 49 2 6 46 3 6 50 4 6 48 5 6 49 6 6 49 10 6 49 1 10 49 2 10 46 3 10 50 4 10 48 5 10 49 6 10 49 10 10 49 0 18 5 2 40 6 2 33 8 2 36 5 4 40 6 4 33 8 4 36 5 5 40 6 5 33 8 5 36 5 7 40 6 7 33 8 7 36 5 9 40 6 9 33 8 9 36 5 12 40 6 12 33 8 12 36 0 30 2 1 47 3 1 48 5 1 48 8 1 48 9 1 48 2 2 47 3 2 48 5 2 48 8 2 48 9 2 48 2 4 47 3 4 48 5 4 48 8 4 48 9 4 48 2 6 47 3 6 48 5 6 48 8 6 48 9 6 48 2 7 47 3 7 48 5 7 48 8 7 48 9 7 48 2 9 47 3 9 48 5 9 48 8 9 48 9 9 48 
17 0 18 2 1 61 4 1 63 9 1 60 2 2 61 4 2 63 9 2 60 2 3 61 4 3 63 9 3 60 2 7 61 4 7 63 9 7 60 2 8 61 4 8 63 9 8 60 2 9 61 4 9 63 9 9 60 0 12 6 3 58 9 3 58 6 4 58 9 4 58 6 6 58 9 6 58 6 8 58 9 8 58 6 9 58 9 9 58 6 10 58 9 10 58 0 48 2 2 94 3 2 95 4 2 93 6 2 93 7 2 96 8 2 98 9 2 97 10 2 93 2 5 94 3 5 95 4 5 93 6 5 93 7 5 96 8 5 98 9 5 97 10 5 93 2 6 94 3 6 95 4 6 93 6 6 93 7 6 96 8 6 98 9 6 97 10 6 93 2 10 94 3 10 95 4 10 93 6 10 93 7 10 96 8 10 98 9 10 97 10 10 93 2 11 94 3 11 95 4 11 93 6 11 93 7 11 96 8 11 98 9 11 97 10 11 93 2 12 94 3 12 95 4 12 93 6 12 93 7 12 96 8 12 98 9 12 97 10 12 93 1 6 1 71 3 71 4 71 8 71 9 71 11 71 0 12 7 1 76 10 1 76 7 3 76 10 3 76 7 4 76 10 4 76 7 5 76 10 5 76 7 7 76 10 7 76 7 9 76 10 9 76 0 24 6 1 14 7 1 16 8 1 18 10 1 19 6 2 14 7 2 16 8 2 18 10 2 19 6 4 14 7 4 16 8 4 18 10 4 19 6 7 14 7 7 16 8 7 18 10 7 19 6 10 14 7 10 16 8 10 18 10 10 19 6 12 14 7 12 16 8 12 18 10 12 19 0 36 2 1 34 4 1 36 5 1 29 8 1 34 9 1 36 10 1 30 2 7 34 4 7 36 5 7 29 8 7 34 9 7 36 10 7 30 2 8 34 4 8 36 5 8 29 8 8 34 9 8 36 10 8 30 2 9 34 4 9 36 5 9 29 8 9 34 9 9 36 10 9 30 2 10 34 4 10 36 5 10 29 8 10 34 9 10 36 10 10 30 2 11 34 4 11 36 5 11 29 8 11 34 9 11 36 10 11 30 0 48 1 7 59 2 7 55 3 7 59 4 7 55 5 7 56 6 7 56 8 7 55 10 7 52 1 8 59 2 8 55 3 8 59 4 8 55 5 8 56 6 8 56 8 8 55 10 8 52 1 9 59 2 9 55 3 9 59 4 9 55 5 9 56 6 9 56 8 9 55 10 9 52 1 10 59 2 10 55 3 10 59 4 10 55 5 10 56 6 10 56 8 10 55 10 10 52 1 11 59 2 11 55 3 11 59 4 11 55 5 11 56 6 11 56 8 11 55 10 11 52 1 12 59 2 12 55 3 12 59 4 12 55 5 12 56 6 12 56 8 12 55 10 12 52 0 18 5 1 55 6 1 56 10 1 53 5 5 55 6 5 56 10 5 53 5 6 55 6 6 56 10 6 53 5 9 55 6 9 56 10 9 53 5 10 55 6 10 56 10 10 53 5 12 55 6 12 56 10 12 53 1 6 4 22 5 22 7 22 9 22 11 22 12 22 1 6 4 55 6 55 8 55 10 55 11 55 12 55 0 36 1 2 84 3 2 84 4 2 84 5 2 83 7 2 88 8 2 89 1 6 84 3 6 84 4 6 84 5 6 83 7 6 88 8 6 89 1 8 84 3 8 84 4 8 84 5 8 83 7 8 88 8 8 89 1 9 84 3 9 84 4 9 84 5 9 83 7 9 88 8 9 89 1 10 84 3 10 84 4 10 84 5 10 83 7 10 88 8 10 89 1 12 84 3 12 84 4 12 84 5 12 83 7 12 88 8 12 89 0 18 1 2 46 3 2 49 8 2 47 1 4 46 3 4 49 8 4 47 1 8 46 3 8 49 8 8 47 1 10 46 3 10 49 8 10 47 1 11 46 3 11 49 8 11 47 1 12 46 3 12 49 8 12 47 0 36 1 1 66 3 1 71 7 1 71 8 1 76 9 1 71 10 1 70 1 2 66 3 2 71 7 2 71 8 2 76 9 2 71 10 2 70 1 4 66 3 4 71 7 4 71 8 4 76 9 4 71 10 4 70 1 6 66 3 6 71 7 6 71 8 6 76 9 6 71 10 6 70 1 11 66 3 11 71 7 11 71 8 11 76 9 11 71 10 11 70 1 12 66 3 12 71 7 12 71 8 12 76 9 12 71 10 12 70 0 42 2 2 29 3 2 38 4 2 34 5 2 37 6 2 33 8 2 29 9 2 32 2 5 29 3 5 38 4 5 34 5 5 37 6 5 33 8 5 29 9 5 32 2 6 29 3 6 38 4 6 34 5 6 37 6 6 33 8 6 29 9 6 32 2 7 29 3 7 38 4 7 34 5 7 37 6 7 33 8 7 29 9 7 32 2 8 29 3 8 38 4 8 34 5 8 37 6 8 33 8 8 29 9 8 32 2 12 29 3 12 38 4 12 34 5 12 37 6 12 33 8 12 29 9 12 32 0 42 2 4 48 3 4 49 4 4 52 5 4 47 6 4 46 7 4 48 10 4 45 2 6 48 3 6 49 4 6 52 5 6 47 6 6 46 7 6 48 10 6 45 2 7 48 3 7 49 4 7 52 5 7 47 6 7 46 7 7 48 10 7 45 2 8 48 3 8 49 4 8 52 5 8 47 6 8 46 7 8 48 10 8 45 2 9 48 3 9 49 4 9 52 5 9 47 6 9 46 7 9 48 10 9 45 2 11 48 3 11 49 4 11 52 5 11 47 6 11 46 7 11 48 10 11 45 0 42 2 2 48 3 2 48 5 2 51 6 2 51 7 2 55 8 2 54 9 2 54 2 7 48 3 7 48 5 7 51 6 7 51 7 7 55 8 7 54 9 7 54 2 8 48 3 8 48 5 8 51 6 8 51 7 8 55 8 8 54 9 8 54 2 10 48 3 10 48 5 10 51 6 10 51 7 10 55 8 10 54 9 10 54 2 11 48 3 11 48 5 11 51 6 11 51 7 11 55 8 11 54 9 11 54 2 12 48 3 12 48 5 12 51 6 12 51 7 12 55 8 12 54 9 12 54 
25 1 6 3 36 4 36 6 36 10 36 11 36 12 36 0 36 1 3 73 3 3 77 7 3 73 8 3 70 9 3 74 10 3 73 1 4 73 3 4 77 7 4 73 8 4 70 9 4 74 10 4 73 1 7 73 3 7 77 7 7 73 8 7 70 9 7 74 10 7 73 1 9 73 3 9 77 7 9 73 8 9 70 9 9 74 10 9 73 1 11 73 3 11 77 7 11 73 8 11 70 9 11 74 10 11 73 1 12 73 3 12 77 7 12 73 8 12 70 9 12 74 10 12 73 0 42 2 2 42 3 2 38 4 2 38 5 2 35 6 2 41 7 2 36 10 2 36 2 3 42 3 3 38 4 3 38 5 3 35 6 3 41 7 3 36 10 3 36 2 6 42 3 6 38 4 6 38 5 6 35 6 6 41 7 6 36 10 6 36 2 7 42 3 7 38 4 7 38 5 7 35 6 7 41 7 7 36 10 7 36 2 8 42 3 8 38 4 8 38 5 8 35 6 8 41 7 8 36 10 8 36 2 9 42 3 9 38 4 9 38 5 9 35 6 9 41 7 9 36 10 9 36 0 24 2 2 72 4 2 68 6 2 71 8 2 69 2 5 72 4 5 68 6 5 71 8 5 69 2 8 72 4 8 68 6 8 71 8 8 69 2 10 72 4 10 68 6 10 71 8 10 69 2 11 72 4 11 68 6 11 71 8 11 69 2 12 72 4 12 68 6 12 71 8 12 69 0 30 1 3 65 6 3 65 7 3 64 8 3 65 10 3 69 1 5 65 6 5 65 7 5 64 8 5 65 10 5 69 1 8 65 6 8 65 7 8 64 8 8 65 10 8 69 1 9 65 6 9 65 7 9 64 8 9 65 10 9 69 1 11 65 6 11 65 7 11 64 8 11 65 10 11 69 1 12 65 6 12 65 7 12 64 8 12 65 10 12 69 0 30 2 3 37 3 3 42 4 3 36 6 3 36 7 3 41 2 4 37 3 4 42 4 4 36 6 4 36 7 4 41 2 7 37 3 7 42 4 7 36 6 7 36 7 7 41 2 10 37 3 10 42 4 10 36 6 10 36 7 10 41 2 11 37 3 11 42 4 11 36 6 11 36 7 11 41 2 12 37 3 12 42 4 12 36 6 12 36 7 12 41 0 36 2 1 24 4 1 21 5 1 19 7 1 21 8 1 24 9 1 23 2 4 24 4 4 21 5 4 19 7 4 21 8 4 24 9 4 23 2 7 24 4 7 21 5 7 19 7 7 21 8 7 24 9 7 23 2 9 24 4 9 21 5 9 19 7 9 21 8 9 24 9 9 23 2 10 24 4 10 21 5 10 19 7 10 21 8 10 24 9 10 23 2 11 24 4 11 21 5 11 19 7 11 21 8 11 24 9 11 23 0 30 2 1 33 6 1 29 7 1 34 8 1 36 9 1 38 2 3 33 6 3 29 7 3 34 8 3 36 9 3 38 2 4 33 6 4 29 7 4 34 8 4 36 9 4 38 2 6 33 6 6 29 7 6 34 8 6 36 9 6 38 2 7 33 6 7 29 7 7 34 8 7 36 9 7 38 2 11 33 6 11 29 7 11 34 8 11 36 9 11 38 0 48 2 1 46 3 1 44 5 1 43 6 1 42 7 1 43 8 1 43 9 1 39 10 1 43 2 7 46 3 7 44 5 7 43 6 7 42 7 7 43 8 7 43 9 7 39 10 7 43 2 9 46 3 9 44 5 9 43 6 9 42 7 9 43 8 9 43 9 9 39 10 9 43 2 10 46 3 10 44 5 10 43 6 10 42 7 10 43 8 10 43 9 10 39 10 10 43 2 11 46 3 11 44 5 11 43 6 11 42 7 11 43 8 11 43 9 11 39 10 11 43 2 12 46 3 12 44 5 12 43 6 12 42 7 12 43 8 12 43 9 12 39 10 12 43 0 30 2 1 89 6 1 90 7 1 90 9 1 90 10 1 87 2 4 89 6 4 90 7 4 90 9 4 90 10 4 87 2 6 89 6 6 90 7 6 90 9 6 90 10 6 87 2 8 89 6 8 90 7 8 90 9 8 90 10 8 87 2 9 89 6 9 90 7 9 90 9 9 90 10 9 87 2 11 89 6 11 90 7 11 90 9 11 90 10 11 87 0 42 2 1 56 3 1 58 4 1 61 6 1 58 7 1 59 9 1 58 10 1 58 2 2 56 3 2 58 4 2 61 6 2 58 7 2 59 9 2 58 10 2 58 2 3 56 3 3 58 4 3 61 6 3 58 7 3 59 9 3 58 10 3 58 2 4 56 3 4 58 4 4 61 6 4 58 7 4 59 9 4 58 10 4 58 2 7 56 3 7 58 4 7 61 6 7 58 7 7 59 9 7 58 10 7 58 2 8 56 3 8 58 4 8 61 6 8 58 7 8 59 9 8 58 10 8 58 0 18 1 5 35 7 5 37 10 5 41 1 6 35 7 6 37 10 6 41 1 8 35 7 8 37 10 8 41 1 9 35 7 9 37 10 9 41 1 10 35 7 10 37 10 10 41 1 11 35 7 11 37 10 11 41 0 30 3 2 72 5 2 70 7 2 70 9 2 67 10 2 67 3 7 72 5 7 70 7 7 70 9 7 67 10 7 67 3 9 72 5 9 70 7 9 70 9 9 67 10 9 67 3 10 72 5 10 70 7 10 70 9 10 67 10 10 67 3 11 72 5 11 70 7 11 70 9 11 67 10 11 67 3 12 72 5 12 70 7 12 70 9 12 67 10 12 67 0 36 2 3 21 4 3 24 5 3 25 6 3 28 7 3 29 9 3 22 2 5 21 4 5 24 5 5 25 6 5 28 7 5 29 9 5 22 2 6 21 4 6 24 5 6 25 6 6 28 7 6 29 9 6 22 2 8 21 4 8 24 5 8 25 6 8 28 7 8 29 9 8 22 2 9 21 4 9 24 5 9 25 6 9 28 7 9 29 9 9 22 2 11 21 4 11 24 5 11 25 6 11 28 7 11 29 9 11 22 0 30 1 1 29 2 1 29 3 1 29 7 1 25 10 1 32 1 2 29 2 2 29 3 2 29 7 2 25 10 2 32 1 3 29 2 3 29 3 3 29 7 3 25 10 3 32 1 5 29 2 5 29 3 5 29 7 5 25 10 5 32 1 7 29 2 7 29 3 7 29 7 7 25 10 7 32 1 12 29 2 12 29 3 12 29 7 12 25 10 12 32 0 24 1 3 64 3 3 62 4 3 67 5 3 60 1 5 64 3 5 62 4 5 67 5 5 60 1 6 64 3 6 62 4 6 67 5 6 60 1 7 64 3 7 62 4 7 67 5 7 60 1 9 64 3 9 62 4 9 67 5 9 60 1 11 64 3 11 62 4 11 67 5 11 60 0 24 3 3 54 6 3 59 7 3 52 9 3 54 3 4 54 6 4 59 7 4 52 9 4 54 3 5 54 6 5 59 7 5 52 9 5 54 3 8 54 6 8 59 7 8 52 9 8 54 3 11 54 6 11 59 7 11 52 9 11 54 3 12 54 6 12 59 7 12 52 9 12 54 0 30 3 1 64 4 1 65 5 1 67 7 1 61 9 1 67 3 3 64 4 3 65 5 3 67 7 3 61 9 3 67 3 5 64 4 5 65 5 5 67 7 5 61 9 5 67 3 6 64 4 6 65 5 6 67 7 6 61 9 6 67 3 8 64 4 8 65 5 8 67 7 8 61 9 8 67 3 9 64 4 9 65 5 9 67 7 9 61 9 9 67 0 30 1 3 33 3 3 36 4 3 38 5 3 38 10 3 34 1 4 33 3 4 36 4 4 38 5 4 38 10 4 34 1 5 33 3 5 36 4 5 38 5 5 38 10 5 34 1 7 33 3 7 36 4 7 38 5 7 38 10 7 34 1 8 33 3 8 36 4 8 38 5 8 38 10 8 34 1 12 33 3 12 36 4 12 38 5 12 38 10 12 34 1 6 1 48 4 48 5 48 9 48 11 48 12 48 1 6 2 79 3 79 4 79 5 79 10 79 12 79 0 30 1 3 43 3 3 43 4 3 41 7 3 43 10 3 40 1 4 43 3 4 43 4 4 41 7 4 43 10 4 40 1 6 43 3 6 43 4 6 41 7 6 43 10 6 40 1 7 43 3 7 43 4 7 41 7 7 43 10 7 40 1 9 43 3 9 43 4 9 41 7 9 43 10 9 40 1 11 43 3 11 43 4 11 41 7 11 43 10 11 40 0 24 2 5 79 5 5 79 7 5 79 8 5 79 2 6 79 5 6 79 7 6 79 8 6 79 2 7 79 5 7 79 7 7 79 8 7 79 2 9 79 5 9 79 7 9 79 8 9 79 2 10 79 5 10 79 7 10 79 8 10 79 2 12 79 5 12 79 7 12 79 8 12 79 0 24 1 2 50 5 2 49 6 2 53 7 2 52 1 3 50 5 3 49 6 3 53 7 3 52 1 6 50 5 6 49 6 6 53 7 6 52 1 8 50 5 8 49 6 8 53 7 8 52 1 11 50 5 11 49 6 11 53 7 11 52 1 12 50 5 12 49 6 12 53 7 12 52 0 48 1 2 71 2 2 73 3 2 74 5 2 73 7 2 77 8 2 76 9 2 73 10 2 73 1 4 71 2 4 73 3 4 74 5 4 73 7 4 77 8 4 76 9 4 73 10 4 73 1 7 71 2 7 73 3 7 74 5 7 73 7 7 77 8 7 76 9 7 73 10 7 73 1 8 71 2 8 73 3 8 74 5 8 73 7 8 77 8 8 76 9 8 73 10 8 73 1 10 71 2 10 73 3 10 74 5 10 73 7 10 77 8 10 76 9 10 73 10 10 73 1 11 71 2 11 73 3 11 74 5 11 73 7 11 77 8 11 76 9 11 73 10 11 73 
23 0 18 5 1 37 6 1 37 9 1 37 5 2 37 6 2 37 9 2 37 5 3 37 6 3 37 9 3 37 5 9 37 6 9 37 9 9 37 5 11 37 6 11 37 9 11 37 5 12 37 6 12 37 9 12 37 0 30 1 1 79 2 1 80 3 1 74 6 1 72 10 1 80 1 7 79 2 7 80 3 7 74 6 7 72 10 7 80 1 8 79 2 8 80 3 8 74 6 8 72 10 8 80 1 10 79 2 10 80 3 10 74 6 10 72 10 10 80 1 11 79 2 11 80 3 11 74 6 11 72 10 11 80 1 12 79 2 12 80 3 12 74 6 12 72 10 12 80 0 36 1 4 43 2 4 44 3 4 47 4 4 44 6 4 44 10 4 40 1 5 43 2 5 44 3 5 47 4 5 44 6 5 44 10 5 40 1 6 43 2 6 44 3 6 47 4 6 44 6 6 44 10 6 40 1 7 43 2 7 44 3 7 47 4 7 44 6 7 44 10 7 40 1 11 43 2 11 44 3 11 47 4 11 44 6 11 44 10 11 40 1 12 43 2 12 44 3 12 47 4 12 44 6 12 44 10 12 40 0 18 5 1 77 9 1 73 10 1 78 5 2 77 9 2 73 10 2 78 5 6 77 9 6 73 10 6 78 5 8 77 9 8 73 10 8 78 5 9 77 9 9 73 10 9 78 5 11 77 9 11 73 10 11 78 0 30 1 5 44 3 5 44 4 5 44 7 5 40 10 5 43 1 6 44 3 6 44 4 6 44 7 6 40 10 6 43 1 8 44 3 8 44 4 8 44 7 8 40 10 8 43 1 10 44 3 10 44 4 10 44 7 10 40 10 10 43 1 11 44 3 11 44 4 11 44 7 11 40 10 11 43 1 12 44 3 12 44 4 12 44 7 12 40 10 12 43 0 24 1 2 21 3 2 22 9 2 22 10 2 25 1 5 21 3 5 22 9 5 22 10 5 25 1 6 21 3 6 22 9 6 22 10 6 25 1 8 21 3 8 22 9 8 22 10 8 25 1 9 21 3 9 22 9 9 22 10 9 25 1 11 21 3 11 22 9 11 22 10 11 25 0 24 1 1 58 4 1 62 9 1 62 10 1 63 1 4 58 4 4 62 9 4 62 10 4 63 1 5 58 4 5 62 9 5 62 10 5 63 1 9 58 4 9 62 9 9 62 10 9 63 1 10 58 4 10 62 9 10 62 10 10 63 1 12 58 4 12 62 9 12 62 10 12 63 0 30 2 1 97 3 1 98 4 1 89 8 1 91 9 1 98 2 6 97 3 6 98 4 6 89 8 6 91 9 6 98 2 7 97 3 7 98 4 7 89 8 7 91 9 7 98 2 8 97 3 8 98 4 8 89 8 8 91 9 8 98 2 9 97 3 9 98 4 9 89 8 9 91 9 9 98 2 11 97 3 11 98 4 11 89 8 11 91 9 11 98 1 6 2 25 5 25 6 25 7 25 9 25 11 25 0 24 3 2 33 5 2 34 7 2 41 10 2 37 3 4 33 5 4 34 7 4 41 10 4 37 3 5 33 5 5 34 7 5 41 10 5 37 3 8 33 5 8 34 7 8 41 10 8 37 3 11 33 5 11 34 7 11 41 10 11 37 3 12 33 5 12 34 7 12 41 10 12 37 0 12 1 1 98 9 1 90 1 2 98 9 2 90 1 3 98 9 3 90 1 5 98 9 5 90 1 8 98 9 8 90 1 12 98 9 12 90 0 30 2 1 83 3 1 81 4 1 82 5 1 83 9 1 86 2 3 83 3 3 81 4 3 82 5 3 83 9 3 86 2 4 83 3 4 81 4 4 82 5 4 83 9 4 86 2 9 83 3 9 81 4 9 82 5 9 83 9 9 86 2 10 83 3 10 81 4 10 82 5 10 83 9 10 86 2 12 83 3 12 81 4 12 82 5 12 83 9 12 86 0 30 2 1 47 4 1 50 6 1 47 7 1 47 10 1 47 2 3 47 4 3 50 6 3 47 7 3 47 10 3 47 2 6 47 4 6 50 6 6 47 7 6 47 10 6 47 2 8 47 4 8 50 6 8 47 7 8 47 10 8 47 2 11 47 4 11 50 6 11 47 7 11 47 10 11 47 2 12 47 4 12 50 6 12 47 7 12 47 10 12 47 0 30 2 1 78 4 1 77 6 1 78 9 1 78 10 1 78 2 4 78 4 4 77 6 4 78 9 4 78 10 4 78 2 5 78 4 5 77 6 5 78 9 5 78 10 5 78 2 8 78 4 8 77 6 8 78 9 8 78 10 8 78 2 10 78 4 10 77 6 10 78 9 10 78 10 10 78 2 12 78 4 12 77 6 12 78 9 12 78 10 12 78 0 24 4 2 48 5 2 45 8 2 44 9 2 40 4 3 48 5 3 45 8 3 44 9 3 40 4 7 48 5 7 45 8 7 44 9 7 40 4 9 48 5 9 45 8 9 44 9 9 40 4 10 48 5 10 45 8 10 44 9 10 40 4 12 48 5 12 45 8 12 44 9 12 40 0 36 3 1 59 4 1 63 6 1 59 7 1 60 8 1 54 10 1 58 3 2 59 4 2 63 6 2 59 7 2 60 8 2 54 10 2 58 3 4 59 4 4 63 6 4 59 7 4 60 8 4 54 10 4 58 3 5 59 4 5 63 6 5 59 7 5 60 8 5 54 10 5 58 3 9 59 4 9 63 6 9 59 7 9 60 8 9 54 10 9 58 3 12 59 4 12 63 6 12 59 7 12 60 8 12 54 10 12 58 0 36 1 3 59 3 3 56 4 3 56 7 3 56 8 3 56 9 3 56 1 5 59 3 5 56 4 5 56 7 5 56 8 5 56 9 5 56 1 6 59 3 6 56 4 6 56 7 6 56 8 6 56 9 6 56 1 8 59 3 8 56 4 8 56 7 8 56 8 8 56 9 8 56 1 10 59 3 10 56 4 10 56 7 10 56 8 10 56 9 10 56 1 12 59 3 12 56 4 12 56 7 12 56 8 12 56 9 12 56 0 36 4 1 32 5 1 37 6 1 33 7 1 33 8 1 32 9 1 35 4 2 32 5 2 37 6 2 33 7 2 33 8 2 32 9 2 35 4 3 32 5 3 37 6 3 33 7 3 33 8 3 32 9 3 35 4 5 32 5 5 37 6 5 33 7 5 33 8 5 32 9 5 35 4 11 32 5 11 37 6 11 33 7 11 33 8 11 32 9 11 35 4 12 32 5 12 37 6 12 33 7 12 33 8 12 32 9 12 35 0 36 2 2 55 3 2 56 4 2 57 7 2 60 8 2 60 9 2 60 2 7 55 3 7 56 4 7 57 7 7 60 8 7 60 9 7 60 2 8 55 3 8 56 4 8 57 7 8 60 8 8 60 9 8 60 2 10 55 3 10 56 4 10 57 7 10 60 8 10 60 9 10 60 2 11 55 3 11 56 4 11 57 7 11 60 8 11 60 9 11 60 2 12 55 3 12 56 4 12 57 7 12 60 8 12 60 9 12 60 0 36 2 4 56 3 4 55 6 4 53 7 4 50 8 4 55 9 4 53 2 6 56 3 6 55 6 6 53 7 6 50 8 6 55 9 6 53 2 7 56 3 7 55 6 7 53 7 7 50 8 7 55 9 7 53 2 9 56 3 9 55 6 9 53 7 9 50 8 9 55 9 9 53 2 10 56 3 10 55 6 10 53 7 10 50 8 10 55 9 10 53 2 11 56 3 11 55 6 11 53 7 11 50 8 11 55 9 11 53 0 24 1 2 88 5 2 88 8 2 87 9 2 92 1 4 88 5 4 88 8 4 87 9 4 92 1 5 88 5 5 88 8 5 87 9 5 92 1 6 88 5 6 88 8 6 87 9 6 92 1 8 88 5 8 88 8 8 87 9 8 92 1 9 88 5 9 88 8 9 87 9 9 92 0 24 2 5 36 4 5 37 6 5 32 8 5 32 2 6 36 4 6 37 6 6 32 8 6 32 2 7 36 4 7 37 6 7 32 8 7 32 2 9 36 4 9 37 6 9 32 8 9 32 2 10 36 4 10 37 6 10 32 8 10 32 2 12 36 4 12 37 6 12 32 8 12 32 0 48 1 1 77 2 1 77 3 1 75 4 1 78 5 1 74 6 1 77 8 1 73 9 1 78 1 3 77 2 3 77 3 3 75 4 3 78 5 3 74 6 3 77 8 3 73 9 3 78 1 4 77 2 4 77 3 4 75 4 4 78 5 4 74 6 4 77 8 4 73 9 4 78 1 6 77 2 6 77 3 6 75 4 6 78 5 6 74 6 6 77 8 6 73 9 6 78 1 8 77 2 8 77 3 8 75 4 8 78 5 8 74 6 8 77 8 8 73 9 8 78 1 10 77 2 10 77 3 10 75 4 10 78 5 10 74 6 10 77 8 10 73 9 10 78 
19 0 36 1 2 45 2 2 43 4 2 44 5 2 44 6 2 40 9 2 44 1 5 45 2 5 43 4 5 44 5 5 44 6 5 40 9 5 44 1 6 45 2 6 43 4 6 44 5 6 44 6 6 40 9 6 44 1 7 45 2 7 43 4 7 44 5 7 44 6 7 40 9 7 44 1 8 45 2 8 43 4 8 44 5 8 44 6 8 40 9 8 44 1 9 45 2 9 43 4 9 44 5 9 44 6 9 40 9 9 44 0 36 1 1 40 3 1 35 4 1 39 7 1 39 8 1 36 10 1 37 1 4 40 3 4 35 4 4 39 7 4 39 8 4 36 10 4 37 1 5 40 3 5 35 4 5 39 7 5 39 8 5 36 10 5 37 1 7 40 3 7 35 4 7 39 7 7 39 8 7 36 10 7 37 1 9 40 3 9 35 4 9 39 7 9 39 8 9 36 10 9 37 1 12 40 3 12 35 4 12 39 7 12 39 8 12 36 10 12 37 0 30 1 3 44 4 3 38 6 3 42 9 3 42 10 3 41 1 4 44 4 4 38 6 4 42 9 4 42 10 4 41 1 6 44 4 6 38 6 6 42 9 6 42 10 6 41 1 9 44 4 9 38 6 9 42 9 9 42 10 9 41 1 11 44 4 11 38 6 11 42 9 11 42 10 11 41 1 12 44 4 12 38 6 12 42 9 12 42 10 12 41 0 30 2 2 82 3 2 79 6 2 77 9 2 76 10 2 75 2 4 82 3 4 79 6 4 77 9 4 76 10 4 75 2 5 82 3 5 79 6 5 77 9 5 76 10 5 75 2 6 82 3 6 79 6 6 77 9 6 76 10 6 75 2 10 82 3 10 79 6 10 77 9 10 76 10 10 75 2 12 82 3 12 79 6 12 77 9 12 76 10 12 75 0 36 1 3 73 2 3 70 3 3 72 6 3 69 8 3 72 9 3 74 1 5 73 2 5 70 3 5 72 6 5 69 8 5 72 9 5 74 1 6 73 2 6 70 3 6 72 6 6 69 8 6 72 9 6 74 1 8 73 2 8 70 3 8 72 6 8 69 8 8 72 9 8 74 1 9 73 2 9 70 3 9 72 6 9 69 8 9 72 9 9 74 1 11 73 2 11 70 3 11 72 6 11 69 8 11 72 9 11 74 0 24 1 2 63 3 2 68 5 2 59 10 2 65 1 4 63 3 4 68 5 4 59 10 4 65 1 5 63 3 5 68 5 5 59 10 5 65 1 6 63 3 6 68 5 6 59 10 6 65 1 10 63 3 10 68 5 10 59 10 10 65 1 11 63 3 11 68 5 11 59 10 11 65 0 30 1 4 70 4 4 70 5 4 77 8 4 76 9 4 74 1 5 70 4 5 70 5 5 77 8 5 76 9 5 74 1 7 70 4 7 70 5 7 77 8 7 76 9 7 74 1 9 70 4 9 70 5 9 77 8 9 76 9 9 74 1 10 70 4 10 70 5 10 77 8 10 76 9 10 74 1 12 70 4 12 70 5 12 77 8 12 76 9 12 74 0 42 1 1 32 2 1 25 4 1 30 5 1 27 6 1 27 9 1 32 10 1 31 1 2 32 2 2 25 4 2 30 5 2 27 6 2 27 9 2 32 10 2 31 1 5 32 2 5 25 4 5 30 5 5 27 6 5 27 9 5 32 10 5 31 1 7 32 2 7 25 4 7 30 5 7 27 6 7 27 9 7 32 10 7 31 1 10 32 2 10 25 4 10 30 5 10 27 6 10 27 9 10 32 10 10 31 1 12 32 2 12 25 4 12 30 5 12 27 6 12 27 9 12 32 10 12 31 0 36 1 1 56 2 1 52 3 1 47 4 1 47 5 1 51 9 1 51 1 5 56 2 5 52 3 5 47 4 5 47 5 5 51 9 5 51 1 6 56 2 6 52 3 6 47 4 6 47 5 6 51 9 6 51 1 7 56 2 7 52 3 7 47 4 7 47 5 7 51 9 7 51 1 10 56 2 10 52 3 10 47 4 10 47 5 10 51 9 10 51 1 11 56 2 11 52 3 11 47 4 11 47 5 11 51 9 11 51 0 24 5 1 13 6 1 18 7 1 20 10 1 20 5 4 13 6 4 18 7 4 20 10 4 20 5 5 13 6 5 18 7 5 20 10 5 20 5 6 13 6 6 18 7 6 20 10 6 20 5 8 13 6 8 18 7 8 20 10 8 20 5 9 13 6 9 18 7 9 20 10 9 20 0 12 6 1 36 7 1 40 6 4 36 7 4 40 6 5 36 7 5 40 6 6 36 7 6 40 6 9 36 7 9 40 6 11 36 7 11 40 1 6 1 25 2 25 3 25 7 25 10 25 12 25 1 6 3 78 4 78 6 78 7 78 10 78 11 78 1 6 1 94 4 94 5 94 7 94 10 94 12 94 0 24 4 1 64 5 1 60 6 1 56 7 1 58 4 2 64 5 2 60 6 2 56 7 2 58 4 4 64 5 4 60 6 4 56 7 4 58 4 7 64 5 7 60 6 7 56 7 7 58 4 10 64 5 10 60 6 10 56 7 10 58 4 12 64 5 12 60 6 12 56 7 12 58 0 42 1 3 86 3 3 87 4 3 90 5 3 87 6 3 91 7 3 88 9 3 90 1 4 86 3 4 87 4 4 90 5 4 87 6 4 91 7 4 88 9 4 90 1 5 86 3 5 87 4 5 90 5 5 87 6 5 91 7 5 88 9 5 90 1 7 86 3 7 87 4 7 90 5 7 87 6 7 91 7 7 88 9 7 90 1 9 86 3 9 87 4 9 90 5 9 87 6 9 91 7 9 88 9 9 90 1 10 86 3 10 87 4 10 90 5 10 87 6 10 91 7 10 88 9 10 90 0 30 2 1 54 3 1 49 4 1 53 5 1 53 6 1 56 2 2 54 3 2 49 4 2 53 5 2 53 6 2 56 2 3 54 3 3 49 4 3 53 5 3 53 6 3 56 2 4 54 3 4 49 4 4 53 5 4 53 6 4 56 2 7 54 3 7 49 4 7 53 5 7 53 6 7 56 2 9 54 3 9 49 4 9 53 5 9 53 6 9 56 0 36 1 1 79 2 1 82 6 1 79 7 1 79 9 1 80 10 1 79 1 4 79 2 4 82 6 4 79 7 4 79 9 4 80 10 4 79 1 5 79 2 5 82 6 5 79 7 5 79 9 5 80 10 5 79 1 8 79 2 8 82 6 8 79 7 8 79 9 8 80 10 8 79 1 10 79 2 10 82 6 10 79 7 10 79 9 10 80 10 10 79 1 12 79 2 12 82 6 12 79 7 12 79 9 12 80 10 12 79 0 60 1 1 60 2 1 60 3 1 60 4 1 60 5 1 60 6 1 60 7 1 60 8 1 60 9 1 59 10 1 57 1 4 60 2 4 60 3 4 60 4 4 60 5 4 60 6 4 60 7 4 60 8 4 60 9 4 59 10 4 57 1 7 60 2 7 60 3 7 60 4 7 60 5 7 60 6 7 60 7 7 60 8 7 60 9 7 59 10 7 57 1 10 60 2 10 60 3 10 60 4 10 60 5 10 60 6 10 60 7 10 60 8 10 60 9 10 59 10 10 57 1 11 60 2 11 60 3 11 60 4 11 60 5 11 60 6 11 60 7 11 60 8 11 60 9 11 59 10 11 57 1 12 60 2 12 60 3 12 60 4 12 60 5 12 60 6 12 60 7 12 60 8 12 60 9 12 59 10 12 57 
19 0 36 1 1 59 2 1 60 4 1 59 6 1 59 9 1 59 10 1 59 1 2 59 2 2 60 4 2 59 6 2 59 9 2 59 10 2 59 1 3 59 2 3 60 4 3 59 6 3 59 9 3 59 10 3 59 1 5 59 2 5 60 4 5 59 6 5 59 9 5 59 10 5 59 1 7 59 2 7 60 4 7 59 6 7 59 9 7 59 10 7 59 1 8 59 2 8 60 4 8 59 6 8 59 9 8 59 10 8 59 0 18 1 1 89 7 1 88 10 1 90 1 4 89 7 4 88 10 4 90 1 5 89 7 5 88 10 5 90 1 6 89 7 6 88 10 6 90 1 11 89 7 11 88 10 11 90 1 12 89 7 12 88 10 12 90 0 42 1 1 54 2 1 50 4 1 46 5 1 54 6 1 50 7 1 53 9 1 54 1 3 54 2 3 50 4 3 46 5 3 54 6 3 50 7 3 53 9 3 54 1 4 54 2 4 50 4 4 46 5 4 54 6 4 50 7 4 53 9 4 54 1 7 54 2 7 50 4 7 46 5 7 54 6 7 50 7 7 53 9 7 54 1 9 54 2 9 50 4 9 46 5 9 54 6 9 50 7 9 53 9 9 54 1 11 54 2 11 50 4 11 46 5 11 54 6 11 50 7 11 53 9 11 54 0 36 1 2 82 3 2 83 5 2 76 6 2 81 9 2 79 10 2 79 1 5 82 3 5 83 5 5 76 6 5 81 9 5 79 10 5 79 1 8 82 3 8 83 5 8 76 6 8 81 9 8 79 10 8 79 1 9 82 3 9 83 5 9 76 6 9 81 9 9 79 10 9 79 1 10 82 3 10 83 5 10 76 6 10 81 9 10 79 10 10 79 1 11 82 3 11 83 5 11 76 6 11 81 9 11 79 10 11 79 0 30 2 1 68 3 1 63 6 1 65 7 1 67 9 1 72 2 3 68 3 3 63 6 3 65 7 3 67 9 3 72 2 4 68 3 4 63 6 4 65 7 4 67 9 4 72 2 7 68 3 7 63 6 7 65 7 7 67 9 7 72 2 11 68 3 11 63 6 11 65 7 11 67 9 11 72 2 12 68 3 12 63 6 12 65 7 12 67 9 12 72 0 48 1 2 44 2 2 44 4 2 44 6 2 43 7 2 46 8 2 45 9 2 44 10 2 46 1 3 44 2 3 44 4 3 44 6 3 43 7 3 46 8 3 45 9 3 44 10 3 46 1 6 44 2 6 44 4 6 44 6 6 43 7 6 46 8 6 45 9 6 44 10 6 46 1 7 44 2 7 44 4 7 44 6 7 43 7 7 46 8 7 45 9 7 44 10 7 46 1 10 44 2 10 44 4 10 44 6 10 43 7 10 46 8 10 45 9 10 44 10 10 46 1 12 44 2 12 44 4 12 44 6 12 43 7 12 46 8 12 45 9 12 44 10 12 46 0 18 1 2 91 8 2 94 9 2 91 1 6 91 8 6 94 9 6 91 1 7 91 8 7 94 9 7 91 1 9 91 8 9 94 9 9 91 1 11 91 8 11 94 9 11 91 1 12 91 8 12 94 9 12 91 0 42 1 1 89 3 1 82 5 1 90 6 1 86 8 1 87 9 1 86 10 1 86 1 4 89 3 4 82 5 4 90 6 4 86 8 4 87 9 4 86 10 4 86 1 7 89 3 7 82 5 7 90 6 7 86 8 7 87 9 7 86 10 7 86 1 10 89 3 10 82 5 10 90 6 10 86 8 10 87 9 10 86 10 10 86 1 11 89 3 11 82 5 11 90 6 11 86 8 11 87 9 11 86 10 11 86 1 12 89 3 12 82 5 12 90 6 12 86 8 12 87 9 12 86 10 12 86 0 36 2 2 37 3 2 38 5 2 39 7 2 38 8 2 42 9 2 38 2 3 37 3 3 38 5 3 39 7 3 38 8 3 42 9 3 38 2 5 37 3 5 38 5 5 39 7 5 38 8 5 42 9 5 38 2 7 37 3 7 38 5 7 39 7 7 38 8 7 42 9 7 38 2 9 37 3 9 38 5 9 39 7 9 38 8 9 42 9 9 38 2 10 37 3 10 38 5 10 39 7 10 38 8 10 42 9 10 38 0 30 1 1 68 2 1 63 6 1 70 7 1 68 8 1 68 1 3 68 2 3 63 6 3 70 7 3 68 8 3 68 1 5 68 2 5 63 6 5 70 7 5 68 8 5 68 1 8 68 2 8 63 6 8 70 7 8 68 8 8 68 1 9 68 2 9 63 6 9 70 7 9 68 8 9 68 1 11 68 2 11 63 6 11 70 7 11 68 8 11 68 1 6 2 14 3 14 5 14 7 14 9 14 12 14 0 42 1 2 51 2 2 54 3 2 58 5 2 56 7 2 56 9 2 56 10 2 54 1 5 51 2 5 54 3 5 58 5 5 56 7 5 56 9 5 56 10 5 54 1 7 51 2 7 54 3 7 58 5 7 56 7 7 56 9 7 56 10 7 54 1 8 51 2 8 54 3 8 58 5 8 56 7 8 56 9 8 56 10 8 54 1 9 51 2 9 54 3 9 58 5 9 56 7 9 56 9 9 56 10 9 54 1 10 51 2 10 54 3 10 58 5 10 56 7 10 56 9 10 56 10 10 54 0 30 1 2 20 5 2 14 6 2 19 9 2 17 10 2 15 1 5 20 5 5 14 6 5 19 9 5 17 10 5 15 1 6 20 5 6 14 6 6 19 9 6 17 10 6 15 1 8 20 5 8 14 6 8 19 9 8 17 10 8 15 1 10 20 5 10 14 6 10 19 9 10 17 10 10 15 1 12 20 5 12 14 6 12 19 9 12 17 10 12 15 1 6 1 63 4 63 7 63 8 63 11 63 12 63 0 24 1 1 22 3 1 22 9 1 18 10 1 25 1 4 22 3 4 22 9 4 18 10 4 25 1 5 22 3 5 22 9 5 18 10 5 25 1 6 22 3 6 22 9 6 18 10 6 25 1 8 22 3 8 22 9 8 18 10 8 25 1 10 22 3 10 22 9 10 18 10 10 25 0 36 2 2 81 3 2 89 4 2 87 5 2 85 9 2 84 10 2 80 2 4 81 3 4 89 4 4 87 5 4 85 9 4 84 10 4 80 2 5 81 3 5 89 4 5 87 5 5 85 9 5 84 10 5 80 2 6 81 3 6 89 4 6 87 5 6 85 9 6 84 10 6 80 2 7 81 3 7 89 4 7 87 5 7 85 9 7 84 10 7 80 2 8 81 3 8 89 4 8 87 5 8 85 9 8 84 10 8 80 0 30 2 5 27 7 5 23 8 5 23 9 5 22 10 5 23 2 6 27 7 6 23 8 6 23 9 6 22 10 6 23 2 8 27 7 8 23 8 8 23 9 8 22 10 8 23 2 9 27 7 9 23 8 9 23 9 9 22 10 9 23 2 11 27 7 11 23 8 11 23 9 11 22 10 11 23 2 12 27 7 12 23 8 12 23 9 12 22 10 12 23 0 18 1 1 83 2 1 87 9 1 86 1 3 83 2 3 87 9 3 86 1 4 83 2 4 87 9 4 86 1 7 83 2 7 87 9 7 86 1 9 83 2 9 87 9 9 86 1 10 83 2 10 87 9 10 86 0 48 1 1 50 3 1 55 5 1 50 6 1 49 7 1 53 8 1 50 9 1 50 10 1 50 1 2 50 3 2 55 5 2 50 6 2 49 7 2 53 8 2 50 9 2 50 10 2 50 1 6 50 3 6 55 5 6 50 6 6 49 7 6 53 8 6 50 9 6 50 10 6 50 1 7 50 3 7 55 5 7 50 6 7 49 7 7 53 8 7 50 9 7 50 10 7 50 1 8 50 3 8 55 5 8 50 6 8 49 7 8 53 8 8 50 9 8 50 10 8 50 1 12 50 3 12 55 5 12 50 6 12 49 7 12 53 8 12 50 9 12 50 10 12 50 
21 0 18 3 1 50 7 1 50 10 1 50 3 2 50 7 2 50 10 2 50 3 3 50 7 3 50 10 3 50 3 5 50 7 5 50 10 5 50 3 7 50 7 7 50 10 7 50 3 9 50 7 9 50 10 9 50 1 6 3 66 4 66 7 66 8 66 9 66 11 66 1 6 1 20 2 20 6 20 7 20 10 20 11 20 0 18 1 1 64 2 1 66 3 1 67 1 3 64 2 3 66 3 3 67 1 5 64 2 5 66 3 5 67 1 6 64 2 6 66 3 6 67 1 8 64 2 8 66 3 8 67 1 10 64 2 10 66 3 10 67 0 36 1 3 69 2 3 70 6 3 66 8 3 70 9 3 65 10 3 69 1 4 69 2 4 70 6 4 66 8 4 70 9 4 65 10 4 69 1 6 69 2 6 70 6 6 66 8 6 70 9 6 65 10 6 69 1 7 69 2 7 70 6 7 66 8 7 70 9 7 65 10 7 69 1 10 69 2 10 70 6 10 66 8 10 70 9 10 65 10 10 69 1 11 69 2 11 70 6 11 66 8 11 70 9 11 65 10 11 69 1 6 1 46 2 46 3 46 7 46 9 46 10 46 0 30 1 1 52 4 1 43 5 1 48 8 1 47 9 1 44 1 2 52 4 2 43 5 2 48 8 2 47 9 2 44 1 4 52 4 4 43 5 4 48 8 4 47 9 4 44 1 5 52 4 5 43 5 5 48 8 5 47 9 5 44 1 8 52 4 8 43 5 8 48 8 8 47 9 8 44 1 10 52 4 10 43 5 10 48 8 10 47 9 10 44 0 36 1 1 40 3 1 37 5 1 39 7 1 37 8 1 37 10 1 37 1 2 40 3 2 37 5 2 39 7 2 37 8 2 37 10 2 37 1 3 40 3 3 37 5 3 39 7 3 37 8 3 37 10 3 37 1 6 40 3 6 37 5 6 39 7 6 37 8 6 37 10 6 37 1 8 40 3 8 37 5 8 39 7 8 37 8 8 37 10 8 37 1 10 40 3 10 37 5 10 39 7 10 37 8 10 37 10 10 37 0 30 2 1 16 3 1 14 5 1 11 8 1 12 10 1 11 2 2 16 3 2 14 5 2 11 8 2 12 10 2 11 2 5 16 3 5 14 5 5 11 8 5 12 10 5 11 2 9 16 3 9 14 5 9 11 8 9 12 10 9 11 2 11 16 3 11 14 5 11 11 8 11 12 10 11 11 2 12 16 3 12 14 5 12 11 8 12 12 10 12 11 0 18 6 1 80 9 1 80 10 1 80 6 2 80 9 2 80 10 2 80 6 6 80 9 6 80 10 6 80 6 8 80 9 8 80 10 8 80 6 9 80 9 9 80 10 9 80 6 12 80 9 12 80 10 12 80 0 42 2 1 16 3 1 16 4 1 16 6 1 21 7 1 16 9 1 16 10 1 17 2 2 16 3 2 16 4 2 16 6 2 21 7 2 16 9 2 16 10 2 17 2 4 16 3 4 16 4 4 16 6 4 21 7 4 16 9 4 16 10 4 17 2 6 16 3 6 16 4 6 16 6 6 21 7 6 16 9 6 16 10 6 17 2 7 16 3 7 16 4 7 16 6 7 21 7 7 16 9 7 16 10 7 17 2 10 16 3 10 16 4 10 16 6 10 21 7 10 16 9 10 16 10 10 17 0 12 8 1 97 9 1 93 8 2 97 9 2 93 8 3 97 9 3 93 8 8 97 9 8 93 8 10 97 9 10 93 8 12 97 9 12 93 0 36 5 3 32 6 3 29 7 3 29 8 3 29 9 3 33 10 3 30 5 6 32 6 6 29 7 6 29 8 6 29 9 6 33 10 6 30 5 8 32 6 8 29 7 8 29 8 8 29 9 8 33 10 8 30 5 9 32 6 9 29 7 9 29 8 9 29 9 9 33 10 9 30 5 10 32 6 10 29 7 10 29 8 10 29 9 10 33 10 10 30 5 11 32 6 11 29 7 11 29 8 11 29 9 11 33 10 11 30 1 6 2 81 3 81 6 81 9 81 11 81 12 81 0 24 1 2 34 6 2 39 8 2 41 10 2 33 1 4 34 6 4 39 8 4 41 10 4 33 1 7 34 6 7 39 8 7 41 10 7 33 1 10 34 6 10 39 8 10 41 10 10 33 1 11 34 6 11 39 8 11 41 10 11 33 1 12 34 6 12 39 8 12 41 10 12 33 0 30 1 2 46 6 2 43 7 2 38 9 2 40 10 2 38 1 3 46 6 3 43 7 3 38 9 3 40 10 3 38 1 6 46 6 6 43 7 6 38 9 6 40 10 6 38 1 7 46 6 7 43 7 7 38 9 7 40 10 7 38 1 9 46 6 9 43 7 9 38 9 9 40 10 9 38 1 12 46 6 12 43 7 12 38 9 12 40 10 12 38 0 24 3 5 45 4 5 45 7 5 44 9 5 45 3 6 45 4 6 45 7 6 44 9 6 45 3 8 45 4 8 45 7 8 44 9 8 45 3 9 45 4 9 45 7 9 44 9 9 45 3 10 45 4 10 45 7 10 44 9 10 45 3 11 45 4 11 45 7 11 44 9 11 45 1 6 2 48 3 48 5 48 8 48 10 48 12 48 0 24 2 1 58 3 1 58 6 1 58 7 1 62 2 2 58 3 2 58 6 2 58 7 2 62 2 3 58 3 3 58 6 3 58 7 3 62 2 4 58 3 4 58 6 4 58 7 4 62 2 5 58 3 5 58 6 5 58 7 5 62 2 7 58 3 7 58 6 7 58 7 7 62 0 30 1 3 56 2 3 57 5 3 56 8 3 56 10 3 57 1 4 56 2 4 57 5 4 56 8 4 56 10 4 57 1 5 56 2 5 57 5 5 56 8 5 56 10 5 57 1 7 56 2 7 57 5 7 56 8 7 56 10 7 57 1 8 56 2 8 57 5 8 56 8 8 56 10 8 57 1 9 56 2 9 57 5 9 56 8 9 56 10 9 57 0 24 2 2 32 6 2 27 8 2 30 9 2 30 2 5 32 6 5 27 8 5 30 9 5 30 2 6 32 6 6 27 8 6 30 9 6 30 2 7 32 6 7 27 8 7 30 9 7 30 2 9 32 6 9 27 8 9 30 9 9 30 2 12 32 6 12 27 8 12 30 9 12 30 
16 0 18 1 2 92 6 2 92 8 2 92 1 4 92 6 4 92 8 4 92 1 5 92 6 5 92 8 5 92 1 6 92 6 6 92 8 6 92 1 9 92 6 9 92 8 9 92 1 11 92 6 11 92 8 11 92 0 30 1 1 88 3 1 89 7 1 92 9 1 86 10 1 89 1 2 88 3 2 89 7 2 92 9 2 86 10 2 89 1 3 88 3 3 89 7 3 92 9 3 86 10 3 89 1 8 88 3 8 89 7 8 92 9 8 86 10 8 89 1 10 88 3 10 89 7 10 92 9 10 86 10 10 89 1 12 88 3 12 89 7 12 92 9 12 86 10 12 89 0 36 2 1 44 3 1 44 4 1 45 5 1 38 8 1 39 10 1 40 2 2 44 3 2 44 4 2 45 5 2 38 8 2 39 10 2 40 2 3 44 3 3 44 4 3 45 5 3 38 8 3 39 10 3 40 2 9 44 3 9 44 4 9 45 5 9 38 8 9 39 10 9 40 2 10 44 3 10 44 4 10 45 5 10 38 8 10 39 10 10 40 2 11 44 3 11 44 4 11 45 5 11 38 8 11 39 10 11 40 0 24 4 1 61 6 1 58 7 1 56 10 1 58 4 2 61 6 2 58 7 2 56 10 2 58 4 3 61 6 3 58 7 3 56 10 3 58 4 4 61 6 4 58 7 4 56 10 4 58 4 5 61 6 5 58 7 5 56 10 5 58 4 12 61 6 12 58 7 12 56 10 12 58 0 24 4 1 75 6 1 82 8 1 80 9 1 80 4 3 75 6 3 82 8 3 80 9 3 80 4 8 75 6 8 82 8 8 80 9 8 80 4 10 75 6 10 82 8 10 80 9 10 80 4 11 75 6 11 82 8 11 80 9 11 80 4 12 75 6 12 82 8 12 80 9 12 80 0 12 8 1 94 9 1 94 8 5 94 9 5 94 8 6 94 9 6 94 8 8 94 9 8 94 8 9 94 9 9 94 8 10 94 9 10 94 0 36 1 2 86 2 2 87 5 2 86 6 2 86 8 2 86 9 2 86 1 4 86 2 4 87 5 4 86 6 4 86 8 4 86 9 4 86 1 5 86 2 5 87 5 5 86 6 5 86 8 5 86 9 5 86 1 6 86 2 6 87 5 6 86 6 6 86 8 6 86 9 6 86 1 10 86 2 10 87 5 10 86 6 10 86 8 10 86 9 10 86 1 12 86 2 12 87 5 12 86 6 12 86 8 12 86 9 12 86 0 42 1 1 88 3 1 84 4 1 83 5 1 85 8 1 81 9 1 86 10 1 86 1 3 88 3 3 84 4 3 83 5 3 85 8 3 81 9 3 86 10 3 86 1 4 88 3 4 84 4 4 83 5 4 85 8 4 81 9 4 86 10 4 86 1 6 88 3 6 84 4 6 83 5 6 85 8 6 81 9 6 86 10 6 86 1 9 88 3 9 84 4 9 83 5 9 85 8 9 81 9 9 86 10 9 86 1 10 88 3 10 84 4 10 83 5 10 85 8 10 81 9 10 86 10 10 86 0 36 1 1 60 2 1 58 3 1 58 4 1 58 7 1 58 9 1 58 1 2 60 2 2 58 3 2 58 4 2 58 7 2 58 9 2 58 1 3 60 2 3 58 3 3 58 4 3 58 7 3 58 9 3 58 1 6 60 2 6 58 3 6 58 4 6 58 7 6 58 9 6 58 1 7 60 2 7 58 3 7 58 4 7 58 7 7 58 9 7 58 1 9 60 2 9 58 3 9 58 4 9 58 7 9 58 9 9 58 0 42 1 1 23 4 1 19 5 1 23 6 1 22 7 1 23 9 1 20 10 1 18 1 4 23 4 4 19 5 4 23 6 4 22 7 4 23 9 4 20 10 4 18 1 6 23 4 6 19 5 6 23 6 6 22 7 6 23 9 6 20 10 6 18 1 8 23 4 8 19 5 8 23 6 8 22 7 8 23 9 8 20 10 8 18 1 9 23 4 9 19 5 9 23 6 9 22 7 9 23 9 9 20 10 9 18 1 10 23 4 10 19 5 10 23 6 10 22 7 10 23 9 10 20 10 10 18 0 30 1 3 95 2 3 92 3 3 91 6 3 91 8 3 91 1 4 95 2 4 92 3 4 91 6 4 91 8 4 91 1 5 95 2 5 92 3 5 91 6 5 91 8 5 91 1 9 95 2 9 92 3 9 91 6 9 91 8 9 91 1 10 95 2 10 92 3 10 91 6 10 91 8 10 91 1 12 95 2 12 92 3 12 91 6 12 91 8 12 91 0 24 2 1 65 5 1 64 8 1 67 9 1 62 2 3 65 5 3 64 8 3 67 9 3 62 2 5 65 5 5 64 8 5 67 9 5 62 2 6 65 5 6 64 8 6 67 9 6 62 2 10 65 5 10 64 8 10 67 9 10 62 2 12 65 5 12 64 8 12 67 9 12 62 0 30 1 1 71 3 1 71 5 1 74 7 1 71 8 1 67 1 2 71 3 2 71 5 2 74 7 2 71 8 2 67 1 3 71 3 3 71 5 3 74 7 3 71 8 3 67 1 4 71 3 4 71 5 4 74 7 4 71 8 4 67 1 5 71 3 5 71 5 5 74 7 5 71 8 5 67 1 10 71 3 10 71 5 10 74 7 10 71 8 10 67 0 36 3 1 89 4 1 91 5 1 94 6 1 91 7 1 95 9 1 91 3 2 89 4 2 91 5 2 94 6 2 91 7 2 95 9 2 91 3 3 89 4 3 91 5 3 94 6 3 91 7 3 95 9 3 91 3 9 89 4 9 91 5 9 94 6 9 91 7 9 95 9 9 91 3 10 89 4 10 91 5 10 94 6 10 91 7 10 95 9 10 91 3 12 89 4 12 91 5 12 94 6 12 91 7 12 95 9 12 91 0 36 2 1 40 3 1 44 5 1 48 7 1 46 8 1 44 9 1 49 2 3 40 3 3 44 5 3 48 7 3 46 8 3 44 9 3 49 2 7 40 3 7 44 5 7 48 7 7 46 8 7 44 9 7 49 2 9 40 3 9 44 5 9 48 7 9 46 8 9 44 9 9 49 2 10 40 3 10 44 5 10 48 7 10 46 8 10 44 9 10 49 2 11 40 3 11 44 5 11 48 7 11 46 8 11 44 9 11 49 0 18 1 4 53 8 4 54 9 4 57 1 5 53 8 5 54 9 5 57 1 6 53 8 6 54 9 6 57 1 7 53 8 7 54 9 7 57 1 8 53 8 8 54 9 8 57 1 12 53 8 12 54 9 12 57 
16 0 42 2 1 63 3 1 60 5 1 57 6 1 57 7 1 60 9 1 63 10 1 60 2 6 63 3 6 60 5 6 57 6 6 57 7 6 60 9 6 63 10 6 60 2 8 63 3 8 60 5 8 57 6 8 57 7 8 60 9 8 63 10 8 60 2 10 63 3 10 60 5 10 57 6 10 57 7 10 60 9 10 63 10 10 60 2 11 63 3 11 60 5 11 57 6 11 57 7 11 60 9 11 63 10 11 60 2 12 63 3 12 60 5 12 57 6 12 57 7 12 60 9 12 63 10 12 60 0 24 4 1 24 6 1 23 7 1 27 10 1 32 4 7 24 6 7 23 7 7 27 10 7 32 4 8 24 6 8 23 7 8 27 10 8 32 4 9 24 6 9 23 7 9 27 10 9 32 4 10 24 6 10 23 7 10 27 10 10 32 4 12 24 6 12 23 7 12 27 10 12 32 0 36 1 1 86 5 1 82 7 1 86 8 1 90 9 1 86 10 1 85 1 2 86 5 2 82 7 2 86 8 2 90 9 2 86 10 2 85 1 5 86 5 5 82 7 5 86 8 5 90 9 5 86 10 5 85 1 7 86 5 7 82 7 7 86 8 7 90 9 7 86 10 7 85 1 8 86 5 8 82 7 8 86 8 8 90 9 8 86 10 8 85 1 12 86 5 12 82 7 12 86 8 12 90 9 12 86 10 12 85 0 30 3 4 16 6 4 17 7 4 17 9 4 16 10 4 16 3 5 16 6 5 17 7 5 17 9 5 16 10 5 16 3 6 16 6 6 17 7 6 17 9 6 16 10 6 16 3 7 16 6 7 17 7 7 17 9 7 16 10 7 16 3 8 16 6 8 17 7 8 17 9 8 16 10 8 16 3 12 16 6 12 17 7 12 17 9 12 16 10 12 16 0 42 1 1 17 2 1 22 5 1 18 7 1 13 8 1 19 9 1 13 10 1 17 1 4 17 2 4 22 5 4 18 7 4 13 8 4 19 9 4 13 10 4 17 1 5 17 2 5 22 5 5 18 7 5 13 8 5 19 9 5 13 10 5 17 1 6 17 2 6 22 5 6 18 7 6 13 8 6 19 9 6 13 10 6 17 1 9 17 2 9 22 5 9 18 7 9 13 8 9 19 9 9 13 10 9 17 1 10 17 2 10 22 5 10 18 7 10 13 8 10 19 9 10 13 10 10 17 0 18 1 1 68 2 1 66 9 1 70 1 3 68 2 3 66 9 3 70 1 7 68 2 7 66 9 7 70 1 9 68 2 9 66 9 9 70 1 10 68 2 10 66 9 10 70 1 12 68 2 12 66 9 12 70 0 30 1 4 57 7 4 64 8 4 60 9 4 60 10 4 60 1 6 57 7 6 64 8 6 60 9 6 60 10 6 60 1 8 57 7 8 64 8 8 60 9 8 60 10 8 60 1 9 57 7 9 64 8 9 60 9 9 60 10 9 60 1 10 57 7 10 64 8 10 60 9 10 60 10 10 60 1 11 57 7 11 64 8 11 60 9 11 60 10 11 60 0 12 3 1 47 8 1 42 3 2 47 8 2 42 3 5 47 8 5 42 3 10 47 8 10 42 3 11 47 8 11 42 3 12 47 8 12 42 0 18 3 1 69 6 1 73 7 1 72 3 6 69 6 6 73 7 6 72 3 7 69 6 7 73 7 7 72 3 9 69 6 9 73 7 9 72 3 11 69 6 11 73 7 11 72 3 12 69 6 12 73 7 12 72 0 36 1 2 77 2 2 73 3 2 73 4 2 77 5 2 73 8 2 73 1 3 77 2 3 73 3 3 73 4 3 77 5 3 73 8 3 73 1 4 77 2 4 73 3 4 73 4 4 77 5 4 73 8 4 73 1 5 77 2 5 73 3 5 73 4 5 77 5 5 73 8 5 73 1 8 77 2 8 73 3 8 73 4 8 77 5 8 73 8 8 73 1 10 77 2 10 73 3 10 73 4 10 77 5 10 73 8 10 73 0 24 2 3 45 4 3 49 7 3 54 9 3 48 2 6 45 4 6 49 7 6 54 9 6 48 2 7 45 4 7 49 7 7 54 9 7 48 2 9 45 4 9 49 7 9 54 9 9 48 2 10 45 4 10 49 7 10 54 9 10 48 2 12 45 4 12 49 7 12 54 9 12 48 1 6 2 23 5 23 7 23 10 23 11 23 12 23 0 18 5 2 49 9 2 55 10 2 50 5 6 49 9 6 55 10 6 50 5 9 49 9 9 55 10 9 50 5 10 49 9 10 55 10 10 50 5 11 49 9 11 55 10 11 50 5 12 49 9 12 55 10 12 50 0 18 1 1 71 4 1 73 5 1 73 1 5 71 4 5 73 5 5 73 1 6 71 4 6 73 5 6 73 1 7 71 4 7 73 5 7 73 1 10 71 4 10 73 5 10 73 1 12 71 4 12 73 5 12 73 0 42 2 5 23 3 5 28 4 5 28 6 5 28 7 5 28 9 5 28 10 5 32 2 6 23 3 6 28 4 6 28 6 6 28 7 6 28 9 6 28 10 6 32 2 7 23 3 7 28 4 7 28 6 7 28 7 7 28 9 7 28 10 7 32 2 9 23 3 9 28 4 9 28 6 9 28 7 9 28 9 9 28 10 9 32 2 11 23 3 11 28 4 11 28 6 11 28 7 11 28 9 11 28 10 11 32 2 12 23 3 12 28 4 12 28 6 12 28 7 12 28 9 12 28 10 12 32 0 18 2 1 36 5 1 40 8 1 37 2 3 36 5 3 40 8 3 37 2 5 36 5 5 40 8 5 37 2 6 36 5 6 40 8 6 37 2 9 36 5 9 40 8 9 37 2 10 36 5 10 40 8 10 37 
25 0 24 2 2 14 3 2 14 4 2 15 8 2 15 2 4 14 3 4 14 4 4 15 8 4 15 2 7 14 3 7 14 4 7 15 8 7 15 2 8 14 3 8 14 4 8 15 8 8 15 2 9 14 3 9 14 4 9 15 8 9 15 2 12 14 3 12 14 4 12 15 8 12 15 0 36 2 1 47 5 1 47 6 1 47 7 1 47 8 1 43 10 1 48 2 4 47 5 4 47 6 4 47 7 4 47 8 4 43 10 4 48 2 5 47 5 5 47 6 5 47 7 5 47 8 5 43 10 5 48 2 6 47 5 6 47 6 6 47 7 6 47 8 6 43 10 6 48 2 7 47 5 7 47 6 7 47 7 7 47 8 7 43 10 7 48 2 9 47 5 9 47 6 9 47 7 9 47 8 9 43 10 9 48 0 30 2 1 17 4 1 23 5 1 22 7 1 23 8 1 26 2 3 17 4 3 23 5 3 22 7 3 23 8 3 26 2 5 17 4 5 23 5 5 22 7 5 23 8 5 26 2 6 17 4 6 23 5 6 22 7 6 23 8 6 26 2 7 17 4 7 23 5 7 22 7 7 23 8 7 26 2 11 17 4 11 23 5 11 22 7 11 23 8 11 26 0 24 2 2 65 4 2 68 9 2 66 10 2 68 2 3 65 4 3 68 9 3 66 10 3 68 2 5 65 4 5 68 9 5 66 10 5 68 2 8 65 4 8 68 9 8 66 10 8 68 2 11 65 4 11 68 9 11 66 10 11 68 2 12 65 4 12 68 9 12 66 10 12 68 0 36 1 4 35 2 4 34 3 4 35 5 4 35 6 4 38 8 4 31 1 5 35 2 5 34 3 5 35 5 5 35 6 5 38 8 5 31 1 6 35 2 6 34 3 6 35 5 6 35 6 6 38 8 6 31 1 8 35 2 8 34 3 8 35 5 8 35 6 8 38 8 8 31 1 11 35 2 11 34 3 11 35 5 11 35 6 11 38 8 11 31 1 12 35 2 12 34 3 12 35 5 12 35 6 12 38 8 12 31 0 24 2 6 83 5 6 92 7 6 86 8 6 88 2 7 83 5 7 92 7 7 86 8 7 88 2 8 83 5 8 92 7 8 86 8 8 88 2 10 83 5 10 92 7 10 86 8 10 88 2 11 83 5 11 92 7 11 86 8 11 88 2 12 83 5 12 92 7 12 86 8 12 88 0 24 2 1 19 3 1 22 8 1 16 9 1 19 2 2 19 3 2 22 8 2 16 9 2 19 2 3 19 3 3 22 8 3 16 9 3 19 2 7 19 3 7 22 8 7 16 9 7 19 2 9 19 3 9 22 8 9 16 9 9 19 2 11 19 3 11 22 8 11 16 9 11 19 1 6 1 58 2 58 6 58 8 58 10 58 11 58 0 24 3 6 47 7 6 49 8 6 51 10 6 54 3 7 47 7 7 49 8 7 51 10 7 54 3 8 47 7 8 49 8 8 51 10 8 54 3 10 47 7 10 49 8 10 51 10 10 54 3 11 47 7 11 49 8 11 51 10 11 54 3 12 47 7 12 49 8 12 51 10 12 54 0 24 1 4 80 2 4 80 5 4 77 6 4 85 1 5 80 2 5 80 5 5 77 6 5 85 1 6 80 2 6 80 5 6 77 6 6 85 1 9 80 2 9 80 5 9 77 6 9 85 1 10 80 2 10 80 5 10 77 6 10 85 1 12 80 2 12 80 5 12 77 6 12 85 0 36 1 1 78 2 1 75 3 1 76 5 1 79 7 1 74 9 1 77 1 5 78 2 5 75 3 5 76 5 5 79 7 5 74 9 5 77 1 7 78 2 7 75 3 7 76 5 7 79 7 7 74 9 7 77 1 10 78 2 10 75 3 10 76 5 10 79 7 10 74 9 10 77 1 11 78 2 11 75 3 11 76 5 11 79 7 11 74 9 11 77 1 12 78 2 12 75 3 12 76 5 12 79 7 12 74 9 12 77 0 30 1 2 69 5 2 69 7 2 69 8 2 75 10 2 74 1 3 69 5 3 69 7 3 69 8 3 75 10 3 74 1 7 69 5 7 69 7 7 69 8 7 75 10 7 74 1 9 69 5 9 69 7 9 69 8 9 75 10 9 74 1 11 69 5 11 69 7 11 69 8 11 75 10 11 74 1 12 69 5 12 69 7 12 69 8 12 75 10 12 74 0 24 3 2 83 4 2 85 8 2 85 10 2 81 3 4 83 4 4 85 8 4 85 10 4 81 3 6 83 4 6 85 8 6 85 10 6 81 3 7 83 4 7 85 8 7 85 10 7 81 3 8 83 4 8 85 8 8 85 10 8 81 3 10 83 4 10 85 8 10 85 10 10 81 1 6 2 38 3 38 4 38 5 38 6 38 11 38 0 30 1 2 57 4 2 54 6 2 53 7 2 57 9 2 59 1 4 57 4 4 54 6 4 53 7 4 57 9 4 59 1 5 57 4 5 54 6 5 53 7 5 57 9 5 59 1 7 57 4 7 54 6 7 53 7 7 57 9 7 59 1 11 57 4 11 54 6 11 53 7 11 57 9 11 59 1 12 57 4 12 54 6 12 53 7 12 57 9 12 59 0 30 4 3 25 5 3 25 6 3 30 7 3 25 9 3 25 4 4 25 5 4 25 6 4 30 7 4 25 9 4 25 4 5 25 5 5 25 6 5 30 7 5 25 9 5 25 4 6 25 5 6 25 6 6 30 7 6 25 9 6 25 4 7 25 5 7 25 6 7 30 7 7 25 9 7 25 4 8 25 5 8 25 6 8 30 7 8 25 9 8 25 1 6 3 48 4 48 5 48 6 48 9 48 12 48 0 30 1 2 34 4 2 35 5 2 34 7 2 33 8 2 36 1 6 34 4 6 35 5 6 34 7 6 33 8 6 36 1 7 34 4 7 35 5 7 34 7 7 33 8 7 36 1 8 34 4 8 35 5 8 34 7 8 33 8 8 36 1 10 34 4 10 35 5 10 34 7 10 33 8 10 36 1 11 34 4 11 35 5 11 34 7 11 33 8 11 36 0 24 2 1 46 5 1 45 8 1 45 9 1 47 2 3 46 5 3 45 8 3 45 9 3 47 2 4 46 5 4 45 8 4 45 9 4 47 2 5 46 5 5 45 8 5 45 9 5 47 2 7 46 5 7 45 8 7 45 9 7 47 2 12 46 5 12 45 8 12 45 9 12 47 0 24 2 3 36 3 3 33 5 3 34 10 3 34 2 4 36 3 4 33 5 4 34 10 4 34 2 5 36 3 5 33 5 5 34 10 5 34 2 6 36 3 6 33 5 6 34 10 6 34 2 10 36 3 10 33 5 10 34 10 10 34 2 11 36 3 11 33 5 11 34 10 11 34 1 6 1 57 5 57 6 57 8 57 10 57 11 57 0 42 1 3 32 3 3 25 4 3 29 5 3 28 6 3 25 8 3 29 9 3 29 1 4 32 3 4 25 4 4 29 5 4 28 6 4 25 8 4 29 9 4 29 1 5 32 3 5 25 4 5 29 5 5 28 6 5 25 8 5 29 9 5 29 1 7 32 3 7 25 4 7 29 5 7 28 6 7 25 8 7 29 9 7 29 1 8 32 3 8 25 4 8 29 5 8 28 6 8 25 8 8 29 9 8 29 1 12 32 3 12 25 4 12 29 5 12 28 6 12 25 8 12 29 9 12 29 0 36 1 1 56 3 1 56 6 1 55 7 1 54 8 1 53 9 1 53 1 2 56 3 2 56 6 2 55 7 2 54 8 2 53 9 2 53 1 5 56 3 5 56 6 5 55 7 5 54 8 5 53 9 5 53 1 7 56 3 7 56 6 7 55 7 7 54 8 7 53 9 7 53 1 10 56 3 10 56 6 10 55 7 10 54 8 10 53 9 10 53 1 12 56 3 12 56 6 12 55 7 12 54 8 12 53 9 12 53 0 24 1 2 17 3 2 16 5 2 13 8 2 16 1 3 17 3 3 16 5 3 13 8 3 16 1 5 17 3 5 16 5 5 13 8 5 16 1 6 17 3 6 16 5 6 13 8 6 16 1 8 17 3 8 16 5 8 13 8 8 16 1 10 17 3 10 16 5 10 13 8 10 16 0 12 4 1 81 7 1 86 4 5 81 7 5 86 4 6 81 7 6 86 4 8 81 7 8 86 4 9 81 7 9 86 4 11 81 7 11 86 
17 0 24 1 2 60 3 2 53 7 2 55 10 2 53 1 4 60 3 4 53 7 4 55 10 4 53 1 5 60 3 5 53 7 5 55 10 5 53 1 10 60 3 10 53 7 10 55 10 10 53 1 11 60 3 11 53 7 11 55 10 11 53 1 12 60 3 12 53 7 12 55 10 12 53 0 42 1 2 66 3 2 75 4 2 73 6 2 73 7 2 73 8 2 69 9 2 70 1 7 66 3 7 75 4 7 73 6 7 73 7 7 73 8 7 69 9 7 70 1 8 66 3 8 75 4 8 73 6 8 73 7 8 73 8 8 69 9 8 70 1 9 66 3 9 75 4 9 73 6 9 73 7 9 73 8 9 69 9 9 70 1 10 66 3 10 75 4 10 73 6 10 73 7 10 73 8 10 69 9 10 70 1 12 66 3 12 75 4 12 73 6 12 73 7 12 73 8 12 69 9 12 70 0 24 3 4 65 6 4 63 8 4 62 10 4 63 3 6 65 6 6 63 8 6 62 10 6 63 3 8 65 6 8 63 8 8 62 10 8 63 3 10 65 6 10 63 8 10 62 10 10 63 3 11 65 6 11 63 8 11 62 10 11 63 3 12 65 6 12 63 8 12 62 10 12 63 1 6 4 39 5 39 6 39 8 39 10 39 12 39 1 6 3 29 4 29 5 29 8 29 9 29 11 29 0 30 2 2 38 3 2 37 6 2 36 8 2 32 9 2 35 2 4 38 3 4 37 6 4 36 8 4 32 9 4 35 2 6 38 3 6 37 6 6 36 8 6 32 9 6 35 2 7 38 3 7 37 6 7 36 8 7 32 9 7 35 2 8 38 3 8 37 6 8 36 8 8 32 9 8 35 2 12 38 3 12 37 6 12 36 8 12 32 9 12 35 0 24 1 1 67 4 1 68 8 1 64 9 1 66 1 3 67 4 3 68 8 3 64 9 3 66 1 7 67 4 7 68 8 7 64 9 7 66 1 8 67 4 8 68 8 8 64 9 8 66 1 9 67 4 9 68 8 9 64 9 9 66 1 12 67 4 12 68 8 12 64 9 12 66 0 48 1 1 55 2 1 53 3 1 52 4 1 55 5 1 55 6 1 59 7 1 54 10 1 59 1 6 55 2 6 53 3 6 52 4 6 55 5 6 55 6 6 59 7 6 54 10 6 59 1 7 55 2 7 53 3 7 52 4 7 55 5 7 55 6 7 59 7 7 54 10 7 59 1 8 55 2 8 53 3 8 52 4 8 55 5 8 55 6 8 59 7 8 54 10 8 59 1 11 55 2 11 53 3 11 52 4 11 55 5 11 55 6 11 59 7 11 54 10 11 59 1 12 55 2 12 53 3 12 52 4 12 55 5 12 55 6 12 59 7 12 54 10 12 59 1 6 4 43 5 43 6 43 8 43 10 43 12 43 0 36 1 1 38 3 1 38 4 1 37 5 1 38 8 1 36 9 1 35 1 4 38 3 4 38 4 4 37 5 4 38 8 4 36 9 4 35 1 6 38 3 6 38 4 6 37 5 6 38 8 6 36 9 6 35 1 8 38 3 8 38 4 8 37 5 8 38 8 8 36 9 8 35 1 9 38 3 9 38 4 9 37 5 9 38 8 9 36 9 9 35 1 12 38 3 12 38 4 12 37 5 12 38 8 12 36 9 12 35 0 18 1 2 59 5 2 63 8 2 60 1 3 59 5 3 63 8 3 60 1 4 59 5 4 63 8 4 60 1 6 59 5 6 63 8 6 60 1 8 59 5 8 63 8 8 60 1 10 59 5 10 63 8 10 60 0 30 1 2 87 3 2 85 4 2 86 5 2 89 8 2 90 1 5 87 3 5 85 4 5 86 5 5 89 8 5 90 1 7 87 3 7 85 4 7 86 5 7 89 8 7 90 1 8 87 3 8 85 4 8 86 5 8 89 8 8 90 1 10 87 3 10 85 4 10 86 5 10 89 8 10 90 1 12 87 3 12 85 4 12 86 5 12 89 8 12 90 0 24 1 2 21 8 2 17 9 2 21 10 2 17 1 5 21 8 5 17 9 5 21 10 5 17 1 7 21 8 7 17 9 7 21 10 7 17 1 9 21 8 9 17 9 9 21 10 9 17 1 10 21 8 10 17 9 10 21 10 10 17 1 12 21 8 12 17 9 12 21 10 12 17 0 30 2 3 32 3 3 29 5 3 30 6 3 32 7 3 33 2 4 32 3 4 29 5 4 30 6 4 32 7 4 33 2 9 32 3 9 29 5 9 30 6 9 32 7 9 33 2 10 32 3 10 29 5 10 30 6 10 32 7 10 33 2 11 32 3 11 29 5 11 30 6 11 32 7 11 33 2 12 32 3 12 29 5 12 30 6 12 32 7 12 33 0 36 2 2 83 3 2 83 7 2 80 8 2 82 9 2 79 10 2 83 2 6 83 3 6 83 7 6 80 8 6 82 9 6 79 10 6 83 2 7 83 3 7 83 7 7 80 8 7 82 9 7 79 10 7 83 2 10 83 3 10 83 7 10 80 8 10 82 9 10 79 10 10 83 2 11 83 3 11 83 7 11 80 8 11 82 9 11 79 10 11 83 2 12 83 3 12 83 7 12 80 8 12 82 9 12 79 10 12 83 0 42 1 2 75 3 2 71 4 2 74 6 2 74 7 2 74 8 2 74 10 2 76 1 4 75 3 4 71 4 4 74 6 4 74 7 4 74 8 4 74 10 4 76 1 5 75 3 5 71 4 5 74 6 5 74 7 5 74 8 5 74 10 5 76 1 10 75 3 10 71 4 10 74 6 10 74 7 10 74 8 10 74 10 10 76 1 11 75 3 11 71 4 11 74 6 11 74 7 11 74 8 11 74 10 11 76 1 12 75 3 12 71 4 12 74 6 12 74 7 12 74 8 12 74 10 12 76 0 30 1 1 64 2 1 64 6 1 66 7 1 65 9 1 71 1 3 64 2 3 64 6 3 66 7 3 65 9 3 71 1 4 64 2 4 64 6 4 66 7 4 65 9 4 71 1 5 64 2 5 64 6 5 66 7 5 65 9 5 71 1 6 64 2 6 64 6 6 66 7 6 65 9 6 71 1 7 64 2 7 64 6 7 66 7 7 65 9 7 71 
21 1 6 2 73 3 73 4 73 5 73 8 73 11 73 0 30 1 3 65 5 3 66 6 3 64 8 3 70 9 3 61 1 5 65 5 5 66 6 5 64 8 5 70 9 5 61 1 7 65 5 7 66 6 7 64 8 7 70 9 7 61 1 8 65 5 8 66 6 8 64 8 8 70 9 8 61 1 10 65 5 10 66 6 10 64 8 10 70 9 10 61 1 11 65 5 11 66 6 11 64 8 11 70 9 11 61 0 18 3 4 39 5 4 34 10 4 35 3 5 39 5 5 34 10 5 35 3 9 39 5 9 34 10 9 35 3 10 39 5 10 34 10 10 35 3 11 39 5 11 34 10 11 35 3 12 39 5 12 34 10 12 35 1 6 3 25 8 25 9 25 10 25 11 25 12 25 0 30 2 1 77 5 1 79 6 1 78 8 1 78 10 1 74 2 3 77 5 3 79 6 3 78 8 3 78 10 3 74 2 4 77 5 4 79 6 4 78 8 4 78 10 4 74 2 6 77 5 6 79 6 6 78 8 6 78 10 6 74 2 9 77 5 9 79 6 9 78 8 9 78 10 9 74 2 12 77 5 12 79 6 12 78 8 12 78 10 12 74 0 24 2 1 25 4 1 31 6 1 26 8 1 23 2 2 25 4 2 31 6 2 26 8 2 23 2 4 25 4 4 31 6 4 26 8 4 23 2 5 25 4 5 31 6 5 26 8 5 23 2 10 25 4 10 31 6 10 26 8 10 23 2 11 25 4 11 31 6 11 26 8 11 23 1 6 2 65 3 65 5 65 6 65 7 65 12 65 0 36 1 1 76 5 1 81 7 1 81 8 1 81 9 1 77 10 1 77 1 2 76 5 2 81 7 2 81 8 2 81 9 2 77 10 2 77 1 4 76 5 4 81 7 4 81 8 4 81 9 4 77 10 4 77 1 10 76 5 10 81 7 10 81 8 10 81 9 10 77 10 10 77 1 11 76 5 11 81 7 11 81 8 11 81 9 11 77 10 11 77 1 12 76 5 12 81 7 12 81 8 12 81 9 12 77 10 12 77 1 6 1 35 2 35 4 35 5 35 6 35 10 35 0 36 1 1 66 3 1 64 5 1 68 6 1 63 9 1 72 10 1 70 1 3 66 3 3 64 5 3 68 6 3 63 9 3 72 10 3 70 1 6 66 3 6 64 5 6 68 6 6 63 9 6 72 10 6 70 1 8 66 3 8 64 5 8 68 6 8 63 9 8 72 10 8 70 1 9 66 3 9 64 5 9 68 6 9 63 9 9 72 10 9 70 1 10 66 3 10 64 5 10 68 6 10 63 9 10 72 10 10 70 0 12 2 2 57 8 2 59 2 3 57 8 3 59 2 4 57 8 4 59 2 6 57 8 6 59 2 8 57 8 8 59 2 12 57 8 12 59 0 24 3 2 50 4 2 46 9 2 50 10 2 45 3 3 50 4 3 46 9 3 50 10 3 45 3 8 50 4 8 46 9 8 50 10 8 45 3 10 50 4 10 46 9 10 50 10 10 45 3 11 50 4 11 46 9 11 50 10 11 45 3 12 50 4 12 46 9 12 50 10 12 45 1 6 4 55 6 55 8 55 9 55 10 55 11 55 0 36 4 1 52 5 1 55 6 1 57 7 1 50 9 1 54 10 1 51 4 2 52 5 2 55 6 2 57 7 2 50 9 2 54 10 2 51 4 3 52 5 3 55 6 3 57 7 3 50 9 3 54 10 3 51 4 7 52 5 7 55 6 7 57 7 7 50 9 7 54 10 7 51 4 10 52 5 10 55 6 10 57 7 10 50 9 10 54 10 10 51 4 11 52 5 11 55 6 11 57 7 11 50 9 11 54 10 11 51 0 36 2 1 42 3 1 36 4 1 42 5 1 41 6 1 41 10 1 39 2 2 42 3 2 36 4 2 42 5 2 41 6 2 41 10 2 39 2 6 42 3 6 36 4 6 42 5 6 41 6 6 41 10 6 39 2 8 42 3 8 36 4 8 42 5 8 41 6 8 41 10 8 39 2 11 42 3 11 36 4 11 42 5 11 41 6 11 41 10 11 39 2 12 42 3 12 36 4 12 42 5 12 41 6 12 41 10 12 39 0 24 5 1 70 6 1 70 9 1 74 10 1 72 5 3 70 6 3 70 9 3 74 10 3 72 5 4 70 6 4 70 9 4 74 10 4 72 5 6 70 6 6 70 9 6 74 10 6 72 5 8 70 6 8 70 9 8 74 10 8 72 5 12 70 6 12 70 9 12 74 10 12 72 0 18 1 2 87 4 2 87 10 2 86 1 3 87 4 3 87 10 3 86 1 4 87 4 4 87 10 4 86 1 5 87 4 5 87 10 5 86 1 9 87 4 9 87 10 9 86 1 11 87 4 11 87 10 11 86 0 12 5 1 25 8 1 27 5 2 25 8 2 27 5 5 25 8 5 27 5 9 25 8 9 27 5 10 25 8 10 27 5 12 25 8 12 27 0 24 3 2 35 6 2 40 8 2 39 10 2 35 3 4 35 6 4 40 8 4 39 10 4 35 3 6 35 6 6 40 8 6 39 10 6 35 3 8 35 6 8 40 8 8 39 10 8 35 3 9 35 6 9 40 8 9 39 10 9 35 3 11 35 6 11 40 8 11 39 10 11 35 0 42 1 1 66 2 1 65 3 1 65 4 1 70 8 1 61 9 1 65 10 1 65 1 3 66 2 3 65 3 3 65 4 3 70 8 3 61 9 3 65 10 3 65 1 4 66 2 4 65 3 4 65 4 4 70 8 4 61 9 4 65 10 4 65 1 6 66 2 6 65 3 6 65 4 6 70 8 6 61 9 6 65 10 6 65 1 8 66 2 8 65 3 8 65 4 8 70 8 8 61 9 8 65 10 8 65 1 9 66 2 9 65 3 9 65 4 9 70 8 9 61 9 9 65 10 9 65 0 24 1 1 81 2 1 83 3 1 77 8 1 78 1 2 81 2 2 83 3 2 77 8 2 78 1 5 81 2 5 83 3 5 77 8 5 78 1 9 81 2 9 83 3 9 77 8 9 78 1 11 81 2 11 83 3 11 77 8 11 78 1 12 81 2 12 83 3 12 77 8 12 78 
17 0 42 1 3 19 2 3 16 3 3 16 5 3 17 7 3 17 8 3 16 10 3 11 1 4 19 2 4 16 3 4 16 5 4 17 7 4 17 8 4 16 10 4 11 1 6 19 2 6 16 3 6 16 5 6 17 7 6 17 8 6 16 10 6 11 1 10 19 2 10 16 3 10 16 5 10 17 7 10 17 8 10 16 10 10 11 1 11 19 2 11 16 3 11 16 5 11 17 7 11 17 8 11 16 10 11 11 1 12 19 2 12 16 3 12 16 5 12 17 7 12 17 8 12 16 10 12 11 1 6 4 43 5 43 6 43 10 43 11 43 12 43 0 24 1 3 16 2 3 13 4 3 11 9 3 16 1 4 16 2 4 13 4 4 11 9 4 16 1 6 16 2 6 13 4 6 11 9 6 16 1 7 16 2 7 13 4 7 11 9 7 16 1 10 16 2 10 13 4 10 11 9 10 16 1 12 16 2 12 13 4 12 11 9 12 16 0 24 2 1 78 4 1 82 6 1 78 7 1 77 2 4 78 4 4 82 6 4 78 7 4 77 2 5 78 4 5 82 6 5 78 7 5 77 2 8 78 4 8 82 6 8 78 7 8 77 2 11 78 4 11 82 6 11 78 7 11 77 2 12 78 4 12 82 6 12 78 7 12 77 0 30 3 4 52 6 4 46 7 4 48 8 4 48 9 4 48 3 5 52 6 5 46 7 5 48 8 5 48 9 5 48 3 6 52 6 6 46 7 6 48 8 6 48 9 6 48 3 7 52 6 7 46 7 7 48 8 7 48 9 7 48 3 11 52 6 11 46 7 11 48 8 11 48 9 11 48 3 12 52 6 12 46 7 12 48 8 12 48 9 12 48 0 42 1 1 74 2 1 76 3 1 70 5 1 74 7 1 74 8 1 74 10 1 71 1 2 74 2 2 76 3 2 70 5 2 74 7 2 74 8 2 74 10 2 71 1 3 74 2 3 76 3 3 70 5 3 74 7 3 74 8 3 74 10 3 71 1 4 74 2 4 76 3 4 70 5 4 74 7 4 74 8 4 74 10 4 71 1 7 74 2 7 76 3 7 70 5 7 74 7 7 74 8 7 74 10 7 71 1 11 74 2 11 76 3 11 70 5 11 74 7 11 74 8 11 74 10 11 71 0 6 8 2 18 8 3 18 8 6 18 8 9 18 8 11 18 8 12 18 1 6 1 93 3 93 7 93 8 93 10 93 12 93 0 42 2 1 75 3 1 71 4 1 71 7 1 72 8 1 71 9 1 71 10 1 71 2 2 75 3 2 71 4 2 71 7 2 72 8 2 71 9 2 71 10 2 71 2 3 75 3 3 71 4 3 71 7 3 72 8 3 71 9 3 71 10 3 71 2 5 75 3 5 71 4 5 71 7 5 72 8 5 71 9 5 71 10 5 71 2 8 75 3 8 71 4 8 71 7 8 72 8 8 71 9 8 71 10 8 71 2 9 75 3 9 71 4 9 71 7 9 72 8 9 71 9 9 71 10 9 71 0 36 2 3 43 3 3 48 4 3 44 5 3 41 8 3 43 9 3 44 2 4 43 3 4 48 4 4 44 5 4 41 8 4 43 9 4 44 2 7 43 3 7 48 4 7 44 5 7 41 8 7 43 9 7 44 2 8 43 3 8 48 4 8 44 5 8 41 8 8 43 9 8 44 2 10 43 3 10 48 4 10 44 5 10 41 8 10 43 9 10 44 2 12 43 3 12 48 4 12 44 5 12 41 8 12 43 9 12 44 1 6 3 85 4 85 6 85 7 85 8 85 9 85 0 30 4 4 70 7 4 72 8 4 78 9 4 72 10 4 73 4 5 70 7 5 72 8 5 78 9 5 72 10 5 73 4 6 70 7 6 72 8 6 78 9 6 72 10 6 73 4 8 70 7 8 72 8 8 78 9 8 72 10 8 73 4 9 70 7 9 72 8 9 78 9 9 72 10 9 73 4 10 70 7 10 72 8 10 78 9 10 72 10 10 73 0 30 4 5 95 5 5 92 6 5 96 9 5 92 10 5 96 4 7 95 5 7 92 6 7 96 9 7 92 10 7 96 4 8 95 5 8 92 6 8 96 9 8 92 10 8 96 4 9 95 5 9 92 6 9 96 9 9 92 10 9 96 4 10 95 5 10 92 6 10 96 9 10 92 10 10 96 4 11 95 5 11 92 6 11 96 9 11 92 10 11 96 0 24 3 2 39 4 2 43 7 2 41 10 2 35 3 3 39 4 3 43 7 3 41 10 3 35 3 5 39 4 5 43 7 5 41 10 5 35 3 7 39 4 7 43 7 7 41 10 7 35 3 10 39 4 10 43 7 10 41 10 10 35 3 11 39 4 11 43 7 11 41 10 11 35 0 36 2 4 48 4 4 50 5 4 47 6 4 52 8 4 44 10 4 48 2 5 48 4 5 50 5 5 47 6 5 52 8 5 44 10 5 48 2 6 48 4 6 50 5 6 47 6 6 52 8 6 44 10 6 48 2 7 48 4 7 50 5 7 47 6 7 52 8 7 44 10 7 48 2 10 48 4 10 50 5 10 47 6 10 52 8 10 44 10 10 48 2 11 48 4 11 50 5 11 47 6 11 52 8 11 44 10 11 48 0 48 1 1 97 2 1 91 3 1 92 4 1 96 5 1 94 6 1 90 9 1 94 10 1 92 1 2 97 2 2 91 3 2 92 4 2 96 5 2 94 6 2 90 9 2 94 10 2 92 1 5 97 2 5 91 3 5 92 4 5 96 5 5 94 6 5 90 9 5 94 10 5 92 1 6 97 2 6 91 3 6 92 4 6 96 5 6 94 6 6 90 9 6 94 10 6 92 1 10 97 2 10 91 3 10 92 4 10 96 5 10 94 6 10 90 9 10 94 10 10 92 1 12 97 2 12 91 3 12 92 4 12 96 5 12 94 6 12 90 9 12 94 10 12 92 1 6 1 80 3 80 6 80 8 80 11 80 12 80 
23 0 36 2 2 67 5 2 67 6 2 71 7 2 63 8 2 65 10 2 64 2 3 67 5 3 67 6 3 71 7 3 63 8 3 65 10 3 64 2 4 67 5 4 67 6 4 71 7 4 63 8 4 65 10 4 64 2 6 67 5 6 67 6 6 71 7 6 63 8 6 65 10 6 64 2 11 67 5 11 67 6 11 71 7 11 63 8 11 65 10 11 64 2 12 67 5 12 67 6 12 71 7 12 63 8 12 65 10 12 64 0 24 2 1 86 3 1 84 4 1 82 7 1 81 2 3 86 3 3 84 4 3 82 7 3 81 2 4 86 3 4 84 4 4 82 7 4 81 2 7 86 3 7 84 4 7 82 7 7 81 2 10 86 3 10 84 4 10 82 7 10 81 2 12 86 3 12 84 4 12 82 7 12 81 0 18 1 1 72 2 1 75 6 1 77 1 2 72 2 2 75 6 2 77 1 3 72 2 3 75 6 3 77 1 4 72 2 4 75 6 4 77 1 5 72 2 5 75 6 5 77 1 11 72 2 11 75 6 11 77 0 36 2 2 22 3 2 22 6 2 22 7 2 22 9 2 22 10 2 22 2 3 22 3 3 22 6 3 22 7 3 22 9 3 22 10 3 22 2 7 22 3 7 22 6 7 22 7 7 22 9 7 22 10 7 22 2 9 22 3 9 22 6 9 22 7 9 22 9 9 22 10 9 22 2 11 22 3 11 22 6 11 22 7 11 22 9 11 22 10 11 22 2 12 22 3 12 22 6 12 22 7 12 22 9 12 22 10 12 22 0 30 1 2 22 2 2 24 3 2 17 7 2 23 8 2 24 1 3 22 2 3 24 3 3 17 7 3 23 8 3 24 1 5 22 2 5 24 3 5 17 7 5 23 8 5 24 1 6 22 2 6 24 3 6 17 7 6 23 8 6 24 1 7 22 2 7 24 3 7 17 7 7 23 8 7 24 1 11 22 2 11 24 3 11 17 7 11 23 8 11 24 0 42 1 2 20 2 2 20 3 2 18 6 2 20 8 2 16 9 2 21 10 2 20 1 3 20 2 3 20 3 3 18 6 3 20 8 3 16 9 3 21 10 3 20 1 4 20 2 4 20 3 4 18 6 4 20 8 4 16 9 4 21 10 4 20 1 6 20 2 6 20 3 6 18 6 6 20 8 6 16 9 6 21 10 6 20 1 7 20 2 7 20 3 7 18 6 7 20 8 7 16 9 7 21 10 7 20 1 8 20 2 8 20 3 8 18 6 8 20 8 8 16 9 8 21 10 8 20 1 6 2 48 5 48 8 48 9 48 11 48 12 48 0 18 7 1 68 9 1 65 10 1 68 7 2 68 9 2 65 10 2 68 7 4 68 9 4 65 10 4 68 7 5 68 9 5 65 10 5 68 7 7 68 9 7 65 10 7 68 7 11 68 9 11 65 10 11 68 1 6 1 27 4 27 8 27 10 27 11 27 12 27 0 30 2 2 65 4 2 69 5 2 69 6 2 68 9 2 68 2 3 65 4 3 69 5 3 69 6 3 68 9 3 68 2 4 65 4 4 69 5 4 69 6 4 68 9 4 68 2 7 65 4 7 69 5 7 69 6 7 68 9 7 68 2 10 65 4 10 69 5 10 69 6 10 68 9 10 68 2 11 65 4 11 69 5 11 69 6 11 68 9 11 68 1 6 2 23 3 23 4 23 5 23 6 23 10 23 0 24 2 4 22 3 4 29 4 4 27 5 4 27 2 5 22 3 5 29 4 5 27 5 5 27 2 6 22 3 6 29 4 6 27 5 6 27 2 7 22 3 7 29 4 7 27 5 7 27 2 10 22 3 10 29 4 10 27 5 10 27 2 12 22 3 12 29 4 12 27 5 12 27 0 36 1 1 46 3 1 46 4 1 47 8 1 49 9 1 47 10 1 43 1 2 46 3 2 46 4 2 47 8 2 49 9 2 47 10 2 43 1 4 46 3 4 46 4 4 47 8 4 49 9 4 47 10 4 43 1 9 46 3 9 46 4 9 47 8 9 49 9 9 47 10 9 43 1 10 46 3 10 46 4 10 47 8 10 49 9 10 47 10 10 43 1 12 46 3 12 46 4 12 47 8 12 49 9 12 47 10 12 43 0 30 1 1 29 2 1 25 3 1 26 8 1 27 9 1 22 1 3 29 2 3 25 3 3 26 8 3 27 9 3 22 1 4 29 2 4 25 3 4 26 8 4 27 9 4 22 1 6 29 2 6 25 3 6 26 8 6 27 9 6 22 1 7 29 2 7 25 3 7 26 8 7 27 9 7 22 1 9 29 2 9 25 3 9 26 8 9 27 9 9 22 0 36 2 2 65 3 2 67 4 2 67 6 2 67 7 2 71 8 2 65 2 3 65 3 3 67 4 3 67 6 3 67 7 3 71 8 3 65 2 6 65 3 6 67 4 6 67 6 6 67 7 6 71 8 6 65 2 8 65 3 8 67 4 8 67 6 8 67 7 8 71 8 8 65 2 11 65 3 11 67 4 11 67 6 11 67 7 11 71 8 11 65 2 12 65 3 12 67 4 12 67 6 12 67 7 12 71 8 12 65 0 30 2 1 21 3 1 19 4 1 23 5 1 28 9 1 23 2 2 21 3 2 19 4 2 23 5 2 28 9 2 23 2 3 21 3 3 19 4 3 23 5 3 28 9 3 23 2 6 21 3 6 19 4 6 23 5 6 28 9 6 23 2 8 21 3 8 19 4 8 23 5 8 28 9 8 23 2 9 21 3 9 19 4 9 23 5 9 28 9 9 23 0 24 1 2 86 3 2 85 5 2 80 10 2 78 1 3 86 3 3 85 5 3 80 10 3 78 1 5 86 3 5 85 5 5 80 10 5 78 1 7 86 3 7 85 5 7 80 10 7 78 1 10 86 3 10 85 5 10 80 10 10 78 1 11 86 3 11 85 5 11 80 10 11 78 0 18 3 1 48 7 1 49 8 1 48 3 2 48 7 2 49 8 2 48 3 4 48 7 4 49 8 4 48 3 5 48 7 5 49 8 5 48 3 10 48 7 10 49 8 10 48 3 11 48 7 11 49 8 11 48 0 12 7 1 82 10 1 82 7 5 82 10 5 82 7 6 82 10 6 82 7 10 82 10 10 82 7 11 82 10 11 82 7 12 82 10 12 82 0 36 2 3 34 4 3 31 5 3 34 7 3 34 8 3 29 10 3 34 2 4 34 4 4 31 5 4 34 7 4 34 8 4 29 10 4 34 2 5 34 4 5 31 5 5 34 7 5 34 8 5 29 10 5 34 2 8 34 4 8 31 5 8 34 7 8 34 8 8 29 10 8 34 2 9 34 4 9 31 5 9 34 7 9 34 8 9 29 10 9 34 2 12 34 4 12 31 5 12 34 7 12 34 8 12 29 10 12 34 0 36 1 1 44 5 1 42 6 1 42 7 1 45 8 1 46 9 1 47 1 2 44 5 2 42 6 2 42 7 2 45 8 2 46 9 2 47 1 5 44 5 5 42 6 5 42 7 5 45 8 5 46 9 5 47 1 9 44 5 9 42 6 9 42 7 9 45 8 9 46 9 9 47 1 10 44 5 10 42 6 10 42 7 10 45 8 10 46 9 10 47 1 11 44 5 11 42 6 11 42 7 11 45 8 11 46 9 11 47 0 48 1 1 16 2 1 11 3 1 19 5 1 16 6 1 16 8 1 21 9 1 16 10 1 16 1 2 16 2 2 11 3 2 19 5 2 16 6 2 16 8 2 21 9 2 16 10 2 16 1 3 16 2 3 11 3 3 19 5 3 16 6 3 16 8 3 21 9 3 16 10 3 16 1 7 16 2 7 11 3 7 19 5 7 16 6 7 16 8 7 21 9 7 16 10 7 16 1 8 16 2 8 11 3 8 19 5 8 16 6 8 16 8 8 21 9 8 16 10 8 16 1 9 16 2 9 11 3 9 19 5 9 16 6 9 16 8 9 21 9 9 16 10 9 16 0 48 1 2 26 2 2 27 4 2 27 6 2 23 7 2 31 8 2 27 9 2 26 10 2 25 1 4 26 2 4 27 4 4 27 6 4 23 7 4 31 8 4 27 9 4 26 10 4 25 1 5 26 2 5 27 4 5 27 6 5 23 7 5 31 8 5 27 9 5 26 10 5 25 1 8 26 2 8 27 4 8 27 6 8 23 7 8 31 8 8 27 9 8 26 10 8 25 1 9 26 2 9 27 4 9 27 6 9 23 7 9 31 8 9 27 9 9 26 10 9 25 1 10 26 2 10 27 4 10 27 6 10 23 7 10 31 8 10 27 9 10 26 10 10 25 
16 0 42 2 1 49 3 1 49 5 1 49 6 1 52 8 1 48 9 1 50 10 1 46 2 4 49 3 4 49 5 4 49 6 4 52 8 4 48 9 4 50 10 4 46 2 7 49 3 7 49 5 7 49 6 7 52 8 7 48 9 7 50 10 7 46 2 9 49 3 9 49 5 9 49 6 9 52 8 9 48 9 9 50 10 9 46 2 10 49 3 10 49 5 10 49 6 10 52 8 10 48 9 10 50 10 10 46 2 12 49 3 12 49 5 12 49 6 12 52 8 12 48 9 12 50 10 12 46 0 30 1 1 19 3 1 15 4 1 21 7 1 19 8 1 19 1 2 19 3 2 15 4 2 21 7 2 19 8 2 19 1 4 19 3 4 15 4 4 21 7 4 19 8 4 19 1 6 19 3 6 15 4 6 21 7 6 19 8 6 19 1 8 19 3 8 15 4 8 21 7 8 19 8 8 19 1 12 19 3 12 15 4 12 21 7 12 19 8 12 19 0 30 1 2 92 5 2 94 6 2 91 8 2 92 10 2 92 1 5 92 5 5 94 6 5 91 8 5 92 10 5 92 1 6 92 5 6 94 6 6 91 8 6 92 10 6 92 1 7 92 5 7 94 6 7 91 8 7 92 10 7 92 1 8 92 5 8 94 6 8 91 8 8 92 10 8 92 1 10 92 5 10 94 6 10 91 8 10 92 10 10 92 0 30 3 1 29 6 1 26 8 1 31 9 1 24 10 1 26 3 4 29 6 4 26 8 4 31 9 4 24 10 4 26 3 6 29 6 6 26 8 6 31 9 6 24 10 6 26 3 8 29 6 8 26 8 8 31 9 8 24 10 8 26 3 11 29 6 11 26 8 11 31 9 11 24 10 11 26 3 12 29 6 12 26 8 12 31 9 12 24 10 12 26 0 30 2 2 35 3 2 30 4 2 34 5 2 29 7 2 32 2 7 35 3 7 30 4 7 34 5 7 29 7 7 32 2 8 35 3 8 30 4 8 34 5 8 29 7 8 32 2 10 35 3 10 30 4 10 34 5 10 29 7 10 32 2 11 35 3 11 30 4 11 34 5 11 29 7 11 32 2 12 35 3 12 30 4 12 34 5 12 29 7 12 32 0 36 1 3 92 2 3 95 3 3 92 7 3 95 8 3 92 10 3 92 1 5 92 2 5 95 3 5 92 7 5 95 8 5 92 10 5 92 1 8 92 2 8 95 3 8 92 7 8 95 8 8 92 10 8 92 1 10 92 2 10 95 3 10 92 7 10 95 8 10 92 10 10 92 1 11 92 2 11 95 3 11 92 7 11 95 8 11 92 10 11 92 1 12 92 2 12 95 3 12 92 7 12 95 8 12 92 10 12 92 0 36 1 1 65 2 1 69 4 1 65 7 1 65 8 1 65 9 1 66 1 2 65 2 2 69 4 2 65 7 2 65 8 2 65 9 2 66 1 3 65 2 3 69 4 3 65 7 3 65 8 3 65 9 3 66 1 8 65 2 8 69 4 8 65 7 8 65 8 8 65 9 8 66 1 10 65 2 10 69 4 10 65 7 10 65 8 10 65 9 10 66 1 11 65 2 11 69 4 11 65 7 11 65 8 11 65 9 11 66 0 48 1 3 43 3 3 43 5 3 40 6 3 42 7 3 46 8 3 42 9 3 44 10 3 39 1 5 43 3 5 43 5 5 40 6 5 42 7 5 46 8 5 42 9 5 44 10 5 39 1 6 43 3 6 43 5 6 40 6 6 42 7 6 46 8 6 42 9 6 44 10 6 39 1 7 43 3 7 43 5 7 40 6 7 42 7 7 46 8 7 42 9 7 44 10 7 39 1 8 43 3 8 43 5 8 40 6 8 42 7 8 46 8 8 42 9 8 44 10 8 39 1 12 43 3 12 43 5 12 40 6 12 42 7 12 46 8 12 42 9 12 44 10 12 39 0 30 1 1 48 3 1 44 4 1 41 6 1 44 9 1 44 1 3 48 3 3 44 4 3 41 6 3 44 9 3 44 1 6 48 3 6 44 4 6 41 6 6 44 9 6 44 1 8 48 3 8 44 4 8 41 6 8 44 9 8 44 1 9 48 3 9 44 4 9 41 6 9 44 9 9 44 1 12 48 3 12 44 4 12 41 6 12 44 9 12 44 1 6 1 58 4 58 5 58 8 58 9 58 10 58 0 36 2 1 92 3 1 90 4 1 87 6 1 90 9 1 89 10 1 85 2 2 92 3 2 90 4 2 87 6 2 90 9 2 89 10 2 85 2 6 92 3 6 90 4 6 87 6 6 90 9 6 89 10 6 85 2 7 92 3 7 90 4 7 87 6 7 90 9 7 89 10 7 85 2 9 92 3 9 90 4 9 87 6 9 90 9 9 89 10 9 85 2 10 92 3 10 90 4 10 87 6 10 90 9 10 89 10 10 85 1 6 1 76 4 76 5 76 8 76 9 76 11 76 0 18 4 3 77 5 3 72 7 3 69 4 4 77 5 4 72 7 4 69 4 6 77 5 6 72 7 6 69 4 7 77 5 7 72 7 7 69 4 11 77 5 11 72 7 11 69 4 12 77 5 12 72 7 12 69 0 42 1 4 57 2 4 61 3 4 60 4 4 53 7 4 53 8 4 56 9 4 57 1 5 57 2 5 61 3 5 60 4 5 53 7 5 53 8 5 56 9 5 57 1 7 57 2 7 61 3 7 60 4 7 53 7 7 53 8 7 56 9 7 57 1 9 57 2 9 61 3 9 60 4 9 53 7 9 53 8 9 56 9 9 57 1 11 57 2 11 61 3 11 60 4 11 53 7 11 53 8 11 56 9 11 57 1 12 57 2 12 61 3 12 60 4 12 53 7 12 53 8 12 56 9 12 57 0 30 1 1 67 5 1 65 7 1 70 8 1 67 9 1 70 1 3 67 5 3 65 7 3 70 8 3 67 9 3 70 1 4 67 5 4 65 7 4 70 8 4 67 9 4 70 1 6 67 5 6 65 7 6 70 8 6 67 9 6 70 1 8 67 5 8 65 7 8 70 8 8 67 9 8 70 1 10 67 5 10 65 7 10 70 8 10 67 9 10 70 1 6 2 82 4 82 5 82 6 82 7 82 12 82 
