15 8 10
15 0 10 2 1 24 4 1 24 2 2 24 4 2 24 2 4 24 4 4 24 2 5 24 4 5 24 2 8 24 4 8 24 0 20 1 1 63 2 1 63 3 1 63 7 1 63 1 4 63 2 4 63 3 4 63 7 4 63 1 6 63 2 6 63 3 6 63 7 6 63 1 8 63 2 8 63 3 8 63 7 8 63 1 10 63 2 10 63 3 10 63 7 10 63 0 10 2 1 29 3 1 29 2 3 29 3 3 29 2 4 29 3 4 29 2 6 29 3 6 29 2 10 29 3 10 29 0 15 1 3 83 2 3 83 4 3 83 1 4 83 2 4 83 4 4 83 1 6 83 2 6 83 4 6 83 1 7 83 2 7 83 4 7 83 1 9 83 2 9 83 4 9 83 0 5 8 1 23 8 2 23 8 3 23 8 5 23 8 10 23 0 15 1 5 66 4 5 66 6 5 66 1 6 66 4 6 66 6 6 66 1 7 66 4 7 66 6 7 66 1 8 66 4 8 66 6 8 66 1 9 66 4 9 66 6 9 66 0 5 2 1 29 2 5 29 2 6 29 2 9 29 2 10 29 0 10 1 2 11 8 2 11 1 4 11 8 4 11 1 6 11 8 6 11 1 8 11 8 8 11 1 10 11 8 10 11 0 25 1 4 62 2 4 62 5 4 62 7 4 62 8 4 62 1 6 62 2 6 62 5 6 62 7 6 62 8 6 62 1 7 62 2 7 62 5 7 62 7 7 62 8 7 62 1 8 62 2 8 62 5 8 62 7 8 62 8 8 62 1 10 62 2 10 62 5 10 62 7 10 62 8 10 62 0 15 2 2 94 4 2 94 8 2 94 2 3 94 4 3 94 8 3 94 2 5 94 4 5 94 8 5 94 2 7 94 4 7 94 8 7 94 2 10 94 4 10 94 8 10 94 0 25 2 1 41 3 1 41 5 1 41 7 1 41 8 1 41 2 4 41 3 4 41 5 4 41 7 4 41 8 4 41 2 5 41 3 5 41 5 5 41 7 5 41 8 5 41 2 7 41 3 7 41 5 7 41 7 7 41 8 7 41 2 9 41 3 9 41 5 9 41 7 9 41 8 9 41 0 5 5 4 90 5 5 90 5 6 90 5 7 90 5 9 90 0 10 6 1 63 8 1 63 6 3 63 8 3 63 6 4 63 8 4 63 6 8 63 8 8 63 6 10 63 8 10 63 0 20 1 1 45 2 1 45 4 1 45 6 1 45 1 2 45 2 2 45 4 2 45 6 2 45 1 3 45 2 3 45 4 3 45 6 3 45 1 5 45 2 5 45 4 5 45 6 5 45 1 9 45 2 9 45 4 9 45 6 9 45 1 5 1 91 2 91 3 91 8 91 9 91 
20 0 15 2 1 73 7 1 73 8 1 73 2 4 73 7 4 73 8 4 73 2 5 73 7 5 73 8 5 73 2 6 73 7 6 73 8 6 73 2 9 73 7 9 73 8 9 73 0 5 2 3 31 2 4 31 2 5 31 2 8 31 2 9 31 0 5 8 1 97 8 2 97 8 3 97 8 5 97 8 6 97 0 10 1 1 11 2 1 11 1 3 11 2 3 11 1 6 11 2 6 11 1 7 11 2 7 11 1 10 11 2 10 11 0 20 2 1 20 6 1 20 7 1 20 8 1 20 2 4 20 6 4 20 7 4 20 8 4 20 2 5 20 6 5 20 7 5 20 8 5 20 2 8 20 6 8 20 7 8 20 8 8 20 2 9 20 6 9 20 7 9 20 8 9 20 0 10 3 4 90 4 4 90 3 6 90 4 6 90 3 7 90 4 7 90 3 8 90 4 8 90 3 9 90 4 9 90 0 15 1 1 21 3 1 21 7 1 21 1 6 21 3 6 21 7 6 21 1 8 21 3 8 21 7 8 21 1 9 21 3 9 21 7 9 21 1 10 21 3 10 21 7 10 21 0 15 3 1 78 7 1 78 8 1 78 3 3 78 7 3 78 8 3 78 3 4 78 7 4 78 8 4 78 3 6 78 7 6 78 8 6 78 3 9 78 7 9 78 8 9 78 0 5 4 2 37 4 5 37 4 6 37 4 7 37 4 10 37 0 20 2 1 68 4 1 68 6 1 68 7 1 68 2 3 68 4 3 68 6 3 68 7 3 68 2 6 68 4 6 68 6 6 68 7 6 68 2 7 68 4 7 68 6 7 68 7 7 68 2 9 68 4 9 68 6 9 68 7 9 68 1 5 2 48 3 48 8 48 9 48 10 48 0 15 1 4 55 4 4 55 6 4 55 1 6 55 4 6 55 6 6 55 1 8 55 4 8 55 6 8 55 1 9 55 4 9 55 6 9 55 1 10 55 4 10 55 6 10 55 0 15 3 1 38 5 1 38 8 1 38 3 3 38 5 3 38 8 3 38 3 6 38 5 6 38 8 6 38 3 7 38 5 7 38 8 7 38 3 10 38 5 10 38 8 10 38 0 20 1 4 49 2 4 49 5 4 49 7 4 49 1 5 49 2 5 49 5 5 49 7 5 49 1 7 49 2 7 49 5 7 49 7 7 49 1 8 49 2 8 49 5 8 49 7 8 49 1 9 49 2 9 49 5 9 49 7 9 49 1 5 1 69 2 69 5 69 6 69 8 69 0 10 3 3 73 4 3 73 3 5 73 4 5 73 3 6 73 4 6 73 3 7 73 4 7 73 3 10 73 4 10 73 0 10 3 1 80 5 1 80 3 4 80 5 4 80 3 5 80 5 5 80 3 9 80 5 9 80 3 10 80 5 10 80 0 15 1 2 83 4 2 83 5 2 83 1 4 83 4 4 83 5 4 83 1 7 83 4 7 83 5 7 83 1 8 83 4 8 83 5 8 83 1 10 83 4 10 83 5 10 83 1 5 1 39 7 39 8 39 9 39 10 39 1 5 3 98 4 98 6 98 9 98 10 98 
23 1 5 3 71 5 71 6 71 7 71 8 71 0 25 1 2 24 2 2 24 5 2 24 6 2 24 8 2 24 1 3 24 2 3 24 5 3 24 6 3 24 8 3 24 1 4 24 2 4 24 5 4 24 6 4 24 8 4 24 1 5 24 2 5 24 5 5 24 6 5 24 8 5 24 1 7 24 2 7 24 5 7 24 6 7 24 8 7 24 1 5 1 89 2 89 4 89 9 89 10 89 0 20 1 3 73 2 3 73 6 3 73 8 3 73 1 5 73 2 5 73 6 5 73 8 5 73 1 7 73 2 7 73 6 7 73 8 7 73 1 9 73 2 9 73 6 9 73 8 9 73 1 10 73 2 10 73 6 10 73 8 10 73 0 25 1 1 44 2 1 44 3 1 44 6 1 44 8 1 44 1 4 44 2 4 44 3 4 44 6 4 44 8 4 44 1 5 44 2 5 44 3 5 44 6 5 44 8 5 44 1 8 44 2 8 44 3 8 44 6 8 44 8 8 44 1 9 44 2 9 44 3 9 44 6 9 44 8 9 44 0 10 4 1 61 8 1 61 4 4 61 8 4 61 4 5 61 8 5 61 4 7 61 8 7 61 4 9 61 8 9 61 0 5 2 1 53 2 3 53 2 4 53 2 7 53 2 9 53 0 10 2 3 35 4 3 35 2 4 35 4 4 35 2 6 35 4 6 35 2 7 35 4 7 35 2 8 35 4 8 35 0 10 5 4 95 8 4 95 5 6 95 8 6 95 5 7 95 8 7 95 5 8 95 8 8 95 5 10 95 8 10 95 0 25 1 2 33 3 2 33 4 2 33 6 2 33 7 2 33 1 4 33 3 4 33 4 4 33 6 4 33 7 4 33 1 5 33 3 5 33 4 5 33 6 5 33 7 5 33 1 9 33 3 9 33 4 9 33 6 9 33 7 9 33 1 10 33 3 10 33 4 10 33 6 10 33 7 10 33 0 5 5 1 59 5 3 59 5 4 59 5 6 59 5 8 59 0 15 2 3 68 6 3 68 7 3 68 2 5 68 6 5 68 7 5 68 2 8 68 6 8 68 7 8 68 2 9 68 6 9 68 7 9 68 2 10 68 6 10 68 7 10 68 0 5 4 1 61 4 3 61 4 6 61 4 7 61 4 8 61 0 10 1 1 56 6 1 56 1 2 56 6 2 56 1 8 56 6 8 56 1 9 56 6 9 56 1 10 56 6 10 56 1 5 1 28 2 28 3 28 9 28 10 28 0 10 1 4 18 2 4 18 1 6 18 2 6 18 1 7 18 2 7 18 1 9 18 2 9 18 1 10 18 2 10 18 1 5 4 35 5 35 7 35 9 35 10 35 0 25 2 1 73 3 1 73 4 1 73 5 1 73 8 1 73 2 2 73 3 2 73 4 2 73 5 2 73 8 2 73 2 6 73 3 6 73 4 6 73 5 6 73 8 6 73 2 8 73 3 8 73 4 8 73 5 8 73 8 8 73 2 9 73 3 9 73 4 9 73 5 9 73 8 9 73 0 20 1 1 78 2 1 78 5 1 78 6 1 78 1 4 78 2 4 78 5 4 78 6 4 78 1 5 78 2 5 78 5 5 78 6 5 78 1 7 78 2 7 78 5 7 78 6 7 78 1 8 78 2 8 78 5 8 78 6 8 78 0 5 7 1 70 7 2 70 7 5 70 7 6 70 7 7 70 0 20 1 3 65 2 3 65 4 3 65 7 3 65 1 5 65 2 5 65 4 5 65 7 5 65 1 6 65 2 6 65 4 6 65 7 6 65 1 8 65 2 8 65 4 8 65 7 8 65 1 10 65 2 10 65 4 10 65 7 10 65 0 20 2 2 44 4 2 44 5 2 44 7 2 44 2 3 44 4 3 44 5 3 44 7 3 44 2 7 44 4 7 44 5 7 44 7 7 44 2 8 44 4 8 44 5 8 44 7 8 44 2 10 44 4 10 44 5 10 44 7 10 44 0 10 1 2 56 3 2 56 1 3 56 3 3 56 1 5 56 3 5 56 1 8 56 3 8 56 1 10 56 3 10 56 
18 0 15 3 2 60 5 2 60 8 2 60 3 3 60 5 3 60 8 3 60 3 5 60 5 5 60 8 5 60 3 6 60 5 6 60 8 6 60 3 8 60 5 8 60 8 8 60 0 5 4 2 69 4 4 69 4 6 69 4 7 69 4 10 69 0 10 1 1 94 6 1 94 1 2 94 6 2 94 1 3 94 6 3 94 1 4 94 6 4 94 1 10 94 6 10 94 0 15 3 1 28 4 1 28 5 1 28 3 2 28 4 2 28 5 2 28 3 6 28 4 6 28 5 6 28 3 8 28 4 8 28 5 8 28 3 10 28 4 10 28 5 10 28 0 5 7 5 63 7 6 63 7 7 63 7 9 63 7 10 63 0 5 5 1 17 5 3 17 5 4 17 5 5 17 5 6 17 0 10 1 6 61 5 6 61 1 7 61 5 7 61 1 8 61 5 8 61 1 9 61 5 9 61 1 10 61 5 10 61 0 10 2 1 34 8 1 34 2 3 34 8 3 34 2 6 34 8 6 34 2 8 34 8 8 34 2 9 34 8 9 34 0 5 6 2 96 6 4 96 6 5 96 6 9 96 6 10 96 0 15 2 1 31 3 1 31 7 1 31 2 2 31 3 2 31 7 2 31 2 4 31 3 4 31 7 4 31 2 7 31 3 7 31 7 7 31 2 8 31 3 8 31 7 8 31 0 15 1 1 82 4 1 82 5 1 82 1 3 82 4 3 82 5 3 82 1 6 82 4 6 82 5 6 82 1 8 82 4 8 82 5 8 82 1 9 82 4 9 82 5 9 82 0 10 3 4 40 6 4 40 3 5 40 6 5 40 3 6 40 6 6 40 3 8 40 6 8 40 3 10 40 6 10 40 1 5 1 63 2 63 3 63 8 63 10 63 0 10 2 2 95 5 2 95 2 4 95 5 4 95 2 5 95 5 5 95 2 8 95 5 8 95 2 10 95 5 10 95 0 5 1 2 68 1 4 68 1 5 68 1 6 68 1 10 68 1 5 1 91 2 91 4 91 6 91 10 91 0 10 1 1 43 4 1 43 1 2 43 4 2 43 1 5 43 4 5 43 1 6 43 4 6 43 1 8 43 4 8 43 0 15 1 5 32 4 5 32 5 5 32 1 6 32 4 6 32 5 6 32 1 7 32 4 7 32 5 7 32 1 8 32 4 8 32 5 8 32 1 10 32 4 10 32 5 10 32 
21 0 15 2 1 54 3 1 54 6 1 54 2 2 54 3 2 54 6 2 54 2 4 54 3 4 54 6 4 54 2 9 54 3 9 54 6 9 54 2 10 54 3 10 54 6 10 54 0 20 2 3 92 3 3 92 4 3 92 5 3 92 2 4 92 3 4 92 4 4 92 5 4 92 2 5 92 3 5 92 4 5 92 5 5 92 2 6 92 3 6 92 4 6 92 5 6 92 2 8 92 3 8 92 4 8 92 5 8 92 1 5 1 40 2 40 5 40 7 40 10 40 0 15 3 1 84 7 1 84 8 1 84 3 3 84 7 3 84 8 3 84 3 5 84 7 5 84 8 5 84 3 9 84 7 9 84 8 9 84 3 10 84 7 10 84 8 10 84 1 5 2 38 3 38 4 38 8 38 9 38 0 15 2 2 94 4 2 94 7 2 94 2 4 94 4 4 94 7 4 94 2 5 94 4 5 94 7 5 94 2 8 94 4 8 94 7 8 94 2 10 94 4 10 94 7 10 94 0 5 1 4 63 1 5 63 1 6 63 1 7 63 1 8 63 0 5 2 2 99 2 3 99 2 4 99 2 7 99 2 10 99 0 10 6 2 45 8 2 45 6 3 45 8 3 45 6 5 45 8 5 45 6 6 45 8 6 45 6 9 45 8 9 45 1 5 3 28 4 28 6 28 9 28 10 28 0 20 2 1 59 3 1 59 6 1 59 8 1 59 2 3 59 3 3 59 6 3 59 8 3 59 2 6 59 3 6 59 6 6 59 8 6 59 2 8 59 3 8 59 6 8 59 8 8 59 2 10 59 3 10 59 6 10 59 8 10 59 1 5 4 97 5 97 6 97 8 97 10 97 0 15 1 1 69 5 1 69 7 1 69 1 2 69 5 2 69 7 2 69 1 3 69 5 3 69 7 3 69 1 6 69 5 6 69 7 6 69 1 9 69 5 9 69 7 9 69 0 25 3 1 61 4 1 61 5 1 61 6 1 61 8 1 61 3 3 61 4 3 61 5 3 61 6 3 61 8 3 61 3 6 61 4 6 61 5 6 61 6 6 61 8 6 61 3 9 61 4 9 61 5 9 61 6 9 61 8 9 61 3 10 61 4 10 61 5 10 61 6 10 61 8 10 61 1 5 2 98 3 98 4 98 9 98 10 98 1 5 2 42 3 42 4 42 7 42 9 42 0 10 2 3 100 5 3 100 2 4 100 5 4 100 2 5 100 5 5 100 2 8 100 5 8 100 2 10 100 5 10 100 0 15 1 2 68 6 2 68 7 2 68 1 4 68 6 4 68 7 4 68 1 5 68 6 5 68 7 5 68 1 7 68 6 7 68 7 7 68 1 10 68 6 10 68 7 10 68 0 15 5 1 83 6 1 83 7 1 83 5 2 83 6 2 83 7 2 83 5 5 83 6 5 83 7 5 83 5 6 83 6 6 83 7 6 83 5 9 83 6 9 83 7 9 83 0 20 1 1 69 5 1 69 6 1 69 8 1 69 1 7 69 5 7 69 6 7 69 8 7 69 1 8 69 5 8 69 6 8 69 8 8 69 1 9 69 5 9 69 6 9 69 8 9 69 1 10 69 5 10 69 6 10 69 8 10 69 0 15 2 2 17 5 2 17 7 2 17 2 3 17 5 3 17 7 3 17 2 5 17 5 5 17 7 5 17 2 6 17 5 6 17 7 6 17 2 7 17 5 7 17 7 7 17 
15 0 5 5 4 26 5 5 26 5 6 26 5 8 26 5 10 26 0 25 1 1 29 3 1 29 4 1 29 5 1 29 6 1 29 1 2 29 3 2 29 4 2 29 5 2 29 6 2 29 1 4 29 3 4 29 4 4 29 5 4 29 6 4 29 1 8 29 3 8 29 4 8 29 5 8 29 6 8 29 1 10 29 3 10 29 4 10 29 5 10 29 6 10 29 0 5 7 1 20 7 2 20 7 6 20 7 9 20 7 10 20 0 5 7 4 100 7 5 100 7 8 100 7 9 100 7 10 100 0 15 1 6 87 3 6 87 8 6 87 1 7 87 3 7 87 8 7 87 1 8 87 3 8 87 8 8 87 1 9 87 3 9 87 8 9 87 1 10 87 3 10 87 8 10 87 0 5 8 1 67 8 2 67 8 5 67 8 9 67 8 10 67 0 15 1 2 16 4 2 16 6 2 16 1 6 16 4 6 16 6 6 16 1 7 16 4 7 16 6 7 16 1 8 16 4 8 16 6 8 16 1 9 16 4 9 16 6 9 16 0 20 1 2 86 2 2 86 4 2 86 6 2 86 1 3 86 2 3 86 4 3 86 6 3 86 1 5 86 2 5 86 4 5 86 6 5 86 1 6 86 2 6 86 4 6 86 6 6 86 1 9 86 2 9 86 4 9 86 6 9 86 0 5 7 3 36 7 6 36 7 7 36 7 9 36 7 10 36 1 5 2 73 4 73 7 73 8 73 9 73 0 10 1 1 41 5 1 41 1 3 41 5 3 41 1 4 41 5 4 41 1 7 41 5 7 41 1 10 41 5 10 41 0 15 2 3 100 3 3 100 4 3 100 2 6 100 3 6 100 4 6 100 2 7 100 3 7 100 4 7 100 2 8 100 3 8 100 4 8 100 2 10 100 3 10 100 4 10 100 0 15 1 2 23 6 2 23 7 2 23 1 3 23 6 3 23 7 3 23 1 5 23 6 5 23 7 5 23 1 7 23 6 7 23 7 7 23 1 8 23 6 8 23 7 8 23 0 15 4 1 33 7 1 33 8 1 33 4 5 33 7 5 33 8 5 33 4 6 33 7 6 33 8 6 33 4 9 33 7 9 33 8 9 33 4 10 33 7 10 33 8 10 33 0 15 3 3 92 5 3 92 8 3 92 3 4 92 5 4 92 8 4 92 3 5 92 5 5 92 8 5 92 3 6 92 5 6 92 8 6 92 3 8 92 5 8 92 8 8 92 
17 1 5 1 74 3 74 8 74 9 74 10 74 0 10 7 2 90 8 2 90 7 6 90 8 6 90 7 8 90 8 8 90 7 9 90 8 9 90 7 10 90 8 10 90 0 5 2 4 49 2 6 49 2 7 49 2 9 49 2 10 49 0 5 7 6 34 7 7 34 7 8 34 7 9 34 7 10 34 0 5 2 3 47 2 4 47 2 5 47 2 8 47 2 9 47 0 10 3 1 62 6 1 62 3 3 62 6 3 62 3 4 62 6 4 62 3 5 62 6 5 62 3 6 62 6 6 62 0 20 1 3 59 3 3 59 4 3 59 8 3 59 1 4 59 3 4 59 4 4 59 8 4 59 1 5 59 3 5 59 4 5 59 8 5 59 1 8 59 3 8 59 4 8 59 8 8 59 1 10 59 3 10 59 4 10 59 8 10 59 0 10 4 1 98 5 1 98 4 2 98 5 2 98 4 5 98 5 5 98 4 9 98 5 9 98 4 10 98 5 10 98 0 10 3 3 73 8 3 73 3 4 73 8 4 73 3 6 73 8 6 73 3 8 73 8 8 73 3 10 73 8 10 73 0 10 1 2 79 4 2 79 1 3 79 4 3 79 1 6 79 4 6 79 1 8 79 4 8 79 1 10 79 4 10 79 0 10 7 2 10 8 2 10 7 3 10 8 3 10 7 4 10 8 4 10 7 5 10 8 5 10 7 7 10 8 7 10 0 5 3 1 32 3 4 32 3 7 32 3 9 32 3 10 32 0 5 8 1 55 8 3 55 8 5 55 8 7 55 8 9 55 0 15 2 3 53 4 3 53 8 3 53 2 6 53 4 6 53 8 6 53 2 7 53 4 7 53 8 7 53 2 8 53 4 8 53 8 8 53 2 10 53 4 10 53 8 10 53 0 20 1 2 19 5 2 19 6 2 19 7 2 19 1 4 19 5 4 19 6 4 19 7 4 19 1 6 19 5 6 19 6 6 19 7 6 19 1 7 19 5 7 19 6 7 19 7 7 19 1 10 19 5 10 19 6 10 19 7 10 19 0 15 1 1 55 6 1 55 7 1 55 1 4 55 6 4 55 7 4 55 1 5 55 6 5 55 7 5 55 1 6 55 6 6 55 7 6 55 1 10 55 6 10 55 7 10 55 0 5 8 1 88 8 2 88 8 5 88 8 6 88 8 9 88 
25 1 5 1 46 5 46 6 46 9 46 10 46 0 20 1 1 73 3 1 73 6 1 73 7 1 73 1 3 73 3 3 73 6 3 73 7 3 73 1 5 73 3 5 73 6 5 73 7 5 73 1 8 73 3 8 73 6 8 73 7 8 73 1 10 73 3 10 73 6 10 73 7 10 73 0 15 3 4 30 6 4 30 8 4 30 3 6 30 6 6 30 8 6 30 3 7 30 6 7 30 8 7 30 3 9 30 6 9 30 8 9 30 3 10 30 6 10 30 8 10 30 0 10 2 1 48 5 1 48 2 2 48 5 2 48 2 3 48 5 3 48 2 8 48 5 8 48 2 9 48 5 9 48 1 5 2 50 3 50 6 50 9 50 10 50 0 20 4 3 37 5 3 37 6 3 37 7 3 37 4 7 37 5 7 37 6 7 37 7 7 37 4 8 37 5 8 37 6 8 37 7 8 37 4 9 37 5 9 37 6 9 37 7 9 37 4 10 37 5 10 37 6 10 37 7 10 37 0 15 2 1 75 4 1 75 7 1 75 2 4 75 4 4 75 7 4 75 2 5 75 4 5 75 7 5 75 2 6 75 4 6 75 7 6 75 2 10 75 4 10 75 7 10 75 0 5 3 1 36 3 2 36 3 4 36 3 6 36 3 7 36 0 5 3 3 71 3 5 71 3 7 71 3 9 71 3 10 71 0 5 4 3 66 4 5 66 4 7 66 4 8 66 4 9 66 1 5 2 39 4 39 5 39 7 39 9 39 0 5 7 1 17 7 3 17 7 6 17 7 9 17 7 10 17 1 5 1 30 2 30 4 30 5 30 10 30 0 5 5 1 42 5 2 42 5 5 42 5 6 42 5 8 42 0 5 1 1 94 1 3 94 1 6 94 1 9 94 1 10 94 0 10 2 1 59 5 1 59 2 4 59 5 4 59 2 6 59 5 6 59 2 8 59 5 8 59 2 10 59 5 10 59 1 5 2 36 3 36 4 36 5 36 6 36 0 25 1 1 68 2 1 68 3 1 68 5 1 68 8 1 68 1 3 68 2 3 68 3 3 68 5 3 68 8 3 68 1 4 68 2 4 68 3 4 68 5 4 68 8 4 68 1 9 68 2 9 68 3 9 68 5 9 68 8 9 68 1 10 68 2 10 68 3 10 68 5 10 68 8 10 68 0 20 3 3 21 6 3 21 7 3 21 8 3 21 3 4 21 6 4 21 7 4 21 8 4 21 3 5 21 6 5 21 7 5 21 8 5 21 3 9 21 6 9 21 7 9 21 8 9 21 3 10 21 6 10 21 7 10 21 8 10 21 0 5 2 2 25 2 4 25 2 5 25 2 6 25 2 9 25 0 5 4 1 65 4 3 65 4 4 65 4 6 65 4 8 65 1 5 1 58 2 58 5 58 9 58 10 58 0 15 1 3 65 4 3 65 6 3 65 1 6 65 4 6 65 6 6 65 1 7 65 4 7 65 6 7 65 1 9 65 4 9 65 6 9 65 1 10 65 4 10 65 6 10 65 0 5 8 1 36 8 3 36 8 6 36 8 8 36 8 9 36 0 10 7 2 45 8 2 45 7 5 45 8 5 45 7 6 45 8 6 45 7 7 45 8 7 45 7 9 45 8 9 45 
23 0 10 1 1 82 7 1 82 1 2 82 7 2 82 1 4 82 7 4 82 1 6 82 7 6 82 1 10 82 7 10 82 1 5 2 42 3 42 4 42 5 42 9 42 0 5 8 3 82 8 4 82 8 5 82 8 6 82 8 8 82 0 5 3 2 51 3 3 51 3 4 51 3 7 51 3 8 51 0 15 3 1 75 5 1 75 7 1 75 3 2 75 5 2 75 7 2 75 3 5 75 5 5 75 7 5 75 3 7 75 5 7 75 7 7 75 3 8 75 5 8 75 7 8 75 0 10 1 1 35 8 1 35 1 3 35 8 3 35 1 5 35 8 5 35 1 6 35 8 6 35 1 7 35 8 7 35 0 30 1 1 78 2 1 78 3 1 78 4 1 78 5 1 78 7 1 78 1 4 78 2 4 78 3 4 78 4 4 78 5 4 78 7 4 78 1 5 78 2 5 78 3 5 78 4 5 78 5 5 78 7 5 78 1 6 78 2 6 78 3 6 78 4 6 78 5 6 78 7 6 78 1 9 78 2 9 78 3 9 78 4 9 78 5 9 78 7 9 78 0 10 6 1 43 7 1 43 6 4 43 7 4 43 6 5 43 7 5 43 6 6 43 7 6 43 6 8 43 7 8 43 1 5 2 77 3 77 5 77 6 77 9 77 0 10 4 2 42 8 2 42 4 3 42 8 3 42 4 5 42 8 5 42 4 9 42 8 9 42 4 10 42 8 10 42 0 5 7 1 18 7 4 18 7 6 18 7 9 18 7 10 18 0 20 1 2 63 2 2 63 3 2 63 6 2 63 1 3 63 2 3 63 3 3 63 6 3 63 1 4 63 2 4 63 3 4 63 6 4 63 1 7 63 2 7 63 3 7 63 6 7 63 1 10 63 2 10 63 3 10 63 6 10 63 0 10 3 1 99 8 1 99 3 2 99 8 2 99 3 4 99 8 4 99 3 5 99 8 5 99 3 7 99 8 7 99 0 5 5 1 16 5 3 16 5 7 16 5 8 16 5 9 16 0 5 8 1 34 8 5 34 8 6 34 8 7 34 8 9 34 0 20 1 1 99 2 1 99 4 1 99 8 1 99 1 2 99 2 2 99 4 2 99 8 2 99 1 4 99 2 4 99 4 4 99 8 4 99 1 5 99 2 5 99 4 5 99 8 5 99 1 8 99 2 8 99 4 8 99 8 8 99 0 15 3 1 87 4 1 87 5 1 87 3 5 87 4 5 87 5 5 87 3 6 87 4 6 87 5 6 87 3 7 87 4 7 87 5 7 87 3 8 87 4 8 87 5 8 87 0 5 6 1 46 6 3 46 6 6 46 6 7 46 6 10 46 0 10 6 2 81 8 2 81 6 3 81 8 3 81 6 6 81 8 6 81 6 7 81 8 7 81 6 10 81 8 10 81 0 5 7 1 41 7 2 41 7 6 41 7 7 41 7 10 41 0 15 3 1 58 6 1 58 8 1 58 3 3 58 6 3 58 8 3 58 3 4 58 6 4 58 8 4 58 3 7 58 6 7 58 8 7 58 3 10 58 6 10 58 8 10 58 0 25 1 2 57 3 2 57 4 2 57 5 2 57 8 2 57 1 6 57 3 6 57 4 6 57 5 6 57 8 6 57 1 8 57 3 8 57 4 8 57 5 8 57 8 8 57 1 9 57 3 9 57 4 9 57 5 9 57 8 9 57 1 10 57 3 10 57 4 10 57 5 10 57 8 10 57 0 10 6 3 30 8 3 30 6 4 30 8 4 30 6 6 30 8 6 30 6 8 30 8 8 30 6 9 30 8 9 30 
19 0 5 3 2 60 3 4 60 3 5 60 3 9 60 3 10 60 1 5 1 52 2 52 5 52 9 52 10 52 0 5 6 4 92 6 6 92 6 7 92 6 9 92 6 10 92 0 20 2 1 32 4 1 32 5 1 32 6 1 32 2 5 32 4 5 32 5 5 32 6 5 32 2 7 32 4 7 32 5 7 32 6 7 32 2 8 32 4 8 32 5 8 32 6 8 32 2 9 32 4 9 32 5 9 32 6 9 32 0 15 5 1 80 7 1 80 8 1 80 5 2 80 7 2 80 8 2 80 5 5 80 7 5 80 8 5 80 5 8 80 7 8 80 8 8 80 5 10 80 7 10 80 8 10 80 0 10 3 2 42 8 2 42 3 3 42 8 3 42 3 6 42 8 6 42 3 9 42 8 9 42 3 10 42 8 10 42 0 15 2 1 33 3 1 33 5 1 33 2 3 33 3 3 33 5 3 33 2 4 33 3 4 33 5 4 33 2 5 33 3 5 33 5 5 33 2 8 33 3 8 33 5 8 33 0 15 1 1 40 4 1 40 7 1 40 1 4 40 4 4 40 7 4 40 1 5 40 4 5 40 7 5 40 1 6 40 4 6 40 7 6 40 1 7 40 4 7 40 7 7 40 0 15 3 3 80 4 3 80 7 3 80 3 5 80 4 5 80 7 5 80 3 6 80 4 6 80 7 6 80 3 7 80 4 7 80 7 7 80 3 10 80 4 10 80 7 10 80 0 5 4 2 72 4 4 72 4 5 72 4 7 72 4 8 72 0 5 7 1 64 7 2 64 7 3 64 7 4 64 7 9 64 0 20 1 1 77 2 1 77 7 1 77 8 1 77 1 5 77 2 5 77 7 5 77 8 5 77 1 8 77 2 8 77 7 8 77 8 8 77 1 9 77 2 9 77 7 9 77 8 9 77 1 10 77 2 10 77 7 10 77 8 10 77 0 20 1 1 23 3 1 23 5 1 23 7 1 23 1 2 23 3 2 23 5 2 23 7 2 23 1 5 23 3 5 23 5 5 23 7 5 23 1 8 23 3 8 23 5 8 23 7 8 23 1 10 23 3 10 23 5 10 23 7 10 23 0 10 6 1 50 7 1 50 6 2 50 7 2 50 6 3 50 7 3 50 6 4 50 7 4 50 6 8 50 7 8 50 0 15 1 5 13 2 5 13 3 5 13 1 6 13 2 6 13 3 6 13 1 7 13 2 7 13 3 7 13 1 9 13 2 9 13 3 9 13 1 10 13 2 10 13 3 10 13 0 10 6 4 38 7 4 38 6 6 38 7 6 38 6 7 38 7 7 38 6 9 38 7 9 38 6 10 38 7 10 38 1 5 4 21 5 21 8 21 9 21 10 21 1 5 2 77 3 77 7 77 9 77 10 77 0 5 6 3 95 6 4 95 6 5 95 6 9 95 6 10 95 
19 0 10 2 4 60 5 4 60 2 6 60 5 6 60 2 7 60 5 7 60 2 8 60 5 8 60 2 10 60 5 10 60 0 10 4 1 94 6 1 94 4 3 94 6 3 94 4 4 94 6 4 94 4 6 94 6 6 94 4 9 94 6 9 94 0 10 3 5 53 6 5 53 3 6 53 6 6 53 3 8 53 6 8 53 3 9 53 6 9 53 3 10 53 6 10 53 0 10 1 3 82 4 3 82 1 5 82 4 5 82 1 6 82 4 6 82 1 8 82 4 8 82 1 10 82 4 10 82 1 5 1 60 4 60 5 60 7 60 9 60 0 10 3 1 60 4 1 60 3 3 60 4 3 60 3 4 60 4 4 60 3 5 60 4 5 60 3 8 60 4 8 60 0 15 5 2 93 7 2 93 8 2 93 5 4 93 7 4 93 8 4 93 5 5 93 7 5 93 8 5 93 5 6 93 7 6 93 8 6 93 5 7 93 7 7 93 8 7 93 0 10 2 2 49 7 2 49 2 5 49 7 5 49 2 7 49 7 7 49 2 8 49 7 8 49 2 9 49 7 9 49 0 5 3 2 82 3 4 82 3 5 82 3 6 82 3 8 82 1 5 2 68 3 68 6 68 7 68 10 68 0 15 1 2 42 4 2 42 8 2 42 1 3 42 4 3 42 8 3 42 1 6 42 4 6 42 8 6 42 1 9 42 4 9 42 8 9 42 1 10 42 4 10 42 8 10 42 0 5 1 3 96 1 5 96 1 7 96 1 9 96 1 10 96 0 10 1 1 90 8 1 90 1 3 90 8 3 90 1 8 90 8 8 90 1 9 90 8 9 90 1 10 90 8 10 90 0 5 6 1 36 6 3 36 6 5 36 6 6 36 6 9 36 0 5 4 1 70 4 3 70 4 4 70 4 5 70 4 9 70 0 5 7 1 12 7 3 12 7 5 12 7 6 12 7 7 12 0 20 1 1 56 2 1 56 3 1 56 7 1 56 1 2 56 2 2 56 3 2 56 7 2 56 1 3 56 2 3 56 3 3 56 7 3 56 1 4 56 2 4 56 3 4 56 7 4 56 1 9 56 2 9 56 3 9 56 7 9 56 0 15 4 1 14 5 1 14 7 1 14 4 3 14 5 3 14 7 3 14 4 4 14 5 4 14 7 4 14 4 7 14 5 7 14 7 7 14 4 9 14 5 9 14 7 9 14 0 15 1 6 60 2 6 60 6 6 60 1 7 60 2 7 60 6 7 60 1 8 60 2 8 60 6 8 60 1 9 60 2 9 60 6 9 60 1 10 60 2 10 60 6 10 60 
21 0 5 8 3 18 8 5 18 8 7 18 8 8 18 8 9 18 0 10 5 1 88 8 1 88 5 3 88 8 3 88 5 5 88 8 5 88 5 6 88 8 6 88 5 8 88 8 8 88 0 10 2 1 19 7 1 19 2 2 19 7 2 19 2 7 19 7 7 19 2 9 19 7 9 19 2 10 19 7 10 19 0 5 2 4 87 2 5 87 2 7 87 2 8 87 2 10 87 0 10 2 1 50 8 1 50 2 4 50 8 4 50 2 7 50 8 7 50 2 9 50 8 9 50 2 10 50 8 10 50 0 10 4 2 50 8 2 50 4 3 50 8 3 50 4 4 50 8 4 50 4 5 50 8 5 50 4 10 50 8 10 50 0 10 1 2 63 5 2 63 1 3 63 5 3 63 1 5 63 5 5 63 1 6 63 5 6 63 1 7 63 5 7 63 0 15 1 3 16 6 3 16 8 3 16 1 4 16 6 4 16 8 4 16 1 5 16 6 5 16 8 5 16 1 7 16 6 7 16 8 7 16 1 10 16 6 10 16 8 10 16 0 20 3 3 65 4 3 65 7 3 65 8 3 65 3 4 65 4 4 65 7 4 65 8 4 65 3 5 65 4 5 65 7 5 65 8 5 65 3 8 65 4 8 65 7 8 65 8 8 65 3 10 65 4 10 65 7 10 65 8 10 65 0 5 7 1 71 7 3 71 7 7 71 7 8 71 7 9 71 0 15 2 2 44 7 2 44 8 2 44 2 3 44 7 3 44 8 3 44 2 5 44 7 5 44 8 5 44 2 6 44 7 6 44 8 6 44 2 9 44 7 9 44 8 9 44 0 10 3 1 46 5 1 46 3 2 46 5 2 46 3 5 46 5 5 46 3 9 46 5 9 46 3 10 46 5 10 46 0 5 4 1 35 4 3 35 4 5 35 4 6 35 4 8 35 0 10 1 1 11 8 1 11 1 2 11 8 2 11 1 4 11 8 4 11 1 5 11 8 5 11 1 9 11 8 9 11 1 5 2 83 6 83 7 83 8 83 10 83 0 15 6 1 12 7 1 12 8 1 12 6 4 12 7 4 12 8 4 12 6 8 12 7 8 12 8 8 12 6 9 12 7 9 12 8 9 12 6 10 12 7 10 12 8 10 12 0 5 4 1 98 4 4 98 4 5 98 4 7 98 4 8 98 0 5 4 2 25 4 3 25 4 8 25 4 9 25 4 10 25 0 20 1 1 84 4 1 84 7 1 84 8 1 84 1 5 84 4 5 84 7 5 84 8 5 84 1 6 84 4 6 84 7 6 84 8 6 84 1 9 84 4 9 84 7 9 84 8 9 84 1 10 84 4 10 84 7 10 84 8 10 84 0 10 2 3 36 6 3 36 2 4 36 6 4 36 2 6 36 6 6 36 2 7 36 6 7 36 2 8 36 6 8 36 0 20 3 1 41 4 1 41 6 1 41 7 1 41 3 2 41 4 2 41 6 2 41 7 2 41 3 8 41 4 8 41 6 8 41 7 8 41 3 9 41 4 9 41 6 9 41 7 9 41 3 10 41 4 10 41 6 10 41 7 10 41 
16 0 20 5 3 44 6 3 44 7 3 44 8 3 44 5 5 44 6 5 44 7 5 44 8 5 44 5 7 44 6 7 44 7 7 44 8 7 44 5 9 44 6 9 44 7 9 44 8 9 44 5 10 44 6 10 44 7 10 44 8 10 44 0 20 1 2 51 4 2 51 6 2 51 7 2 51 1 4 51 4 4 51 6 4 51 7 4 51 1 5 51 4 5 51 6 5 51 7 5 51 1 7 51 4 7 51 6 7 51 7 7 51 1 9 51 4 9 51 6 9 51 7 9 51 0 10 1 1 58 3 1 58 1 3 58 3 3 58 1 7 58 3 7 58 1 8 58 3 8 58 1 9 58 3 9 58 0 15 2 3 56 6 3 56 7 3 56 2 4 56 6 4 56 7 4 56 2 7 56 6 7 56 7 7 56 2 8 56 6 8 56 7 8 56 2 9 56 6 9 56 7 9 56 0 20 2 2 27 5 2 27 6 2 27 8 2 27 2 4 27 5 4 27 6 4 27 8 4 27 2 6 27 5 6 27 6 6 27 8 6 27 2 8 27 5 8 27 6 8 27 8 8 27 2 10 27 5 10 27 6 10 27 8 10 27 0 15 1 2 97 2 2 97 7 2 97 1 3 97 2 3 97 7 3 97 1 5 97 2 5 97 7 5 97 1 9 97 2 9 97 7 9 97 1 10 97 2 10 97 7 10 97 0 20 1 2 93 2 2 93 3 2 93 7 2 93 1 4 93 2 4 93 3 4 93 7 4 93 1 6 93 2 6 93 3 6 93 7 6 93 1 8 93 2 8 93 3 8 93 7 8 93 1 9 93 2 9 93 3 9 93 7 9 93 0 10 6 2 41 7 2 41 6 3 41 7 3 41 6 5 41 7 5 41 6 6 41 7 6 41 6 10 41 7 10 41 1 5 2 59 4 59 6 59 9 59 10 59 0 5 6 1 83 6 2 83 6 5 83 6 8 83 6 9 83 0 5 7 2 99 7 3 99 7 4 99 7 7 99 7 10 99 0 20 2 1 90 3 1 90 5 1 90 6 1 90 2 5 90 3 5 90 5 5 90 6 5 90 2 6 90 3 6 90 5 6 90 6 6 90 2 8 90 3 8 90 5 8 90 6 8 90 2 9 90 3 9 90 5 9 90 6 9 90 0 15 5 2 90 7 2 90 8 2 90 5 3 90 7 3 90 8 3 90 5 4 90 7 4 90 8 4 90 5 6 90 7 6 90 8 6 90 5 10 90 7 10 90 8 10 90 0 15 1 1 58 7 1 58 8 1 58 1 3 58 7 3 58 8 3 58 1 4 58 7 4 58 8 4 58 1 7 58 7 7 58 8 7 58 1 9 58 7 9 58 8 9 58 0 5 8 2 15 8 3 15 8 6 15 8 7 15 8 10 15 1 5 2 95 6 95 7 95 9 95 10 95 
16 0 5 4 3 65 4 4 65 4 7 65 4 9 65 4 10 65 0 10 1 1 73 7 1 73 1 6 73 7 6 73 1 7 73 7 7 73 1 8 73 7 8 73 1 10 73 7 10 73 0 25 2 5 96 3 5 96 4 5 96 5 5 96 7 5 96 2 7 96 3 7 96 4 7 96 5 7 96 7 7 96 2 8 96 3 8 96 4 8 96 5 8 96 7 8 96 2 9 96 3 9 96 4 9 96 5 9 96 7 9 96 2 10 96 3 10 96 4 10 96 5 10 96 7 10 96 0 25 1 1 42 2 1 42 4 1 42 6 1 42 8 1 42 1 3 42 2 3 42 4 3 42 6 3 42 8 3 42 1 4 42 2 4 42 4 4 42 6 4 42 8 4 42 1 5 42 2 5 42 4 5 42 6 5 42 8 5 42 1 10 42 2 10 42 4 10 42 6 10 42 8 10 42 0 15 2 1 53 5 1 53 7 1 53 2 3 53 5 3 53 7 3 53 2 5 53 5 5 53 7 5 53 2 7 53 5 7 53 7 7 53 2 10 53 5 10 53 7 10 53 0 5 8 1 61 8 3 61 8 5 61 8 8 61 8 9 61 1 5 3 24 5 24 6 24 8 24 10 24 0 20 1 1 90 3 1 90 5 1 90 7 1 90 1 2 90 3 2 90 5 2 90 7 2 90 1 7 90 3 7 90 5 7 90 7 7 90 1 8 90 3 8 90 5 8 90 7 8 90 1 10 90 3 10 90 5 10 90 7 10 90 0 15 3 1 11 4 1 11 6 1 11 3 4 11 4 4 11 6 4 11 3 7 11 4 7 11 6 7 11 3 8 11 4 8 11 6 8 11 3 10 11 4 10 11 6 10 11 0 20 2 1 12 5 1 12 7 1 12 8 1 12 2 2 12 5 2 12 7 2 12 8 2 12 2 6 12 5 6 12 7 6 12 8 6 12 2 8 12 5 8 12 7 8 12 8 8 12 2 10 12 5 10 12 7 10 12 8 10 12 0 15 2 1 68 4 1 68 6 1 68 2 3 68 4 3 68 6 3 68 2 4 68 4 4 68 6 4 68 2 6 68 4 6 68 6 6 68 2 10 68 4 10 68 6 10 68 1 5 1 61 2 61 4 61 7 61 9 61 0 10 1 2 40 7 2 40 1 4 40 7 4 40 1 8 40 7 8 40 1 9 40 7 9 40 1 10 40 7 10 40 0 15 2 3 70 3 3 70 7 3 70 2 4 70 3 4 70 7 4 70 2 5 70 3 5 70 7 5 70 2 8 70 3 8 70 7 8 70 2 9 70 3 9 70 7 9 70 0 20 3 2 76 4 2 76 7 2 76 8 2 76 3 3 76 4 3 76 7 3 76 8 3 76 3 5 76 4 5 76 7 5 76 8 5 76 3 8 76 4 8 76 7 8 76 8 8 76 3 9 76 4 9 76 7 9 76 8 9 76 0 5 5 1 48 5 5 48 5 6 48 5 7 48 5 10 48 
25 0 5 7 1 19 7 2 19 7 3 19 7 4 19 7 9 19 0 10 3 1 49 4 1 49 3 4 49 4 4 49 3 5 49 4 5 49 3 9 49 4 9 49 3 10 49 4 10 49 0 20 1 1 76 3 1 76 4 1 76 5 1 76 1 3 76 3 3 76 4 3 76 5 3 76 1 5 76 3 5 76 4 5 76 5 5 76 1 7 76 3 7 76 4 7 76 5 7 76 1 10 76 3 10 76 4 10 76 5 10 76 0 20 1 2 24 2 2 24 5 2 24 7 2 24 1 3 24 2 3 24 5 3 24 7 3 24 1 4 24 2 4 24 5 4 24 7 4 24 1 6 24 2 6 24 5 6 24 7 6 24 1 9 24 2 9 24 5 9 24 7 9 24 0 5 5 1 35 5 4 35 5 6 35 5 7 35 5 8 35 0 10 1 1 10 3 1 10 1 2 10 3 2 10 1 4 10 3 4 10 1 8 10 3 8 10 1 10 10 3 10 10 0 25 1 1 46 2 1 46 5 1 46 6 1 46 7 1 46 1 2 46 2 2 46 5 2 46 6 2 46 7 2 46 1 6 46 2 6 46 5 6 46 6 6 46 7 6 46 1 7 46 2 7 46 5 7 46 6 7 46 7 7 46 1 10 46 2 10 46 5 10 46 6 10 46 7 10 46 0 15 3 1 18 4 1 18 6 1 18 3 4 18 4 4 18 6 4 18 3 5 18 4 5 18 6 5 18 3 8 18 4 8 18 6 8 18 3 10 18 4 10 18 6 10 18 0 20 4 1 72 5 1 72 6 1 72 7 1 72 4 2 72 5 2 72 6 2 72 7 2 72 4 3 72 5 3 72 6 3 72 7 3 72 4 4 72 5 4 72 6 4 72 7 4 72 4 10 72 5 10 72 6 10 72 7 10 72 1 5 1 32 2 32 5 32 6 32 9 32 0 20 3 1 92 5 1 92 6 1 92 7 1 92 3 4 92 5 4 92 6 4 92 7 4 92 3 7 92 5 7 92 6 7 92 7 7 92 3 8 92 5 8 92 6 8 92 7 8 92 3 9 92 5 9 92 6 9 92 7 9 92 0 10 2 1 14 5 1 14 2 3 14 5 3 14 2 4 14 5 4 14 2 5 14 5 5 14 2 7 14 5 7 14 0 10 5 1 53 8 1 53 5 3 53 8 3 53 5 5 53 8 5 53 5 6 53 8 6 53 5 8 53 8 8 53 0 5 1 1 49 1 3 49 1 7 49 1 8 49 1 9 49 1 5 1 83 2 83 6 83 7 83 8 83 0 5 1 1 81 1 4 81 1 7 81 1 8 81 1 10 81 0 5 2 2 76 2 5 76 2 6 76 2 7 76 2 9 76 0 15 1 4 88 2 4 88 6 4 88 1 7 88 2 7 88 6 7 88 1 8 88 2 8 88 6 8 88 1 9 88 2 9 88 6 9 88 1 10 88 2 10 88 6 10 88 0 20 1 3 34 3 3 34 5 3 34 6 3 34 1 4 34 3 4 34 5 4 34 6 4 34 1 5 34 3 5 34 5 5 34 6 5 34 1 6 34 3 6 34 5 6 34 6 6 34 1 7 34 3 7 34 5 7 34 6 7 34 0 5 1 2 54 1 3 54 1 6 54 1 9 54 1 10 54 0 5 6 1 22 6 2 22 6 4 22 6 9 22 6 10 22 0 10 1 1 47 4 1 47 1 2 47 4 2 47 1 4 47 4 4 47 1 7 47 4 7 47 1 9 47 4 9 47 0 10 1 1 31 3 1 31 1 3 31 3 3 31 1 4 31 3 4 31 1 6 31 3 6 31 1 10 31 3 10 31 0 15 1 1 43 4 1 43 5 1 43 1 3 43 4 3 43 5 3 43 1 5 43 4 5 43 5 5 43 1 7 43 4 7 43 5 7 43 1 8 43 4 8 43 5 8 43 0 15 1 2 29 4 2 29 6 2 29 1 3 29 4 3 29 6 3 29 1 6 29 4 6 29 6 6 29 1 8 29 4 8 29 6 8 29 1 10 29 4 10 29 6 10 29 
