10 5 7
15 0 12 1 1 40 2 1 39 3 1 44 1 4 40 2 4 39 3 4 44 1 6 40 2 6 39 3 6 44 1 7 40 2 7 39 3 7 44 0 4 3 1 65 3 2 65 3 5 65 3 6 65 0 4 3 1 25 3 3 25 3 5 25 3 6 25 1 4 2 18 3 18 6 18 7 18 0 12 1 1 86 3 1 91 5 1 88 1 5 86 3 5 91 5 5 88 1 6 86 3 6 91 5 6 88 1 7 86 3 7 91 5 7 88 0 12 2 2 31 4 2 26 5 2 28 2 3 31 4 3 26 5 3 28 2 5 31 4 5 26 5 5 28 2 6 31 4 6 26 5 6 28 0 8 2 1 65 5 1 62 2 2 65 5 2 62 2 6 65 5 6 62 2 7 65 5 7 62 0 16 1 1 32 2 1 31 3 1 32 5 1 36 1 2 32 2 2 31 3 2 32 5 2 36 1 5 32 2 5 31 3 5 32 5 5 36 1 6 32 2 6 31 3 6 32 5 6 36 0 12 2 2 85 4 2 80 5 2 80 2 4 85 4 4 80 5 4 80 2 6 85 4 6 80 5 6 80 2 7 85 4 7 80 5 7 80 0 12 1 1 26 2 1 26 5 1 22 1 3 26 2 3 26 5 3 22 1 6 26 2 6 26 5 6 22 1 7 26 2 7 26 5 7 22 0 4 3 3 65 3 4 65 3 6 65 3 7 65 0 4 5 2 32 5 4 32 5 5 32 5 6 32 0 4 5 1 16 5 2 16 5 4 16 5 6 16 0 12 1 1 63 3 1 63 5 1 57 1 4 63 3 4 63 5 4 57 1 5 63 3 5 63 5 5 57 1 7 63 3 7 63 5 7 57 0 8 1 1 90 4 1 90 1 2 90 4 2 90 1 3 90 4 3 90 1 5 90 4 5 90 
20 0 12 2 2 39 3 2 41 4 2 42 2 4 39 3 4 41 4 4 42 2 5 39 3 5 41 4 5 42 2 7 39 3 7 41 4 7 42 0 20 1 1 87 2 1 86 3 1 86 4 1 84 5 1 86 1 4 87 2 4 86 3 4 86 4 4 84 5 4 86 1 6 87 2 6 86 3 6 86 4 6 84 5 6 86 1 7 87 2 7 86 3 7 86 4 7 84 5 7 86 0 12 2 1 63 4 1 58 5 1 63 2 2 63 4 2 58 5 2 63 2 6 63 4 6 58 5 6 63 2 7 63 4 7 58 5 7 63 0 4 1 2 46 1 3 46 1 4 46 1 6 46 0 20 1 1 84 2 1 87 3 1 90 4 1 89 5 1 91 1 2 84 2 2 87 3 2 90 4 2 89 5 2 91 1 5 84 2 5 87 3 5 90 4 5 89 5 5 91 1 7 84 2 7 87 3 7 90 4 7 89 5 7 91 0 12 1 1 75 2 1 71 4 1 70 1 3 75 2 3 71 4 3 70 1 4 75 2 4 71 4 4 70 1 6 75 2 6 71 4 6 70 0 4 1 1 33 1 2 33 1 6 33 1 7 33 0 16 1 4 89 2 4 96 3 4 94 5 4 97 1 5 89 2 5 96 3 5 94 5 5 97 1 6 89 2 6 96 3 6 94 5 6 97 1 7 89 2 7 96 3 7 94 5 7 97 0 12 1 1 16 2 1 11 5 1 17 1 2 16 2 2 11 5 2 17 1 3 16 2 3 11 5 3 17 1 7 16 2 7 11 5 7 17 0 4 1 4 25 1 5 25 1 6 25 1 7 25 0 12 2 1 87 3 1 86 5 1 86 2 2 87 3 2 86 5 2 86 2 3 87 3 3 86 5 3 86 2 6 87 3 6 86 5 6 86 0 4 3 1 20 3 3 20 3 4 20 3 7 20 0 12 1 1 78 3 1 75 4 1 71 1 4 78 3 4 75 4 4 71 1 6 78 3 6 75 4 6 71 1 7 78 3 7 75 4 7 71 0 8 2 2 34 3 2 43 2 3 34 3 3 43 2 4 34 3 4 43 2 7 34 3 7 43 0 16 1 1 68 2 1 62 3 1 71 5 1 70 1 3 68 2 3 62 3 3 71 5 3 70 1 5 68 2 5 62 3 5 71 5 5 70 1 6 68 2 6 62 3 6 71 5 6 70 0 8 2 1 53 5 1 50 2 3 53 5 3 50 2 4 53 5 4 50 2 7 53 5 7 50 0 8 4 2 59 5 2 55 4 3 59 5 3 55 4 5 59 5 5 55 4 7 59 5 7 55 0 4 1 2 39 1 4 39 1 6 39 1 7 39 0 16 1 1 50 2 1 48 3 1 45 5 1 50 1 2 50 2 2 48 3 2 45 5 2 50 1 3 50 2 3 48 3 3 45 5 3 50 1 6 50 2 6 48 3 6 45 5 6 50 0 16 2 2 66 3 2 71 4 2 66 5 2 69 2 3 66 3 3 71 4 3 66 5 3 69 2 4 66 3 4 71 4 4 66 5 4 69 2 7 66 3 7 71 4 7 66 5 7 69 
23 0 8 2 1 72 4 1 71 2 5 72 4 5 71 2 6 72 4 6 71 2 7 72 4 7 71 0 20 1 4 81 2 4 73 3 4 80 4 4 78 5 4 77 1 5 81 2 5 73 3 5 80 4 5 78 5 5 77 1 6 81 2 6 73 3 6 80 4 6 78 5 6 77 1 7 81 2 7 73 3 7 80 4 7 78 5 7 77 0 12 1 1 80 3 1 82 4 1 80 1 2 80 3 2 82 4 2 80 1 3 80 3 3 82 4 3 80 1 4 80 3 4 82 4 4 80 0 8 2 2 41 3 2 41 2 4 41 3 4 41 2 5 41 3 5 41 2 7 41 3 7 41 0 4 2 1 89 2 3 89 2 4 89 2 5 89 0 8 3 1 70 5 1 68 3 2 70 5 2 68 3 4 70 5 4 68 3 6 70 5 6 68 0 16 1 1 27 2 1 25 3 1 27 4 1 30 1 3 27 2 3 25 3 3 27 4 3 30 1 4 27 2 4 25 3 4 27 4 4 30 1 6 27 2 6 25 3 6 27 4 6 30 0 8 1 2 85 5 2 85 1 3 85 5 3 85 1 6 85 5 6 85 1 7 85 5 7 85 1 4 1 71 2 71 3 71 7 71 0 16 1 2 47 2 2 47 3 2 48 4 2 46 1 4 47 2 4 47 3 4 48 4 4 46 1 5 47 2 5 47 3 5 48 4 5 46 1 7 47 2 7 47 3 7 48 4 7 46 0 16 2 3 65 3 3 60 4 3 62 5 3 58 2 4 65 3 4 60 4 4 62 5 4 58 2 5 65 3 5 60 4 5 62 5 5 58 2 6 65 3 6 60 4 6 62 5 6 58 0 8 1 3 49 3 3 54 1 4 49 3 4 54 1 5 49 3 5 54 1 7 49 3 7 54 1 4 2 41 4 41 6 41 7 41 1 4 1 86 5 86 6 86 7 86 0 12 1 1 36 2 1 34 5 1 36 1 2 36 2 2 34 5 2 36 1 4 36 2 4 34 5 4 36 1 5 36 2 5 34 5 5 36 0 8 2 3 58 5 3 58 2 4 58 5 4 58 2 5 58 5 5 58 2 7 58 5 7 58 0 12 3 3 70 4 3 67 5 3 67 3 4 70 4 4 67 5 4 67 3 5 70 4 5 67 5 5 67 3 6 70 4 6 67 5 6 67 0 16 1 2 61 2 2 61 4 2 61 5 2 61 1 3 61 2 3 61 4 3 61 5 3 61 1 4 61 2 4 61 4 4 61 5 4 61 1 5 61 2 5 61 4 5 61 5 5 61 0 16 1 2 56 3 2 52 4 2 57 5 2 60 1 4 56 3 4 52 4 4 57 5 4 60 1 6 56 3 6 52 4 6 57 5 6 60 1 7 56 3 7 52 4 7 57 5 7 60 1 4 1 31 4 31 6 31 7 31 0 16 1 3 24 2 3 22 4 3 21 5 3 21 1 4 24 2 4 22 4 4 21 5 4 21 1 5 24 2 5 22 4 5 21 5 5 21 1 7 24 2 7 22 4 7 21 5 7 21 1 4 1 37 3 37 5 37 7 37 0 4 4 2 67 4 3 67 4 4 67 4 7 67 
18 0 4 5 2 76 5 4 76 5 5 76 5 7 76 0 16 2 1 74 3 1 68 4 1 67 5 1 67 2 2 74 3 2 68 4 2 67 5 2 67 2 3 74 3 3 68 4 3 67 5 3 67 2 4 74 3 4 68 4 4 67 5 4 67 0 4 5 2 64 5 4 64 5 5 64 5 6 64 1 4 3 48 4 48 5 48 7 48 0 8 3 1 54 5 1 56 3 3 54 5 3 56 3 4 54 5 4 56 3 5 54 5 5 56 0 12 2 1 63 4 1 61 5 1 59 2 3 63 4 3 61 5 3 59 2 4 63 4 4 61 5 4 59 2 5 63 4 5 61 5 5 59 0 12 2 1 68 3 1 68 5 1 65 2 3 68 3 3 68 5 3 65 2 5 68 3 5 68 5 5 65 2 7 68 3 7 68 5 7 65 0 20 1 1 90 2 1 90 3 1 93 4 1 94 5 1 90 1 3 90 2 3 90 3 3 93 4 3 94 5 3 90 1 6 90 2 6 90 3 6 93 4 6 94 5 6 90 1 7 90 2 7 90 3 7 93 4 7 94 5 7 90 0 8 2 1 31 4 1 34 2 4 31 4 4 34 2 5 31 4 5 34 2 6 31 4 6 34 0 12 2 2 64 3 2 65 5 2 62 2 3 64 3 3 65 5 3 62 2 6 64 3 6 65 5 6 62 2 7 64 3 7 65 5 7 62 1 4 1 21 2 21 3 21 6 21 0 8 1 1 63 2 1 61 1 2 63 2 2 61 1 5 63 2 5 61 1 7 63 2 7 61 0 8 2 1 36 4 1 36 2 2 36 4 2 36 2 3 36 4 3 36 2 4 36 4 4 36 0 8 3 1 91 4 1 91 3 2 91 4 2 91 3 4 91 4 4 91 3 5 91 4 5 91 0 16 1 3 32 2 3 31 3 3 36 4 3 33 1 4 32 2 4 31 3 4 36 4 4 33 1 6 32 2 6 31 3 6 36 4 6 33 1 7 32 2 7 31 3 7 36 4 7 33 0 16 1 1 82 2 1 76 4 1 79 5 1 83 1 3 82 2 3 76 4 3 79 5 3 83 1 4 82 2 4 76 4 4 79 5 4 83 1 5 82 2 5 76 4 5 79 5 5 83 0 20 1 1 42 2 1 44 3 1 42 4 1 42 5 1 43 1 4 42 2 4 44 3 4 42 4 4 42 5 4 43 1 5 42 2 5 44 3 5 42 4 5 42 5 5 43 1 6 42 2 6 44 3 6 42 4 6 42 5 6 43 0 8 3 4 62 5 4 62 3 5 62 5 5 62 3 6 62 5 6 62 3 7 62 5 7 62 
21 0 4 4 2 91 4 5 91 4 6 91 4 7 91 0 16 1 2 66 3 2 66 4 2 66 5 2 65 1 4 66 3 4 66 4 4 66 5 4 65 1 6 66 3 6 66 4 6 66 5 6 65 1 7 66 3 7 66 4 7 66 5 7 65 0 12 1 2 87 4 2 89 5 2 91 1 3 87 4 3 89 5 3 91 1 4 87 4 4 89 5 4 91 1 5 87 4 5 89 5 5 91 1 4 1 49 3 49 4 49 7 49 1 4 2 39 3 39 5 39 6 39 0 12 1 1 54 2 1 54 5 1 50 1 2 54 2 2 54 5 2 50 1 5 54 2 5 54 5 5 50 1 7 54 2 7 54 5 7 50 0 16 1 2 92 3 2 86 4 2 91 5 2 91 1 4 92 3 4 86 4 4 91 5 4 91 1 5 92 3 5 86 4 5 91 5 5 91 1 7 92 3 7 86 4 7 91 5 7 91 0 8 1 1 46 4 1 41 1 3 46 4 3 41 1 4 46 4 4 41 1 7 46 4 7 41 0 8 1 2 80 5 2 76 1 5 80 5 5 76 1 6 80 5 6 76 1 7 80 5 7 76 0 4 4 1 40 4 3 40 4 4 40 4 5 40 0 8 1 3 93 2 3 90 1 5 93 2 5 90 1 6 93 2 6 90 1 7 93 2 7 90 0 12 3 1 58 4 1 62 5 1 63 3 2 58 4 2 62 5 2 63 3 5 58 4 5 62 5 5 63 3 7 58 4 7 62 5 7 63 0 4 1 1 97 1 3 97 1 4 97 1 6 97 0 8 4 1 46 5 1 43 4 4 46 5 4 43 4 5 46 5 5 43 4 7 46 5 7 43 0 12 1 1 31 3 1 29 4 1 31 1 4 31 3 4 29 4 4 31 1 6 31 3 6 29 4 6 31 1 7 31 3 7 29 4 7 31 0 16 1 1 61 2 1 58 4 1 58 5 1 60 1 2 61 2 2 58 4 2 58 5 2 60 1 5 61 2 5 58 4 5 58 5 5 60 1 6 61 2 6 58 4 6 58 5 6 60 0 4 2 1 92 2 3 92 2 4 92 2 6 92 0 4 1 2 67 1 4 67 1 5 67 1 6 67 1 4 1 56 3 56 4 56 7 56 0 8 1 2 95 5 2 93 1 4 95 5 4 93 1 5 95 5 5 93 1 7 95 5 7 93 0 8 1 1 43 4 1 43 1 2 43 4 2 43 1 3 43 4 3 43 1 7 43 4 7 43 
15 0 16 1 2 93 2 2 95 4 2 98 5 2 96 1 3 93 2 3 95 4 3 98 5 3 96 1 6 93 2 6 95 4 6 98 5 6 96 1 7 93 2 7 95 4 7 98 5 7 96 0 8 1 1 67 2 1 71 1 3 67 2 3 71 1 4 67 2 4 71 1 5 67 2 5 71 0 4 4 2 84 4 4 84 4 5 84 4 6 84 0 20 1 2 68 2 2 64 3 2 71 4 2 66 5 2 68 1 3 68 2 3 64 3 3 71 4 3 66 5 3 68 1 6 68 2 6 64 3 6 71 4 6 66 5 6 68 1 7 68 2 7 64 3 7 71 4 7 66 5 7 68 0 8 4 2 22 5 2 19 4 4 22 5 4 19 4 5 22 5 5 19 4 6 22 5 6 19 0 8 2 1 29 5 1 27 2 3 29 5 3 27 2 5 29 5 5 27 2 6 29 5 6 27 0 12 2 2 32 4 2 34 5 2 34 2 5 32 4 5 34 5 5 34 2 6 32 4 6 34 5 6 34 2 7 32 4 7 34 5 7 34 0 16 1 1 24 2 1 24 3 1 28 5 1 20 1 2 24 2 2 24 3 2 28 5 2 20 1 3 24 2 3 24 3 3 28 5 3 20 1 6 24 2 6 24 3 6 28 5 6 20 0 16 1 1 95 2 1 97 3 1 95 4 1 97 1 3 95 2 3 97 3 3 95 4 3 97 1 5 95 2 5 97 3 5 95 4 5 97 1 7 95 2 7 97 3 7 95 4 7 97 0 8 1 2 85 2 2 82 1 3 85 2 3 82 1 4 85 2 4 82 1 6 85 2 6 82 1 4 1 65 3 65 5 65 6 65 1 4 1 17 3 17 6 17 7 17 0 8 1 1 82 4 1 79 1 3 82 4 3 79 1 4 82 4 4 79 1 6 82 4 6 79 0 12 2 1 40 4 1 43 5 1 39 2 2 40 4 2 43 5 2 39 2 4 40 4 4 43 5 4 39 2 6 40 4 6 43 5 6 39 0 20 1 1 71 2 1 66 3 1 71 4 1 71 5 1 71 1 2 71 2 2 66 3 2 71 4 2 71 5 2 71 1 4 71 2 4 66 3 4 71 4 4 71 5 4 71 1 5 71 2 5 66 3 5 71 4 5 71 5 5 71 
17 0 8 1 1 41 4 1 42 1 3 41 4 3 42 1 4 41 4 4 42 1 6 41 4 6 42 0 12 2 1 95 4 1 98 5 1 95 2 3 95 4 3 98 5 3 95 2 4 95 4 4 98 5 4 95 2 6 95 4 6 98 5 6 95 0 8 1 2 26 4 2 24 1 3 26 4 3 24 1 5 26 4 5 24 1 7 26 4 7 24 0 8 1 4 36 4 4 35 1 5 36 4 5 35 1 6 36 4 6 35 1 7 36 4 7 35 1 4 2 87 3 87 5 87 6 87 0 16 1 1 72 3 1 72 4 1 77 5 1 72 1 3 72 3 3 72 4 3 77 5 3 72 1 5 72 3 5 72 4 5 77 5 5 72 1 7 72 3 7 72 4 7 77 5 7 72 0 16 1 2 88 2 2 89 4 2 82 5 2 86 1 5 88 2 5 89 4 5 82 5 5 86 1 6 88 2 6 89 4 6 82 5 6 86 1 7 88 2 7 89 4 7 82 5 7 86 0 4 1 1 46 1 3 46 1 5 46 1 6 46 0 4 1 3 36 1 4 36 1 5 36 1 7 36 0 4 4 1 50 4 2 50 4 3 50 4 4 50 0 12 2 1 63 3 1 61 4 1 56 2 2 63 3 2 61 4 2 56 2 3 63 3 3 61 4 3 56 2 7 63 3 7 61 4 7 56 0 8 1 1 54 5 1 56 1 3 54 5 3 56 1 4 54 5 4 56 1 6 54 5 6 56 0 4 5 3 89 5 4 89 5 5 89 5 7 89 0 8 2 3 75 3 3 71 2 4 75 3 4 71 2 5 75 3 5 71 2 7 75 3 7 71 0 12 1 1 77 3 1 72 5 1 76 1 2 77 3 2 72 5 2 76 1 3 77 3 3 72 5 3 76 1 4 77 3 4 72 5 4 76 1 4 3 20 5 20 6 20 7 20 0 16 1 2 34 2 2 34 3 2 35 5 2 31 1 3 34 2 3 34 3 3 35 5 3 31 1 4 34 2 4 34 3 4 35 5 4 31 1 6 34 2 6 34 3 6 35 5 6 31 
25 0 8 1 1 51 3 1 59 1 2 51 3 2 59 1 3 51 3 3 59 1 4 51 3 4 59 0 8 1 1 51 2 1 53 1 3 51 2 3 53 1 5 51 2 5 53 1 7 51 2 7 53 0 8 3 1 23 5 1 20 3 3 23 5 3 20 3 6 23 5 6 20 3 7 23 5 7 20 0 4 1 2 55 1 3 55 1 4 55 1 6 55 0 16 2 2 84 3 2 80 4 2 88 5 2 84 2 5 84 3 5 80 4 5 88 5 5 84 2 6 84 3 6 80 4 6 88 5 6 84 2 7 84 3 7 80 4 7 88 5 7 84 1 4 1 47 2 47 4 47 7 47 0 4 1 2 76 1 4 76 1 5 76 1 7 76 0 4 1 1 30 1 4 30 1 5 30 1 7 30 0 12 1 1 48 3 1 50 4 1 48 1 2 48 3 2 50 4 2 48 1 4 48 3 4 50 4 4 48 1 7 48 3 7 50 4 7 48 1 4 1 51 5 51 6 51 7 51 0 12 2 2 42 3 2 42 5 2 36 2 4 42 3 4 42 5 4 36 2 5 42 3 5 42 5 5 36 2 7 42 3 7 42 5 7 36 0 12 1 1 73 3 1 76 5 1 69 1 4 73 3 4 76 5 4 69 1 5 73 3 5 76 5 5 69 1 6 73 3 6 76 5 6 69 0 8 3 1 38 4 1 40 3 3 38 4 3 40 3 4 38 4 4 40 3 7 38 4 7 40 0 16 1 1 69 3 1 69 4 1 69 5 1 73 1 5 69 3 5 69 4 5 69 5 5 73 1 6 69 3 6 69 4 6 69 5 6 73 1 7 69 3 7 69 4 7 69 5 7 73 0 12 2 1 62 3 1 68 4 1 64 2 2 62 3 2 68 4 2 64 2 3 62 3 3 68 4 3 64 2 5 62 3 5 68 4 5 64 0 16 2 1 40 3 1 40 4 1 40 5 1 40 2 2 40 3 2 40 4 2 40 5 2 40 2 3 40 3 3 40 4 3 40 5 3 40 2 6 40 3 6 40 4 6 40 5 6 40 0 12 2 1 18 4 1 21 5 1 21 2 2 18 4 2 21 5 2 21 2 3 18 4 3 21 5 3 21 2 4 18 4 4 21 5 4 21 0 8 2 1 33 5 1 37 2 2 33 5 2 37 2 3 33 5 3 37 2 6 33 5 6 37 1 4 1 40 4 40 6 40 7 40 0 12 2 3 88 3 3 86 4 3 92 2 4 88 3 4 86 4 4 92 2 5 88 3 5 86 4 5 92 2 6 88 3 6 86 4 6 92 0 4 2 1 61 2 2 61 2 3 61 2 7 61 1 4 1 38 3 38 4 38 5 38 0 8 1 1 65 4 1 68 1 2 65 4 2 68 1 5 65 4 5 68 1 7 65 4 7 68 0 8 1 3 29 5 3 26 1 4 29 5 4 26 1 5 29 5 5 26 1 6 29 5 6 26 0 4 5 1 29 5 3 29 5 5 29 5 7 29 
23 0 4 5 4 64 5 5 64 5 6 64 5 7 64 0 8 2 1 57 3 1 57 2 3 57 3 3 57 2 5 57 3 5 57 2 7 57 3 7 57 1 4 1 61 4 61 5 61 7 61 0 12 1 1 38 2 1 42 4 1 35 1 4 38 2 4 42 4 4 35 1 5 38 2 5 42 4 5 35 1 6 38 2 6 42 4 6 35 0 8 3 1 48 4 1 46 3 2 48 4 2 46 3 4 48 4 4 46 3 7 48 4 7 46 0 8 2 1 76 4 1 79 2 3 76 4 3 79 2 5 76 4 5 79 2 7 76 4 7 79 0 8 1 1 43 4 1 41 1 2 43 4 2 41 1 3 43 4 3 41 1 4 43 4 4 41 0 16 1 1 79 2 1 81 3 1 82 4 1 79 1 2 79 2 2 81 3 2 82 4 2 79 1 3 79 2 3 81 3 3 82 4 3 79 1 5 79 2 5 81 3 5 82 4 5 79 0 8 2 1 51 4 1 52 2 2 51 4 2 52 2 4 51 4 4 52 2 7 51 4 7 52 0 12 3 2 73 4 2 77 5 2 74 3 4 73 4 4 77 5 4 74 3 6 73 4 6 77 5 6 74 3 7 73 4 7 77 5 7 74 0 12 1 1 37 3 1 41 5 1 36 1 5 37 3 5 41 5 5 36 1 6 37 3 6 41 5 6 36 1 7 37 3 7 41 5 7 36 0 12 2 3 76 3 3 76 5 3 73 2 5 76 3 5 76 5 5 73 2 6 76 3 6 76 5 6 73 2 7 76 3 7 76 5 7 73 0 4 1 1 48 1 4 48 1 6 48 1 7 48 1 4 1 75 3 75 6 75 7 75 0 12 1 1 44 3 1 44 5 1 44 1 4 44 3 4 44 5 4 44 1 5 44 3 5 44 5 5 44 1 7 44 3 7 44 5 7 44 1 4 2 22 4 22 5 22 6 22 0 16 1 1 65 2 1 59 3 1 62 4 1 62 1 2 65 2 2 59 3 2 62 4 2 62 1 4 65 2 4 59 3 4 62 4 4 62 1 5 65 2 5 59 3 5 62 4 5 62 0 12 2 2 94 4 2 98 5 2 90 2 4 94 4 4 98 5 4 90 2 6 94 4 6 98 5 6 90 2 7 94 4 7 98 5 7 90 0 12 1 1 20 3 1 22 4 1 20 1 2 20 3 2 22 4 2 20 1 3 20 3 3 22 4 3 20 1 7 20 3 7 22 4 7 20 0 12 2 2 37 3 2 38 5 2 39 2 4 37 3 4 38 5 4 39 2 5 37 3 5 38 5 5 39 2 6 37 3 6 38 5 6 39 0 12 2 2 96 4 2 95 5 2 94 2 4 96 4 4 95 5 4 94 2 6 96 4 6 95 5 6 94 2 7 96 4 7 95 5 7 94 0 4 2 2 83 2 3 83 2 5 83 2 7 83 0 12 1 1 47 3 1 47 5 1 44 1 2 47 3 2 47 5 2 44 1 3 47 3 3 47 5 3 44 1 7 47 3 7 47 5 7 44 
19 0 16 2 1 80 3 1 75 4 1 82 5 1 76 2 3 80 3 3 75 4 3 82 5 3 76 2 4 80 3 4 75 4 4 82 5 4 76 2 7 80 3 7 75 4 7 82 5 7 76 0 12 1 2 45 2 2 43 4 2 43 1 4 45 2 4 43 4 4 43 1 5 45 2 5 43 4 5 43 1 6 45 2 6 43 4 6 43 0 8 1 1 58 5 1 57 1 5 58 5 5 57 1 6 58 5 6 57 1 7 58 5 7 57 0 8 1 4 56 4 4 56 1 5 56 4 5 56 1 6 56 4 6 56 1 7 56 4 7 56 0 8 1 2 33 4 2 37 1 4 33 4 4 37 1 5 33 4 5 37 1 7 33 4 7 37 0 8 1 1 62 3 1 58 1 2 62 3 2 58 1 3 62 3 3 58 1 7 62 3 7 58 0 8 2 2 51 3 2 52 2 3 51 3 3 52 2 4 51 3 4 52 2 5 51 3 5 52 1 4 2 88 4 88 6 88 7 88 0 12 1 1 33 2 1 39 5 1 32 1 4 33 2 4 39 5 4 32 1 5 33 2 5 39 5 5 32 1 7 33 2 7 39 5 7 32 0 20 1 2 73 2 2 77 3 2 77 4 2 77 5 2 77 1 3 73 2 3 77 3 3 77 4 3 77 5 3 77 1 4 73 2 4 77 3 4 77 4 4 77 5 4 77 1 6 73 2 6 77 3 6 77 4 6 77 5 6 77 0 12 1 1 44 3 1 39 5 1 47 1 2 44 3 2 39 5 2 47 1 4 44 3 4 39 5 4 47 1 6 44 3 6 39 5 6 47 0 4 2 1 31 2 2 31 2 3 31 2 7 31 0 12 1 1 43 3 1 39 4 1 43 1 2 43 3 2 39 4 2 43 1 3 43 3 3 39 4 3 43 1 6 43 3 6 39 4 6 43 0 8 1 2 77 5 2 77 1 3 77 5 3 77 1 5 77 5 5 77 1 6 77 5 6 77 0 12 1 1 72 3 1 74 4 1 70 1 2 72 3 2 74 4 2 70 1 3 72 3 3 74 4 3 70 1 5 72 3 5 74 4 5 70 0 12 1 1 62 3 1 63 5 1 64 1 3 62 3 3 63 5 3 64 1 5 62 3 5 63 5 5 64 1 7 62 3 7 63 5 7 64 1 4 4 74 5 74 6 74 7 74 0 12 1 1 27 2 1 27 5 1 23 1 2 27 2 2 27 5 2 23 1 5 27 2 5 27 5 5 23 1 6 27 2 6 27 5 6 23 0 8 1 1 51 5 1 51 1 2 51 5 2 51 1 5 51 5 5 51 1 7 51 5 7 51 
