15 8 10
10 0 20 4 2 5 5 2 19 7 2 15 8 2 11 4 6 5 5 6 19 7 6 15 8 6 11 4 7 5 5 7 19 7 7 15 8 7 11 4 8 5 5 8 19 7 8 15 8 8 11 4 10 5 5 10 19 7 10 15 8 10 11 0 10 3 1 18 4 1 5 3 2 18 4 2 5 3 6 18 4 6 5 3 7 18 4 7 5 3 9 18 4 9 5 0 20 3 1 16 6 1 11 7 1 3 8 1 18 3 2 16 6 2 11 7 2 3 8 2 18 3 3 16 6 3 11 7 3 3 8 3 18 3 8 16 6 8 11 7 8 3 8 8 18 3 10 16 6 10 11 7 10 3 8 10 18 0 20 2 1 1 3 1 19 5 1 7 7 1 2 2 2 1 3 2 19 5 2 7 7 2 2 2 5 1 3 5 19 5 5 7 7 5 2 2 6 1 3 6 19 5 6 7 7 6 2 2 7 1 3 7 19 5 7 7 7 7 2 1 5 2 3 5 3 6 3 7 3 8 3 0 15 4 1 5 5 1 2 8 1 18 4 2 5 5 2 2 8 2 18 4 4 5 5 4 2 8 4 18 4 6 5 5 6 2 8 6 18 4 8 5 5 8 2 8 8 18 0 5 5 2 2 5 4 2 5 6 2 5 8 2 5 9 2 0 5 1 3 17 1 4 17 1 6 17 1 8 17 1 10 17 0 25 1 2 12 2 2 10 3 2 14 5 2 10 8 2 5 1 4 12 2 4 10 3 4 14 5 4 10 8 4 5 1 5 12 2 5 10 3 5 14 5 5 10 8 5 5 1 8 12 2 8 10 3 8 14 5 8 10 8 8 5 1 9 12 2 9 10 3 9 14 5 9 10 8 9 5 0 15 6 1 2 7 1 15 8 1 19 6 3 2 7 3 15 8 3 19 6 6 2 7 6 15 8 6 19 6 9 2 7 9 15 8 9 19 6 10 2 7 10 15 8 10 19 
10 0 20 3 1 16 6 1 11 7 1 3 8 1 18 3 3 16 6 3 11 7 3 3 8 3 18 3 6 16 6 6 11 7 6 3 8 6 18 3 7 16 6 7 11 7 7 3 8 7 18 3 8 16 6 8 11 7 8 3 8 8 18 0 5 1 1 17 1 4 17 1 5 17 1 6 17 1 10 17 0 10 2 2 1 4 2 13 2 3 1 4 3 13 2 4 1 4 4 13 2 7 1 4 7 13 2 9 1 4 9 13 0 25 1 1 12 2 1 10 3 1 14 5 1 10 8 1 5 1 4 12 2 4 10 3 4 14 5 4 10 8 4 5 1 5 12 2 5 10 3 5 14 5 5 10 8 5 5 1 6 12 2 6 10 3 6 14 5 6 10 8 6 5 1 9 12 2 9 10 3 9 14 5 9 10 8 9 5 0 25 1 2 9 2 2 18 3 2 13 4 2 11 6 2 18 1 4 9 2 4 18 3 4 13 4 4 11 6 4 18 1 5 9 2 5 18 3 5 13 4 5 11 6 5 18 1 7 9 2 7 18 3 7 13 4 7 11 6 7 18 1 9 9 2 9 18 3 9 13 4 9 11 6 9 18 0 10 6 3 15 7 3 13 6 6 15 7 6 13 6 7 15 7 7 13 6 8 15 7 8 13 6 9 15 7 9 13 0 20 4 1 5 5 1 19 7 1 15 8 1 11 4 2 5 5 2 19 7 2 15 8 2 11 4 3 5 5 3 19 7 3 15 8 3 11 4 7 5 5 7 19 7 7 15 8 7 11 4 10 5 5 10 19 7 10 15 8 10 11 0 20 2 2 1 3 2 19 5 2 7 7 2 2 2 4 1 3 4 19 5 4 7 7 4 2 2 5 1 3 5 19 5 5 7 7 5 2 2 7 1 3 7 19 5 7 7 7 7 2 2 10 1 3 10 19 5 10 7 7 10 2 0 20 1 2 7 4 2 11 6 2 13 8 2 3 1 5 7 4 5 11 6 5 13 8 5 3 1 7 7 4 7 11 6 7 13 8 7 3 1 9 7 4 9 11 6 9 13 8 9 3 1 10 7 4 10 11 6 10 13 8 10 3 0 15 6 2 2 7 2 15 8 2 19 6 5 2 7 5 15 8 5 19 6 6 2 7 6 15 8 6 19 6 8 2 7 8 15 8 8 19 6 9 2 7 9 15 8 9 19 
10 0 10 3 2 3 5 2 5 3 5 3 5 5 5 3 6 3 5 6 5 3 8 3 5 8 5 3 9 3 5 9 5 1 5 1 2 4 2 5 2 6 2 9 2 0 10 3 2 18 4 2 5 3 5 18 4 5 5 3 7 18 4 7 5 3 8 18 4 8 5 3 10 18 4 10 5 0 10 5 4 6 6 4 3 5 6 6 6 6 3 5 7 6 6 7 3 5 8 6 6 8 3 5 10 6 6 10 3 0 20 1 2 7 4 2 11 6 2 13 8 2 3 1 3 7 4 3 11 6 3 13 8 3 3 1 5 7 4 5 11 6 5 13 8 5 3 1 6 7 4 6 11 6 6 13 8 6 3 1 8 7 4 8 11 6 8 13 8 8 3 1 5 1 19 3 19 6 19 8 19 10 19 0 25 1 1 9 2 1 18 3 1 13 4 1 11 6 1 18 1 2 9 2 2 18 3 2 13 4 2 11 6 2 18 1 3 9 2 3 18 3 3 13 4 3 11 6 3 18 1 5 9 2 5 18 3 5 13 4 5 11 6 5 18 1 10 9 2 10 18 3 10 13 4 10 11 6 10 18 0 15 4 1 5 5 1 2 8 1 18 4 2 5 5 2 2 8 2 18 4 3 5 5 3 2 8 3 18 4 6 5 5 6 2 8 6 18 4 10 5 5 10 2 8 10 18 1 5 2 17 3 17 5 17 6 17 8 17 0 10 2 2 1 4 2 13 2 4 1 4 4 13 2 5 1 4 5 13 2 6 1 4 6 13 2 9 1 4 9 13 
10 0 10 3 1 18 4 1 5 3 2 18 4 2 5 3 3 18 4 3 5 3 5 18 4 5 5 3 8 18 4 8 5 0 10 3 1 3 5 1 5 3 4 3 5 4 5 3 6 3 5 6 5 3 8 3 5 8 5 3 9 3 5 9 5 0 25 1 2 9 2 2 18 3 2 13 4 2 11 6 2 18 1 4 9 2 4 18 3 4 13 4 4 11 6 4 18 1 5 9 2 5 18 3 5 13 4 5 11 6 5 18 1 7 9 2 7 18 3 7 13 4 7 11 6 7 18 1 8 9 2 8 18 3 8 13 4 8 11 6 8 18 0 20 1 1 7 4 1 11 6 1 13 8 1 3 1 3 7 4 3 11 6 3 13 8 3 3 1 5 7 4 5 11 6 5 13 8 5 3 1 8 7 4 8 11 6 8 13 8 8 3 1 9 7 4 9 11 6 9 13 8 9 3 1 5 2 13 3 13 6 13 8 13 10 13 0 20 2 1 1 3 1 19 5 1 7 7 1 2 2 3 1 3 3 19 5 3 7 7 3 2 2 4 1 3 4 19 5 4 7 7 4 2 2 6 1 3 6 19 5 6 7 7 6 2 2 9 1 3 9 19 5 9 7 7 9 2 0 5 5 1 2 5 5 2 5 6 2 5 7 2 5 10 2 1 5 1 18 4 18 8 18 9 18 10 18 0 5 1 1 17 1 2 17 1 3 17 1 5 17 1 9 17 0 10 5 4 6 6 4 3 5 6 6 6 6 3 5 7 6 6 7 3 5 9 6 6 9 3 5 10 6 6 10 3 
10 0 10 6 1 15 7 1 13 6 4 15 7 4 13 6 8 15 7 8 13 6 9 15 7 9 13 6 10 15 7 10 13 0 15 6 2 2 7 2 15 8 2 19 6 3 2 7 3 15 8 3 19 6 6 2 7 6 15 8 6 19 6 7 2 7 7 15 8 7 19 6 8 2 7 8 15 8 8 19 0 5 5 1 2 5 2 2 5 5 2 5 7 2 5 10 2 0 20 4 1 5 5 1 19 7 1 15 8 1 11 4 2 5 5 2 19 7 2 15 8 2 11 4 3 5 5 3 19 7 3 15 8 3 11 4 4 5 5 4 19 7 4 15 8 4 11 4 9 5 5 9 19 7 9 15 8 9 11 1 5 6 18 7 18 8 18 9 18 10 18 0 20 2 2 1 3 2 19 5 2 7 7 2 2 2 3 1 3 3 19 5 3 7 7 3 2 2 7 1 3 7 19 5 7 7 7 7 2 2 8 1 3 8 19 5 8 7 7 8 2 2 10 1 3 10 19 5 10 7 7 10 2 0 15 4 1 5 5 1 2 8 1 18 4 3 5 5 3 2 8 3 18 4 5 5 5 5 2 8 5 18 4 6 5 5 6 2 8 6 18 4 10 5 5 10 2 8 10 18 0 10 5 1 6 6 1 3 5 3 6 6 3 3 5 4 6 6 4 3 5 5 6 6 5 3 5 9 6 6 9 3 0 10 3 2 3 5 2 5 3 3 3 5 3 5 3 4 3 5 4 5 3 8 3 5 8 5 3 10 3 5 10 5 0 25 1 1 12 2 1 10 3 1 14 5 1 10 8 1 5 1 4 12 2 4 10 3 4 14 5 4 10 8 4 5 1 6 12 2 6 10 3 6 14 5 6 10 8 6 5 1 8 12 2 8 10 3 8 14 5 8 10 8 8 5 1 10 12 2 10 10 3 10 14 5 10 10 8 10 5 
10 1 5 1 13 6 13 8 13 9 13 10 13 0 10 6 2 15 7 2 13 6 5 15 7 5 13 6 7 15 7 7 13 6 8 15 7 8 13 6 9 15 7 9 13 0 10 3 3 18 4 3 5 3 4 18 4 4 5 3 5 18 4 5 5 3 6 18 4 6 5 3 9 18 4 9 5 0 20 3 1 16 6 1 11 7 1 3 8 1 18 3 3 16 6 3 11 7 3 3 8 3 18 3 7 16 6 7 11 7 7 3 8 7 18 3 9 16 6 9 11 7 9 3 8 9 18 3 10 16 6 10 11 7 10 3 8 10 18 0 25 1 3 9 2 3 18 3 3 13 4 3 11 6 3 18 1 4 9 2 4 18 3 4 13 4 4 11 6 4 18 1 5 9 2 5 18 3 5 13 4 5 11 6 5 18 1 7 9 2 7 18 3 7 13 4 7 11 6 7 18 1 9 9 2 9 18 3 9 13 4 9 11 6 9 18 0 25 1 1 12 2 1 10 3 1 14 5 1 10 8 1 5 1 3 12 2 3 10 3 3 14 5 3 10 8 3 5 1 8 12 2 8 10 3 8 14 5 8 10 8 8 5 1 9 12 2 9 10 3 9 14 5 9 10 8 9 5 1 10 12 2 10 10 3 10 14 5 10 10 8 10 5 0 20 1 1 7 4 1 11 6 1 13 8 1 3 1 2 7 4 2 11 6 2 13 8 2 3 1 4 7 4 4 11 6 4 13 8 4 3 1 8 7 4 8 11 6 8 13 8 8 3 1 9 7 4 9 11 6 9 13 8 9 3 0 20 4 1 5 5 1 19 7 1 15 8 1 11 4 2 5 5 2 19 7 2 15 8 2 11 4 3 5 5 3 19 7 3 15 8 3 11 4 5 5 5 5 19 7 5 15 8 5 11 4 10 5 5 10 19 7 10 15 8 10 11 0 10 5 1 6 6 1 3 5 3 6 6 3 3 5 6 6 6 6 3 5 9 6 6 9 3 5 10 6 6 10 3 0 10 3 1 3 5 1 5 3 2 3 5 2 5 3 3 3 5 3 5 3 5 3 5 5 5 3 7 3 5 7 5 
10 0 25 1 1 12 2 1 10 3 1 14 5 1 10 8 1 5 1 3 12 2 3 10 3 3 14 5 3 10 8 3 5 1 7 12 2 7 10 3 7 14 5 7 10 8 7 5 1 8 12 2 8 10 3 8 14 5 8 10 8 8 5 1 9 12 2 9 10 3 9 14 5 9 10 8 9 5 0 20 1 3 7 4 3 11 6 3 13 8 3 3 1 5 7 4 5 11 6 5 13 8 5 3 1 6 7 4 6 11 6 6 13 8 6 3 1 7 7 4 7 11 6 7 13 8 7 3 1 10 7 4 10 11 6 10 13 8 10 3 0 10 2 3 1 4 3 13 2 5 1 4 5 13 2 7 1 4 7 13 2 8 1 4 8 13 2 10 1 4 10 13 0 5 1 2 17 1 5 17 1 6 17 1 7 17 1 10 17 0 10 6 2 15 7 2 13 6 5 15 7 5 13 6 7 15 7 7 13 6 8 15 7 8 13 6 10 15 7 10 13 0 20 2 1 1 3 1 19 5 1 7 7 1 2 2 2 1 3 2 19 5 2 7 7 2 2 2 3 1 3 3 19 5 3 7 7 3 2 2 5 1 3 5 19 5 5 7 7 5 2 2 10 1 3 10 19 5 10 7 7 10 2 0 5 5 2 2 5 3 2 5 4 2 5 6 2 5 10 2 1 5 5 18 7 18 8 18 9 18 10 18 0 10 3 2 18 4 2 5 3 3 18 4 3 5 3 5 18 4 5 5 3 7 18 4 7 5 3 8 18 4 8 5 0 15 6 3 2 7 3 15 8 3 19 6 5 2 7 5 15 8 5 19 6 6 2 7 6 15 8 6 19 6 7 2 7 7 15 8 7 19 6 10 2 7 10 15 8 10 19 
10 1 5 3 19 4 19 5 19 8 19 9 19 0 5 1 1 17 1 2 17 1 3 17 1 6 17 1 8 17 0 20 4 2 5 5 2 19 7 2 15 8 2 11 4 5 5 5 5 19 7 5 15 8 5 11 4 7 5 5 7 19 7 7 15 8 7 11 4 9 5 5 9 19 7 9 15 8 9 11 4 10 5 5 10 19 7 10 15 8 10 11 0 10 6 1 15 7 1 13 6 2 15 7 2 13 6 4 15 7 4 13 6 8 15 7 8 13 6 9 15 7 9 13 0 25 1 1 12 2 1 10 3 1 14 5 1 10 8 1 5 1 3 12 2 3 10 3 3 14 5 3 10 8 3 5 1 7 12 2 7 10 3 7 14 5 7 10 8 7 5 1 9 12 2 9 10 3 9 14 5 9 10 8 9 5 1 10 12 2 10 10 3 10 14 5 10 10 8 10 5 0 20 1 2 7 4 2 11 6 2 13 8 2 3 1 4 7 4 4 11 6 4 13 8 4 3 1 6 7 4 6 11 6 6 13 8 6 3 1 7 7 4 7 11 6 7 13 8 7 3 1 10 7 4 10 11 6 10 13 8 10 3 0 25 1 1 9 2 1 18 3 1 13 4 1 11 6 1 18 1 2 9 2 2 18 3 2 13 4 2 11 6 2 18 1 6 9 2 6 18 3 6 13 4 6 11 6 6 18 1 8 9 2 8 18 3 8 13 4 8 11 6 8 18 1 10 9 2 10 18 3 10 13 4 10 11 6 10 18 0 10 2 1 1 4 1 13 2 2 1 4 2 13 2 5 1 4 5 13 2 6 1 4 6 13 2 8 1 4 8 13 0 10 3 1 18 4 1 5 3 2 18 4 2 5 3 3 18 4 3 5 3 5 18 4 5 5 3 8 18 4 8 5 1 5 1 5 3 5 5 5 8 5 10 5 
10 0 5 1 1 17 1 2 17 1 3 17 1 5 17 1 10 17 0 25 1 4 12 2 4 10 3 4 14 5 4 10 8 4 5 1 6 12 2 6 10 3 6 14 5 6 10 8 6 5 1 8 12 2 8 10 3 8 14 5 8 10 8 8 5 1 9 12 2 9 10 3 9 14 5 9 10 8 9 5 1 10 12 2 10 10 3 10 14 5 10 10 8 10 5 0 20 3 4 16 6 4 11 7 4 3 8 4 18 3 6 16 6 6 11 7 6 3 8 6 18 3 8 16 6 8 11 7 8 3 8 8 18 3 9 16 6 9 11 7 9 3 8 9 18 3 10 16 6 10 11 7 10 3 8 10 18 0 15 6 1 2 7 1 15 8 1 19 6 2 2 7 2 15 8 2 19 6 3 2 7 3 15 8 3 19 6 6 2 7 6 15 8 6 19 6 9 2 7 9 15 8 9 19 0 10 6 1 15 7 1 13 6 5 15 7 5 13 6 6 15 7 6 13 6 7 15 7 7 13 6 9 15 7 9 13 0 20 1 1 7 4 1 11 6 1 13 8 1 3 1 2 7 4 2 11 6 2 13 8 2 3 1 3 7 4 3 11 6 3 13 8 3 3 1 4 7 4 4 11 6 4 13 8 4 3 1 5 7 4 5 11 6 5 13 8 5 3 0 5 5 2 2 5 3 2 5 4 2 5 6 2 5 7 2 1 5 2 13 3 13 4 13 6 13 10 13 1 5 1 18 3 18 4 18 8 18 9 18 0 20 4 1 5 5 1 19 7 1 15 8 1 11 4 4 5 5 4 19 7 4 15 8 4 11 4 6 5 5 6 19 7 6 15 8 6 11 4 8 5 5 8 19 7 8 15 8 8 11 4 9 5 5 9 19 7 9 15 8 9 11 
10 0 5 1 1 17 1 2 17 1 7 17 1 9 17 1 10 17 0 10 6 1 15 7 1 13 6 2 15 7 2 13 6 4 15 7 4 13 6 5 15 7 5 13 6 9 15 7 9 13 0 15 4 2 5 5 2 2 8 2 18 4 6 5 5 6 2 8 6 18 4 7 5 5 7 2 8 7 18 4 8 5 5 8 2 8 8 18 4 10 5 5 10 2 8 10 18 0 25 1 3 9 2 3 18 3 3 13 4 3 11 6 3 18 1 4 9 2 4 18 3 4 13 4 4 11 6 4 18 1 5 9 2 5 18 3 5 13 4 5 11 6 5 18 1 8 9 2 8 18 3 8 13 4 8 11 6 8 18 1 10 9 2 10 18 3 10 13 4 10 11 6 10 18 0 20 1 1 7 4 1 11 6 1 13 8 1 3 1 2 7 4 2 11 6 2 13 8 2 3 1 7 7 4 7 11 6 7 13 8 7 3 1 9 7 4 9 11 6 9 13 8 9 3 1 10 7 4 10 11 6 10 13 8 10 3 0 10 3 2 18 4 2 5 3 3 18 4 3 5 3 5 18 4 5 5 3 9 18 4 9 5 3 10 18 4 10 5 1 5 1 3 2 3 3 3 5 3 8 3 0 15 6 2 2 7 2 15 8 2 19 6 4 2 7 4 15 8 4 19 6 5 2 7 5 15 8 5 19 6 9 2 7 9 15 8 9 19 6 10 2 7 10 15 8 10 19 1 5 2 18 3 18 5 18 6 18 10 18 0 25 1 2 12 2 2 10 3 2 14 5 2 10 8 2 5 1 3 12 2 3 10 3 3 14 5 3 10 8 3 5 1 8 12 2 8 10 3 8 14 5 8 10 8 8 5 1 9 12 2 9 10 3 9 14 5 9 10 8 9 5 1 10 12 2 10 10 3 10 14 5 10 10 8 10 5 
10 0 10 2 3 1 4 3 13 2 4 1 4 4 13 2 5 1 4 5 13 2 6 1 4 6 13 2 8 1 4 8 13 0 15 6 2 2 7 2 15 8 2 19 6 4 2 7 4 15 8 4 19 6 5 2 7 5 15 8 5 19 6 8 2 7 8 15 8 8 19 6 10 2 7 10 15 8 10 19 0 20 3 2 16 6 2 11 7 2 3 8 2 18 3 4 16 6 4 11 7 4 3 8 4 18 3 6 16 6 6 11 7 6 3 8 6 18 3 8 16 6 8 11 7 8 3 8 8 18 3 9 16 6 9 11 7 9 3 8 9 18 0 10 3 1 18 4 1 5 3 3 18 4 3 5 3 7 18 4 7 5 3 8 18 4 8 5 3 9 18 4 9 5 1 5 1 3 4 3 5 3 7 3 9 3 0 5 1 2 17 1 7 17 1 8 17 1 9 17 1 10 17 0 10 3 1 3 5 1 5 3 2 3 5 2 5 3 5 3 5 5 5 3 6 3 5 6 5 3 8 3 5 8 5 0 15 4 3 5 5 3 2 8 3 18 4 4 5 5 4 2 8 4 18 4 5 5 5 5 2 8 5 18 4 8 5 5 8 2 8 8 18 4 10 5 5 10 2 8 10 18 0 25 1 1 12 2 1 10 3 1 14 5 1 10 8 1 5 1 2 12 2 2 10 3 2 14 5 2 10 8 2 5 1 4 12 2 4 10 3 4 14 5 4 10 8 4 5 1 9 12 2 9 10 3 9 14 5 9 10 8 9 5 1 10 12 2 10 10 3 10 14 5 10 10 8 10 5 0 25 1 2 9 2 2 18 3 2 13 4 2 11 6 2 18 1 3 9 2 3 18 3 3 13 4 3 11 6 3 18 1 5 9 2 5 18 3 5 13 4 5 11 6 5 18 1 8 9 2 8 18 3 8 13 4 8 11 6 8 18 1 10 9 2 10 18 3 10 13 4 10 11 6 10 18 
10 0 20 1 1 7 4 1 11 6 1 13 8 1 3 1 3 7 4 3 11 6 3 13 8 3 3 1 6 7 4 6 11 6 6 13 8 6 3 1 8 7 4 8 11 6 8 13 8 8 3 1 10 7 4 10 11 6 10 13 8 10 3 0 15 4 2 5 5 2 2 8 2 18 4 3 5 5 3 2 8 3 18 4 5 5 5 5 2 8 5 18 4 6 5 5 6 2 8 6 18 4 10 5 5 10 2 8 10 18 0 20 3 1 16 6 1 11 7 1 3 8 1 18 3 2 16 6 2 11 7 2 3 8 2 18 3 5 16 6 5 11 7 5 3 8 5 18 3 6 16 6 6 11 7 6 3 8 6 18 3 10 16 6 10 11 7 10 3 8 10 18 0 5 1 1 17 1 5 17 1 6 17 1 9 17 1 10 17 0 25 1 1 9 2 1 18 3 1 13 4 1 11 6 1 18 1 2 9 2 2 18 3 2 13 4 2 11 6 2 18 1 4 9 2 4 18 3 4 13 4 4 11 6 4 18 1 9 9 2 9 18 3 9 13 4 9 11 6 9 18 1 10 9 2 10 18 3 10 13 4 10 11 6 10 18 0 15 6 2 2 7 2 15 8 2 19 6 5 2 7 5 15 8 5 19 6 6 2 7 6 15 8 6 19 6 8 2 7 8 15 8 8 19 6 10 2 7 10 15 8 10 19 0 5 5 1 2 5 2 2 5 4 2 5 5 2 5 7 2 0 10 3 1 3 5 1 5 3 2 3 5 2 5 3 7 3 5 7 5 3 8 3 5 8 5 3 10 3 5 10 5 0 20 4 4 5 5 4 19 7 4 15 8 4 11 4 6 5 5 6 19 7 6 15 8 6 11 4 7 5 5 7 19 7 7 15 8 7 11 4 9 5 5 9 19 7 9 15 8 9 11 4 10 5 5 10 19 7 10 15 8 10 11 1 5 2 13 4 13 5 13 8 13 9 13 
10 0 25 1 2 12 2 2 10 3 2 14 5 2 10 8 2 5 1 3 12 2 3 10 3 3 14 5 3 10 8 3 5 1 5 12 2 5 10 3 5 14 5 5 10 8 5 5 1 9 12 2 9 10 3 9 14 5 9 10 8 9 5 1 10 12 2 10 10 3 10 14 5 10 10 8 10 5 1 5 1 2 4 2 7 2 8 2 10 2 0 10 3 2 18 4 2 5 3 3 18 4 3 5 3 7 18 4 7 5 3 8 18 4 8 5 3 10 18 4 10 5 0 20 2 1 1 3 1 19 5 1 7 7 1 2 2 4 1 3 4 19 5 4 7 7 4 2 2 6 1 3 6 19 5 6 7 7 6 2 2 7 1 3 7 19 5 7 7 7 7 2 2 10 1 3 10 19 5 10 7 7 10 2 0 10 6 2 15 7 2 13 6 4 15 7 4 13 6 7 15 7 7 13 6 8 15 7 8 13 6 9 15 7 9 13 0 20 3 2 16 6 2 11 7 2 3 8 2 18 3 3 16 6 3 11 7 3 3 8 3 18 3 5 16 6 5 11 7 5 3 8 5 18 3 6 16 6 6 11 7 6 3 8 6 18 3 7 16 6 7 11 7 7 3 8 7 18 0 20 4 3 5 5 3 19 7 3 15 8 3 11 4 5 5 5 5 19 7 5 15 8 5 11 4 6 5 5 6 19 7 6 15 8 6 11 4 8 5 5 8 19 7 8 15 8 8 11 4 10 5 5 10 19 7 10 15 8 10 11 0 25 1 1 9 2 1 18 3 1 13 4 1 11 6 1 18 1 4 9 2 4 18 3 4 13 4 4 11 6 4 18 1 6 9 2 6 18 3 6 13 4 6 11 6 6 18 1 8 9 2 8 18 3 8 13 4 8 11 6 8 18 1 10 9 2 10 18 3 10 13 4 10 11 6 10 18 1 5 3 3 5 3 6 3 9 3 10 3 0 20 1 1 7 4 1 11 6 1 13 8 1 3 1 3 7 4 3 11 6 3 13 8 3 3 1 7 7 4 7 11 6 7 13 8 7 3 1 9 7 4 9 11 6 9 13 8 9 3 1 10 7 4 10 11 6 10 13 8 10 3 
10 1 5 2 18 3 18 6 18 7 18 8 18 0 15 4 1 5 5 1 2 8 1 18 4 2 5 5 2 2 8 2 18 4 7 5 5 7 2 8 7 18 4 8 5 5 8 2 8 8 18 4 10 5 5 10 2 8 10 18 1 5 2 13 5 13 6 13 8 13 9 13 0 20 2 2 1 3 2 19 5 2 7 7 2 2 2 5 1 3 5 19 5 5 7 7 5 2 2 7 1 3 7 19 5 7 7 7 7 2 2 8 1 3 8 19 5 8 7 7 8 2 2 10 1 3 10 19 5 10 7 7 10 2 0 10 5 1 6 6 1 3 5 2 6 6 2 3 5 4 6 6 4 3 5 5 6 6 5 3 5 8 6 6 8 3 0 10 3 1 18 4 1 5 3 2 18 4 2 5 3 4 18 4 4 5 3 6 18 4 6 5 3 8 18 4 8 5 0 10 6 1 15 7 1 13 6 4 15 7 4 13 6 5 15 7 5 13 6 6 15 7 6 13 6 7 15 7 7 13 0 5 5 1 2 5 2 2 5 3 2 5 4 2 5 6 2 0 25 1 1 9 2 1 18 3 1 13 4 1 11 6 1 18 1 3 9 2 3 18 3 3 13 4 3 11 6 3 18 1 7 9 2 7 18 3 7 13 4 7 11 6 7 18 1 8 9 2 8 18 3 8 13 4 8 11 6 8 18 1 10 9 2 10 18 3 10 13 4 10 11 6 10 18 0 5 1 2 17 1 3 17 1 5 17 1 7 17 1 9 17 
10 0 25 1 1 12 2 1 10 3 1 14 5 1 10 8 1 5 1 4 12 2 4 10 3 4 14 5 4 10 8 4 5 1 6 12 2 6 10 3 6 14 5 6 10 8 6 5 1 8 12 2 8 10 3 8 14 5 8 10 8 8 5 1 10 12 2 10 10 3 10 14 5 10 10 8 10 5 1 5 3 3 4 3 5 3 6 3 9 3 0 10 6 1 15 7 1 13 6 2 15 7 2 13 6 4 15 7 4 13 6 5 15 7 5 13 6 6 15 7 6 13 1 5 1 11 3 11 4 11 5 11 8 11 0 20 3 2 16 6 2 11 7 2 3 8 2 18 3 3 16 6 3 11 7 3 3 8 3 18 3 4 16 6 4 11 7 4 3 8 4 18 3 5 16 6 5 11 7 5 3 8 5 18 3 7 16 6 7 11 7 7 3 8 7 18 0 5 1 4 17 1 6 17 1 7 17 1 8 17 1 9 17 0 25 1 2 9 2 2 18 3 2 13 4 2 11 6 2 18 1 3 9 2 3 18 3 3 13 4 3 11 6 3 18 1 4 9 2 4 18 3 4 13 4 4 11 6 4 18 1 5 9 2 5 18 3 5 13 4 5 11 6 5 18 1 10 9 2 10 18 3 10 13 4 10 11 6 10 18 0 15 4 2 5 5 2 2 8 2 18 4 5 5 5 5 2 8 5 18 4 6 5 5 6 2 8 6 18 4 8 5 5 8 2 8 8 18 4 9 5 5 9 2 8 9 18 1 5 2 5 6 5 7 5 9 5 10 5 0 20 2 3 1 3 3 19 5 3 7 7 3 2 2 4 1 3 4 19 5 4 7 7 4 2 2 6 1 3 6 19 5 6 7 7 6 2 2 8 1 3 8 19 5 8 7 7 8 2 2 10 1 3 10 19 5 10 7 7 10 2 
