10 5 7
15 0 4 1 1 42 1 3 42 1 6 42 1 7 42 0 4 3 3 62 3 4 62 3 6 62 3 7 62 0 4 5 2 22 5 3 22 5 4 22 5 6 22 0 4 4 3 16 4 4 16 4 6 16 4 7 16 0 12 1 2 96 3 2 96 5 2 96 1 3 96 3 3 96 5 3 96 1 4 96 3 4 96 5 4 96 1 5 96 3 5 96 5 5 96 1 4 2 24 5 24 6 24 7 24 0 4 1 1 63 1 2 63 1 4 63 1 5 63 0 4 2 1 29 2 2 29 2 3 29 2 4 29 0 4 3 1 83 3 3 83 3 6 83 3 7 83 0 4 5 1 23 5 2 23 5 5 23 5 6 23 0 4 5 1 66 5 2 66 5 3 66 5 4 66 0 4 3 2 29 3 3 29 3 4 29 3 7 29 1 4 2 11 3 11 4 11 6 11 1 4 1 62 3 62 5 62 7 62 1 4 1 94 3 94 4 94 5 94 
20 0 8 1 3 41 3 3 41 1 4 41 3 4 41 1 5 41 3 5 41 1 6 41 3 6 41 0 4 2 1 90 2 2 90 2 4 90 2 5 90 0 4 1 3 63 1 4 63 1 5 63 1 7 63 0 4 1 2 45 1 4 45 1 5 45 1 6 45 1 4 4 91 5 91 6 91 7 91 0 4 3 1 73 3 2 73 3 4 73 3 7 73 0 4 5 3 31 5 4 31 5 6 31 5 7 31 0 4 4 3 97 4 4 97 4 5 97 4 7 97 0 4 5 1 11 5 3 11 5 4 11 5 5 11 1 4 1 20 5 20 6 20 7 20 0 4 4 1 90 4 3 90 4 5 90 4 6 90 0 8 2 1 21 4 1 21 2 2 21 4 2 21 2 5 21 4 5 21 2 7 21 4 7 21 0 4 2 2 78 2 3 78 2 5 78 2 7 78 0 4 5 1 37 5 3 37 5 4 37 5 7 37 0 4 5 1 68 5 2 68 5 5 68 5 6 68 0 8 1 1 48 2 1 48 1 2 48 2 2 48 1 4 48 2 4 48 1 5 48 2 5 48 0 4 4 1 55 4 2 55 4 3 55 4 6 55 1 4 1 38 2 38 5 38 6 38 0 8 2 1 49 5 1 49 2 2 49 5 2 49 2 3 49 5 3 49 2 6 49 5 6 49 0 4 2 1 69 2 2 69 2 5 69 2 7 69 
23 0 4 3 3 73 3 5 73 3 6 73 3 7 73 0 4 1 2 80 1 3 80 1 6 80 1 7 80 0 8 3 1 83 4 1 83 3 4 83 4 4 83 3 6 83 4 6 83 3 7 83 4 7 83 0 4 5 1 39 5 3 39 5 6 39 5 7 39 0 4 5 1 98 5 3 98 5 4 98 5 6 98 0 4 5 1 71 5 2 71 5 3 71 5 4 71 0 4 2 1 24 2 2 24 2 3 24 2 5 24 0 4 2 1 89 2 3 89 2 4 89 2 6 89 0 4 3 1 73 3 2 73 3 3 73 3 5 73 0 4 4 2 44 4 3 44 4 5 44 4 6 44 0 4 3 4 61 3 5 61 3 6 61 3 7 61 0 8 1 1 53 5 1 53 1 2 53 5 2 53 1 6 53 5 6 53 1 7 53 5 7 53 0 4 1 1 35 1 3 35 1 5 35 1 6 35 0 4 1 1 95 1 4 95 1 6 95 1 7 95 0 4 1 1 33 1 4 33 1 5 33 1 7 33 0 4 5 1 59 5 2 59 5 4 59 5 6 59 0 4 2 2 68 2 4 68 2 5 68 2 7 68 0 4 5 1 61 5 2 61 5 6 61 5 7 61 0 4 1 2 56 1 3 56 1 5 56 1 7 56 0 4 2 4 28 2 5 28 2 6 28 2 7 28 0 4 4 2 18 4 3 18 4 4 18 4 5 18 0 4 4 1 35 4 2 35 4 4 35 4 5 35 0 4 1 2 73 1 4 73 1 5 73 1 7 73 
18 0 8 3 1 78 4 1 78 3 4 78 4 4 78 3 5 78 4 5 78 3 6 78 4 6 78 0 4 3 1 70 3 2 70 3 4 70 3 6 70 0 4 2 2 65 2 4 65 2 5 65 2 6 65 0 4 1 1 44 1 2 44 1 6 44 1 7 44 0 4 1 4 56 1 5 56 1 6 56 1 7 56 0 4 3 1 60 3 3 60 3 4 60 3 7 60 0 4 3 2 69 3 4 69 3 5 69 3 6 69 0 4 2 1 94 2 2 94 2 4 94 2 5 94 0 4 1 1 28 1 4 28 1 6 28 1 7 28 0 4 3 3 63 3 4 63 3 5 63 3 6 63 0 4 4 1 17 4 3 17 4 6 17 4 7 17 0 4 3 1 61 3 3 61 3 4 61 3 5 61 0 4 2 1 34 2 2 34 2 5 34 2 6 34 0 4 1 1 96 1 4 96 1 5 96 1 7 96 0 4 4 1 31 4 2 31 4 4 31 4 7 31 0 4 2 1 82 2 3 82 2 4 82 2 6 82 0 4 5 1 40 5 2 40 5 6 40 5 7 40 0 8 1 1 63 2 1 63 1 3 63 2 3 63 1 5 63 2 5 63 1 6 63 2 6 63 
21 0 4 2 3 95 2 4 95 2 5 95 2 6 95 0 4 2 2 68 2 3 68 2 4 68 2 7 68 0 4 4 2 91 4 3 91 4 4 91 4 6 91 0 8 2 3 43 4 3 43 2 4 43 4 4 43 2 5 43 4 5 43 2 7 43 4 7 43 0 4 3 1 32 3 2 32 3 3 32 3 6 32 0 8 2 1 54 5 1 54 2 2 54 5 2 54 2 3 54 5 3 54 2 7 54 5 7 54 0 8 3 1 92 4 1 92 3 2 92 4 2 92 3 5 92 4 5 92 3 6 92 4 6 92 0 4 2 2 40 2 3 40 2 4 40 2 7 40 0 4 3 1 84 3 2 84 3 4 84 3 5 84 0 4 3 1 38 3 4 38 3 6 38 3 7 38 0 4 2 1 94 2 3 94 2 4 94 2 6 94 0 4 2 2 63 2 5 63 2 6 63 2 7 63 0 4 2 1 99 2 2 99 2 3 99 2 5 99 0 4 5 1 45 5 3 45 5 6 45 5 7 45 1 4 1 28 2 28 5 28 7 28 0 4 4 2 59 4 3 59 4 4 59 4 5 59 0 4 4 1 97 4 2 97 4 4 97 4 5 97 1 4 1 69 3 69 5 69 6 69 0 4 2 2 61 2 4 61 2 5 61 2 6 61 0 4 5 1 98 5 3 98 5 4 98 5 5 98 0 4 4 3 42 4 4 42 4 5 42 4 7 42 
15 0 4 4 1 100 4 2 100 4 4 100 4 6 100 0 8 2 2 68 5 2 68 2 4 68 5 4 68 2 5 68 5 5 68 2 7 68 5 7 68 0 8 2 1 83 5 1 83 2 4 83 5 4 83 2 6 83 5 6 83 2 7 83 5 7 83 0 8 3 1 69 5 1 69 3 2 69 5 2 69 3 4 69 5 4 69 3 5 69 5 5 69 0 4 5 1 17 5 3 17 5 4 17 5 5 17 0 4 5 2 26 5 3 26 5 5 26 5 7 26 0 4 2 1 29 2 2 29 2 3 29 2 4 29 0 4 3 2 20 3 3 20 3 5 20 3 7 20 0 4 3 1 100 3 2 100 3 3 100 3 7 100 1 4 2 87 4 87 5 87 6 87 0 4 1 1 67 1 2 67 1 3 67 1 4 67 0 4 3 1 16 3 2 16 3 5 16 3 7 16 0 4 4 1 86 4 3 86 4 4 86 4 7 86 0 4 1 2 36 1 3 36 1 5 36 1 7 36 0 4 5 2 73 5 4 73 5 6 73 5 7 73 
17 0 4 3 2 41 3 4 41 3 6 41 3 7 41 0 4 3 2 100 3 3 100 3 6 100 3 7 100 1 4 2 23 5 23 6 23 7 23 0 4 2 1 33 2 4 33 2 5 33 2 7 33 0 4 1 1 92 1 3 92 1 5 92 1 6 92 0 4 4 1 74 4 3 74 4 5 74 4 7 74 0 4 2 1 90 2 2 90 2 6 90 2 7 90 0 4 1 1 49 1 3 49 1 6 49 1 7 49 1 4 1 34 4 34 6 34 7 34 0 4 1 1 47 1 4 47 1 5 47 1 6 47 0 4 4 1 62 4 4 62 4 5 62 4 6 62 0 4 1 1 59 1 4 59 1 5 59 1 7 59 0 4 1 1 98 1 2 98 1 4 98 1 7 98 0 4 4 2 73 4 3 73 4 4 73 4 6 73 0 4 2 1 79 2 3 79 2 4 79 2 5 79 0 4 1 1 10 1 2 10 1 3 10 1 5 10 1 4 3 32 4 32 6 32 7 32 
25 0 4 3 2 55 3 3 55 3 6 55 3 7 55 0 4 2 2 53 2 3 53 2 4 53 2 7 53 0 4 4 2 19 4 4 19 4 5 19 4 7 19 1 4 2 55 3 55 5 55 6 55 0 4 2 1 88 2 3 88 2 4 88 2 6 88 0 4 5 3 46 5 4 46 5 5 46 5 6 46 0 8 2 2 73 5 2 73 2 4 73 5 4 73 2 5 73 5 5 73 2 6 73 5 6 73 0 8 2 1 30 5 1 30 2 4 30 5 4 30 2 5 30 5 5 30 2 7 30 5 7 30 0 4 2 1 48 2 2 48 2 6 48 2 7 48 0 4 2 1 50 2 2 50 2 3 50 2 4 50 0 4 5 2 37 5 4 37 5 5 37 5 6 37 0 4 2 2 75 2 3 75 2 4 75 2 7 75 1 4 3 36 5 36 6 36 7 36 0 4 1 1 71 1 3 71 1 4 71 1 7 71 1 4 1 66 2 66 5 66 6 66 0 4 4 1 39 4 2 39 4 3 39 4 5 39 0 8 1 1 17 2 1 17 1 3 17 2 3 17 1 5 17 2 5 17 1 6 17 2 6 17 0 4 4 1 30 4 2 30 4 3 30 4 7 30 0 4 4 1 42 4 2 42 4 4 42 4 7 42 0 4 1 2 94 1 3 94 1 4 94 1 7 94 0 4 5 3 59 5 4 59 5 5 59 5 6 59 0 4 2 3 36 2 4 36 2 5 36 2 7 36 0 4 5 1 68 5 4 68 5 5 68 5 7 68 0 4 3 1 21 3 4 21 3 5 21 3 7 21 0 4 4 2 25 4 4 25 4 6 25 4 7 25 
23 0 8 4 3 65 5 3 65 4 5 65 5 5 65 4 6 65 5 6 65 4 7 65 5 7 65 0 4 3 1 58 3 3 58 3 4 58 3 7 58 0 4 5 1 65 5 2 65 5 4 65 5 6 65 0 4 5 1 36 5 5 36 5 6 36 5 7 36 0 4 1 1 45 1 4 45 1 5 45 1 6 45 0 4 1 2 82 1 4 82 1 5 82 1 6 82 0 8 3 1 42 4 1 42 3 2 42 4 2 42 3 5 42 4 5 42 3 7 42 4 7 42 0 4 4 1 82 4 4 82 4 5 82 4 6 82 1 4 1 51 3 51 4 51 6 51 0 4 4 1 75 4 2 75 4 4 75 4 5 75 1 4 1 35 2 35 3 35 4 35 1 4 2 78 4 78 5 78 6 78 0 4 2 1 43 2 4 43 2 5 43 2 6 43 0 4 3 1 77 3 2 77 3 4 77 3 7 77 0 8 3 1 42 5 1 42 3 4 42 5 4 42 3 5 42 5 5 42 3 7 42 5 7 42 0 4 2 1 18 2 2 18 2 3 18 2 6 18 0 4 1 3 63 1 5 63 1 6 63 1 7 63 0 4 1 1 99 1 2 99 1 5 99 1 6 99 0 4 4 2 16 4 4 16 4 5 16 4 6 16 0 4 3 2 34 3 5 34 3 6 34 3 7 34 0 8 3 1 99 4 1 99 3 2 99 4 2 99 3 6 99 4 6 99 3 7 99 4 7 99 0 4 5 1 87 5 2 87 5 3 87 5 6 87 0 4 1 1 46 1 2 46 1 5 46 1 7 46 
19 0 4 4 2 81 4 4 81 4 6 81 4 7 81 0 4 2 2 41 2 3 41 2 5 41 2 7 41 0 4 1 1 58 1 4 58 1 5 58 1 6 58 0 4 5 1 57 5 3 57 5 6 57 5 7 57 0 4 3 1 30 3 3 30 3 4 30 3 7 30 0 4 5 2 60 5 3 60 5 4 60 5 5 60 0 4 2 2 52 2 3 52 2 5 52 2 7 52 1 4 2 92 5 92 6 92 7 92 1 4 3 32 4 32 6 32 7 32 1 4 2 80 3 80 5 80 6 80 0 4 3 1 42 3 5 42 3 6 42 3 7 42 0 4 2 1 33 2 2 33 2 5 33 2 7 33 0 4 1 1 40 1 5 40 1 6 40 1 7 40 0 4 4 1 80 4 3 80 4 4 80 4 7 80 0 4 1 1 72 1 2 72 1 4 72 1 6 72 0 4 4 1 64 4 2 64 4 3 64 4 4 64 0 4 5 1 77 5 2 77 5 4 77 5 5 77 0 4 3 3 23 3 4 23 3 5 23 3 6 23 0 4 4 1 50 4 5 50 4 6 50 4 7 50 
