15 8 10
15 0 10 2 1 27 4 1 27 2 5 27 4 5 27 2 6 27 4 6 27 2 8 27 4 8 27 2 9 27 4 9 27 0 30 1 2 64 2 2 62 3 2 64 5 2 59 6 2 60 7 2 66 1 3 64 2 3 62 3 3 64 5 3 59 6 3 60 7 3 66 1 6 64 2 6 62 3 6 64 5 6 59 6 6 60 7 6 66 1 9 64 2 9 62 3 9 64 5 9 59 6 9 60 7 9 66 1 10 64 2 10 62 3 10 64 5 10 59 6 10 60 7 10 66 0 10 2 1 32 3 1 35 2 3 32 3 3 35 2 4 32 3 4 35 2 6 32 3 6 35 2 8 32 3 8 35 0 20 1 2 80 2 2 75 4 2 80 7 2 83 1 5 80 2 5 75 4 5 80 7 5 83 1 6 80 2 6 75 4 6 80 7 6 83 1 8 80 2 8 75 4 8 80 7 8 83 1 9 80 2 9 75 4 9 80 7 9 83 0 20 2 3 26 4 3 26 5 3 24 8 3 27 2 5 26 4 5 26 5 5 24 8 5 27 2 8 26 4 8 26 5 8 24 8 8 27 2 9 26 4 9 26 5 9 24 8 9 27 2 10 26 4 10 26 5 10 24 8 10 27 0 25 1 4 65 4 4 64 5 4 61 6 4 63 8 4 62 1 5 65 4 5 64 5 5 61 6 5 63 8 5 62 1 6 65 4 6 64 5 6 61 6 6 63 8 6 62 1 7 65 4 7 64 5 7 61 6 7 63 8 7 62 1 9 65 4 9 64 5 9 61 6 9 63 8 9 62 0 10 2 1 35 5 1 32 2 4 35 5 4 32 2 6 35 5 6 32 2 8 35 5 8 32 2 9 35 5 9 32 0 15 1 4 16 2 4 16 8 4 13 1 5 16 2 5 16 8 5 13 1 6 16 2 6 16 8 6 13 1 7 16 2 7 16 8 7 13 1 9 16 2 9 16 8 9 13 0 30 1 4 61 2 4 62 3 4 58 5 4 59 7 4 64 8 4 61 1 5 61 2 5 62 3 5 58 5 5 59 7 5 64 8 5 61 1 6 61 2 6 62 3 6 58 5 6 59 7 6 64 8 6 61 1 9 61 2 9 62 3 9 58 5 9 59 7 9 64 8 9 61 1 10 61 2 10 62 3 10 58 5 10 59 7 10 64 8 10 61 0 25 1 1 95 2 1 90 4 1 90 6 1 85 8 1 87 1 2 95 2 2 90 4 2 90 6 2 85 8 2 87 1 3 95 2 3 90 4 3 90 6 3 85 8 3 87 1 5 95 2 5 90 4 5 90 6 5 85 8 5 87 1 9 95 2 9 90 4 9 90 6 9 85 8 9 87 0 35 1 1 42 2 1 42 3 1 42 4 1 42 5 1 42 7 1 44 8 1 38 1 2 42 2 2 42 3 2 42 4 2 42 5 2 42 7 2 44 8 2 38 1 3 42 2 3 42 3 3 42 4 3 42 5 3 42 7 3 44 8 3 38 1 5 42 2 5 42 3 5 42 4 5 42 5 5 42 7 5 44 8 5 38 1 9 42 2 9 42 3 9 42 4 9 42 5 9 42 7 9 44 8 9 38 0 10 3 1 91 4 1 84 3 4 91 4 4 84 3 8 91 4 8 84 3 9 91 4 9 84 3 10 91 4 10 84 0 10 4 1 67 7 1 60 4 2 67 7 2 60 4 4 67 7 4 60 4 7 67 7 7 60 4 10 67 7 10 60 0 30 1 2 47 2 2 47 3 2 46 4 2 49 5 2 46 7 2 46 1 4 47 2 4 47 3 4 46 4 4 49 5 4 46 7 4 46 1 7 47 2 7 47 3 7 46 4 7 49 5 7 46 7 7 46 1 9 47 2 9 47 3 9 46 4 9 49 5 9 46 7 9 46 1 10 47 2 10 47 3 10 46 4 10 49 5 10 46 7 10 46 0 20 3 1 87 6 1 84 7 1 87 8 1 88 3 2 87 6 2 84 7 2 87 8 2 88 3 3 87 6 3 84 7 3 87 8 3 88 3 7 87 6 7 84 7 7 87 8 7 88 3 10 87 6 10 84 7 10 87 8 10 88 
20 0 30 1 1 73 2 1 74 3 1 66 4 1 68 7 1 75 8 1 68 1 2 73 2 2 74 3 2 66 4 2 68 7 2 75 8 2 68 1 4 73 2 4 74 3 4 66 4 4 68 7 4 75 8 4 68 1 7 73 2 7 74 3 7 66 4 7 68 7 7 75 8 7 68 1 8 73 2 8 74 3 8 66 4 8 68 7 8 75 8 8 68 0 20 1 1 33 2 1 33 3 1 33 5 1 33 1 2 33 2 2 33 3 2 33 5 2 33 1 7 33 2 7 33 3 7 33 5 7 33 1 8 33 2 8 33 3 8 33 5 8 33 1 9 33 2 9 33 3 9 33 5 9 33 0 15 1 2 94 4 2 94 6 2 92 1 3 94 4 3 94 6 3 92 1 4 94 4 4 94 6 4 92 1 9 94 4 9 94 6 9 92 1 10 94 4 10 94 6 10 92 0 25 1 3 16 2 3 16 3 3 16 6 3 18 8 3 19 1 4 16 2 4 16 3 4 16 6 4 18 8 4 19 1 5 16 2 5 16 3 5 16 6 5 18 8 5 19 1 6 16 2 6 16 3 6 16 6 6 18 8 6 19 1 7 16 2 7 16 3 7 16 6 7 18 8 7 19 0 20 3 1 24 6 1 26 7 1 26 8 1 19 3 2 24 6 2 26 7 2 26 8 2 19 3 8 24 6 8 26 7 8 26 8 8 19 3 9 24 6 9 26 7 9 26 8 9 19 3 10 24 6 10 26 7 10 26 8 10 19 0 30 1 2 91 2 2 90 4 2 90 5 2 88 6 2 83 8 2 86 1 5 91 2 5 90 4 5 90 5 5 88 6 5 83 8 5 86 1 6 91 2 6 90 4 6 90 5 6 88 6 6 83 8 6 86 1 7 91 2 7 90 4 7 90 5 7 88 6 7 83 8 7 86 1 10 91 2 10 90 4 10 90 5 10 88 6 10 83 8 10 86 1 5 1 20 2 20 4 20 6 20 8 20 0 20 1 2 73 3 2 71 4 2 77 8 2 73 1 3 73 3 3 71 4 3 77 8 3 73 1 7 73 3 7 71 4 7 77 8 7 73 1 8 73 3 8 71 4 8 77 8 8 73 1 9 73 3 9 71 4 9 77 8 9 73 0 10 1 2 39 5 2 39 1 6 39 5 6 39 1 7 39 5 7 39 1 8 39 5 8 39 1 9 39 5 9 39 0 25 3 1 67 5 1 64 6 1 67 7 1 64 8 1 68 3 3 67 5 3 64 6 3 67 7 3 64 8 3 68 3 5 67 5 5 64 6 5 67 7 5 64 8 5 68 3 8 67 5 8 64 6 8 67 7 8 64 8 8 68 3 9 67 5 9 64 6 9 67 7 9 64 8 9 68 0 15 5 2 47 6 2 49 8 2 49 5 3 47 6 3 49 8 3 49 5 8 47 6 8 49 8 8 49 5 9 47 6 9 49 8 9 49 5 10 47 6 10 49 8 10 49 0 15 2 3 53 5 3 51 7 3 57 2 6 53 5 6 51 7 6 57 2 7 53 5 7 51 7 7 57 2 8 53 5 8 51 7 8 57 2 10 53 5 10 51 7 10 57 0 25 1 1 40 3 1 45 4 1 40 6 1 40 7 1 37 1 2 40 3 2 45 4 2 40 6 2 40 7 2 37 1 4 40 3 4 45 4 4 40 6 4 40 7 4 37 1 8 40 3 8 45 4 8 40 6 8 40 7 8 37 1 9 40 3 9 45 4 9 40 6 9 40 7 9 37 0 35 1 3 50 2 3 47 3 3 50 4 3 45 5 3 50 6 3 49 8 3 55 1 4 50 2 4 47 3 4 50 4 4 45 5 4 50 6 4 49 8 4 55 1 5 50 2 5 47 3 5 50 4 5 45 5 5 50 6 5 49 8 5 55 1 7 50 2 7 47 3 7 50 4 7 45 5 7 50 6 7 49 8 7 55 1 8 50 2 8 47 3 8 50 4 8 45 5 8 50 6 8 49 8 8 55 0 20 2 3 68 5 3 67 6 3 67 8 3 65 2 4 68 5 4 67 6 4 67 8 4 65 2 6 68 5 6 67 6 6 67 8 6 65 2 8 68 5 8 67 6 8 67 8 8 65 2 10 68 5 10 67 6 10 67 8 10 65 0 20 4 4 67 5 4 73 6 4 68 7 4 68 4 5 67 5 5 73 6 5 68 7 5 68 4 8 67 5 8 73 6 8 68 7 8 68 4 9 67 5 9 73 6 9 68 7 9 68 4 10 67 5 10 73 6 10 68 7 10 68 0 10 4 2 77 6 2 74 4 3 77 6 3 74 4 6 77 6 6 74 4 8 77 6 8 74 4 9 77 6 9 74 1 5 2 81 3 81 5 81 8 81 10 81 0 30 2 2 38 3 2 41 5 2 38 6 2 41 7 2 41 8 2 41 2 3 38 3 3 41 5 3 38 6 3 41 7 3 41 8 3 41 2 6 38 3 6 41 5 6 38 6 6 41 7 6 41 8 6 41 2 7 38 3 7 41 5 7 38 6 7 41 7 7 41 8 7 41 2 9 38 3 9 41 5 9 38 6 9 41 7 9 41 8 9 41 0 25 1 1 96 2 1 89 3 1 94 6 1 94 8 1 98 1 4 96 2 4 89 3 4 94 6 4 94 8 4 98 1 6 96 2 6 89 3 6 94 6 6 94 8 6 98 1 8 96 2 8 89 3 8 94 6 8 94 8 8 98 1 9 96 2 9 89 3 9 94 6 9 94 8 9 98 
23 0 15 4 1 69 6 1 67 8 1 67 4 4 69 6 4 67 8 4 67 4 5 69 6 5 67 8 5 67 4 7 69 6 7 67 8 7 67 4 10 69 6 10 67 8 10 67 0 25 1 2 27 2 2 23 3 2 27 6 2 27 7 2 27 1 6 27 2 6 23 3 6 27 6 6 27 7 6 27 1 7 27 2 7 23 3 7 27 6 7 27 7 7 27 1 8 27 2 8 23 3 8 27 6 8 27 7 8 27 1 9 27 2 9 23 3 9 27 6 9 27 7 9 27 0 25 1 2 85 2 2 88 3 2 82 6 2 85 7 2 83 1 5 85 2 5 88 3 5 82 6 5 85 7 5 83 1 7 85 2 7 88 3 7 82 6 7 85 7 7 83 1 8 85 2 8 88 3 8 82 6 8 85 7 8 83 1 9 85 2 9 88 3 9 82 6 9 85 7 9 83 0 25 1 1 69 2 1 75 3 1 71 6 1 74 7 1 67 1 5 69 2 5 75 3 5 71 6 5 74 7 5 67 1 6 69 2 6 75 3 6 71 6 6 74 7 6 67 1 8 69 2 8 75 3 8 71 6 8 74 7 8 67 1 9 69 2 9 75 3 9 71 6 9 74 7 9 67 0 25 1 2 41 2 2 45 3 2 49 4 2 45 7 2 43 1 5 41 2 5 45 3 5 49 4 5 45 7 5 43 1 6 41 2 6 45 3 6 49 4 6 45 7 6 43 1 8 41 2 8 45 3 8 49 4 8 45 7 8 43 1 9 41 2 9 45 3 9 49 4 9 45 7 9 43 0 10 1 2 60 5 2 56 1 4 60 5 4 56 1 5 60 5 5 56 1 6 60 5 6 56 1 8 60 5 8 56 0 15 1 1 56 3 1 53 4 1 58 1 2 56 3 2 53 4 2 58 1 4 56 3 4 53 4 4 58 1 6 56 3 6 53 4 6 58 1 8 56 3 8 53 4 8 58 0 20 2 1 41 3 1 32 4 1 39 5 1 32 2 2 41 3 2 32 4 2 39 5 2 32 2 4 41 3 4 32 4 4 39 5 4 32 2 5 41 3 5 32 4 5 39 5 5 32 2 6 41 3 6 32 4 6 39 5 6 32 0 15 5 1 94 6 1 90 7 1 88 5 4 94 6 4 90 7 4 88 5 5 94 6 5 90 7 5 88 5 8 94 6 8 90 7 8 88 5 9 94 6 9 90 7 9 88 1 5 3 36 6 36 7 36 8 36 10 36 0 10 2 1 55 6 1 55 2 2 55 6 2 55 2 3 55 6 3 55 2 7 55 6 7 55 2 8 55 6 8 55 0 20 3 1 67 5 1 64 7 1 67 8 1 67 3 2 67 5 2 64 7 2 67 8 2 67 3 4 67 5 4 64 7 4 67 8 4 67 3 6 67 5 6 64 7 6 67 8 6 67 3 8 67 5 8 64 7 8 67 8 8 67 0 15 4 1 62 5 1 65 8 1 64 4 2 62 5 2 65 8 2 64 4 4 62 5 4 65 8 4 64 4 6 62 5 6 65 8 6 64 4 10 62 5 10 65 8 10 64 0 30 2 2 56 3 2 59 5 2 56 6 2 53 7 2 58 8 2 53 2 3 56 3 3 59 5 3 56 6 3 53 7 3 58 8 3 53 2 6 56 3 6 59 5 6 56 6 6 53 7 6 58 8 6 53 2 7 56 3 7 59 5 7 56 6 7 53 7 7 58 8 7 53 2 8 56 3 8 59 5 8 56 6 8 53 7 8 58 8 8 53 0 5 7 1 31 7 4 31 7 5 31 7 8 31 7 9 31 1 5 1 22 6 22 7 22 9 22 10 22 0 20 1 2 36 2 2 37 4 2 40 7 2 32 1 4 36 2 4 37 4 4 40 7 4 32 1 6 36 2 6 37 4 6 40 7 6 32 1 8 36 2 8 37 4 8 40 7 8 32 1 9 36 2 9 37 4 9 40 7 9 32 0 30 1 3 73 3 3 71 4 3 71 5 3 70 6 3 71 7 3 71 1 5 73 3 5 71 4 5 71 5 5 70 6 5 71 7 5 71 1 6 73 3 6 71 4 6 71 5 6 70 6 6 71 7 6 71 1 7 73 3 7 71 4 7 71 5 7 70 6 7 71 7 7 71 1 10 73 3 10 71 4 10 71 5 10 70 6 10 71 7 10 71 0 35 1 1 79 2 1 76 3 1 81 4 1 75 5 1 74 7 1 77 8 1 76 1 2 79 2 2 76 3 2 81 4 2 75 5 2 74 7 2 77 8 2 76 1 5 79 2 5 76 3 5 81 4 5 75 5 5 74 7 5 77 8 5 76 1 6 79 2 6 76 3 6 81 4 6 75 5 6 74 7 6 77 8 6 76 1 7 79 2 7 76 3 7 81 4 7 75 5 7 74 7 7 77 8 7 76 0 5 8 1 70 8 2 70 8 4 70 8 8 70 8 10 70 0 30 1 3 60 2 3 64 3 3 68 4 3 66 5 3 66 6 3 64 1 4 60 2 4 64 3 4 68 4 4 66 5 4 66 6 4 64 1 6 60 2 6 64 3 6 68 4 6 66 5 6 66 6 6 64 1 7 60 2 7 64 3 7 68 4 7 66 5 7 66 6 7 64 1 10 60 2 10 64 3 10 68 4 10 66 5 10 66 6 10 64 0 25 1 1 49 4 1 45 6 1 44 7 1 45 8 1 43 1 3 49 4 3 45 6 3 44 7 3 45 8 3 43 1 6 49 4 6 45 6 6 44 7 6 45 8 6 43 1 7 49 4 7 45 6 7 44 7 7 45 8 7 43 1 9 49 4 9 45 6 9 44 7 9 45 8 9 43 0 30 1 1 58 2 1 60 3 1 57 4 1 59 5 1 56 8 1 54 1 3 58 2 3 60 3 3 57 4 3 59 5 3 56 8 3 54 1 4 58 2 4 60 3 4 57 4 4 59 5 4 56 8 4 54 1 7 58 2 7 60 3 7 57 4 7 59 5 7 56 8 7 54 1 8 58 2 8 60 3 8 57 4 8 59 5 8 56 8 8 54 
18 0 20 3 1 62 5 1 60 6 1 56 7 1 59 3 3 62 5 3 60 6 3 56 7 3 59 3 5 62 5 5 60 6 5 56 7 5 59 3 8 62 5 8 60 6 8 56 7 8 59 3 9 62 5 9 60 6 9 56 7 9 59 0 15 2 3 70 4 3 68 7 3 72 2 4 70 4 4 68 7 4 72 2 6 70 4 6 68 7 6 72 2 7 70 4 7 68 7 7 72 2 9 70 4 9 68 7 9 72 1 5 2 90 3 90 5 90 8 90 9 90 0 35 1 3 28 2 3 36 3 3 29 4 3 33 6 3 31 7 3 31 8 3 29 1 5 28 2 5 36 3 5 29 4 5 33 6 5 31 7 5 31 8 5 29 1 6 28 2 6 36 3 6 29 4 6 33 6 6 31 7 6 31 8 6 29 1 9 28 2 9 36 3 9 29 4 9 33 6 9 31 7 9 31 8 9 29 1 10 28 2 10 36 3 10 29 4 10 33 6 10 31 7 10 31 8 10 29 0 5 5 1 66 5 4 66 5 8 66 5 9 66 5 10 66 0 5 1 3 26 1 4 26 1 6 26 1 8 26 1 9 26 0 20 1 4 61 2 4 57 4 4 61 8 4 61 1 5 61 2 5 57 4 5 61 8 5 61 1 8 61 2 8 57 4 8 61 8 8 61 1 9 61 2 9 57 4 9 61 8 9 61 1 10 61 2 10 57 4 10 61 8 10 61 0 15 5 1 32 7 1 33 8 1 39 5 3 32 7 3 33 8 3 39 5 8 32 7 8 33 8 8 39 5 9 32 7 9 33 8 9 39 5 10 32 7 10 33 8 10 39 0 20 3 3 91 5 3 91 7 3 92 8 3 91 3 4 91 5 4 91 7 4 92 8 4 91 3 5 91 5 5 91 7 5 92 8 5 91 3 7 91 5 7 91 7 7 92 8 7 91 3 9 91 5 9 91 7 9 92 8 9 91 0 25 1 2 33 3 2 36 5 2 33 6 2 34 7 2 29 1 4 33 3 4 36 5 4 33 6 4 34 7 4 29 1 5 33 3 5 36 5 5 33 6 5 34 7 5 29 1 8 33 3 8 36 5 8 33 6 8 34 7 8 29 1 9 33 3 9 36 5 9 33 6 9 34 7 9 29 0 25 1 3 79 2 3 79 4 3 75 7 3 79 8 3 75 1 6 79 2 6 79 4 6 75 7 6 79 8 6 75 1 7 79 2 7 79 4 7 75 7 7 79 8 7 75 1 9 79 2 9 79 4 9 75 7 9 79 8 9 75 1 10 79 2 10 79 4 10 75 7 10 79 8 10 75 0 10 6 1 42 8 1 44 6 2 42 8 2 44 6 6 42 8 6 44 6 7 42 8 7 44 6 10 42 8 10 44 0 15 1 1 59 7 1 59 8 1 65 1 4 59 7 4 59 8 4 65 1 5 59 7 5 59 8 5 65 1 8 59 7 8 59 8 8 65 1 10 59 7 10 59 8 10 65 0 25 1 3 91 2 3 89 5 3 91 7 3 91 8 3 91 1 7 91 2 7 89 5 7 91 7 7 91 8 7 91 1 8 91 2 8 89 5 8 91 7 8 91 8 8 91 1 9 91 2 9 89 5 9 91 7 9 91 8 9 91 1 10 91 2 10 89 5 10 91 7 10 91 8 10 91 0 5 5 2 66 5 3 66 5 5 66 5 8 66 5 10 66 1 5 3 82 4 82 7 82 9 82 10 82 0 15 5 1 45 6 1 44 8 1 44 5 3 45 6 3 44 8 3 44 5 4 45 6 4 44 8 4 44 5 6 45 6 6 44 8 6 44 5 9 45 6 9 44 8 9 44 0 20 1 3 38 3 3 34 5 3 34 8 3 34 1 4 38 3 4 34 5 4 34 8 4 34 1 6 38 3 6 34 5 6 34 8 6 34 1 7 38 3 7 34 5 7 34 8 7 34 1 9 38 3 9 34 5 9 34 8 9 34 
21 0 25 1 2 54 3 2 49 5 2 54 6 2 54 7 2 50 1 4 54 3 4 49 5 4 54 6 4 54 7 4 50 1 5 54 3 5 49 5 5 54 6 5 54 7 5 50 1 7 54 3 7 49 5 7 54 6 7 54 7 7 50 1 8 54 3 8 49 5 8 54 6 8 54 7 8 50 0 30 1 2 92 2 2 88 3 2 86 6 2 87 7 2 85 8 2 84 1 4 92 2 4 88 3 4 86 6 4 87 7 4 85 8 4 84 1 6 92 2 6 88 3 6 86 6 6 87 7 6 85 8 6 84 1 8 92 2 8 88 3 8 86 6 8 87 7 8 85 8 8 84 1 10 92 2 10 88 3 10 86 6 10 87 7 10 85 8 10 84 0 25 1 3 41 3 3 36 5 3 41 6 3 41 8 3 41 1 4 41 3 4 36 5 4 41 6 4 41 8 4 41 1 7 41 3 7 36 5 7 41 6 7 41 8 7 41 1 8 41 3 8 36 5 8 41 6 8 41 8 8 41 1 9 41 3 9 36 5 9 41 6 9 41 8 9 41 0 20 3 3 81 6 3 81 7 3 77 8 3 81 3 4 81 6 4 81 7 4 77 8 4 81 3 7 81 6 7 81 7 7 77 8 7 81 3 8 81 6 8 81 7 8 77 8 8 81 3 9 81 6 9 81 7 9 77 8 9 81 1 5 4 37 5 37 7 37 9 37 10 37 0 15 3 1 87 6 1 91 8 1 93 3 4 87 6 4 91 8 4 93 3 5 87 6 5 91 8 5 93 3 8 87 6 8 91 8 8 93 3 9 87 6 9 91 8 9 93 0 10 3 3 62 5 3 64 3 4 62 5 4 64 3 7 62 5 7 64 3 8 62 5 8 64 3 9 62 5 9 64 0 10 1 2 94 6 2 94 1 3 94 6 3 94 1 4 94 6 4 94 1 6 94 6 6 94 1 10 94 6 10 94 0 10 6 2 49 7 2 46 6 3 49 7 3 46 6 5 49 7 5 46 6 6 49 7 6 46 6 8 49 7 8 46 1 5 2 32 3 32 4 32 5 32 7 32 0 15 2 3 56 6 3 59 7 3 59 2 4 56 6 4 59 7 4 59 2 7 56 6 7 59 7 7 59 2 9 56 6 9 59 7 9 59 2 10 56 6 10 59 7 10 59 1 5 2 92 5 92 7 92 9 92 10 92 0 25 1 1 64 3 1 67 4 1 67 5 1 67 6 1 68 1 2 64 3 2 67 4 2 67 5 2 67 6 2 68 1 3 64 3 3 67 4 3 67 5 3 67 6 3 68 1 7 64 3 7 67 4 7 67 5 7 67 6 7 68 1 9 64 3 9 67 4 9 67 5 9 67 6 9 68 0 20 1 1 60 3 1 60 7 1 60 8 1 64 1 3 60 3 3 60 7 3 60 8 3 64 1 4 60 3 4 60 7 4 60 8 4 64 1 9 60 3 9 60 7 9 60 8 9 64 1 10 60 3 10 60 7 10 60 8 10 64 0 25 1 1 93 2 1 91 4 1 91 6 1 95 8 1 95 1 2 93 2 2 91 4 2 91 6 2 95 8 2 95 1 8 93 2 8 91 4 8 91 6 8 95 8 8 95 1 9 93 2 9 91 4 9 91 6 9 95 8 9 95 1 10 93 2 10 91 4 10 91 6 10 95 8 10 95 0 10 1 2 44 3 2 38 1 3 44 3 3 38 1 4 44 3 4 38 1 7 44 3 7 38 1 8 44 3 8 38 0 20 1 2 95 4 2 96 6 2 95 7 2 90 1 3 95 4 3 96 6 3 95 7 3 90 1 5 95 4 5 96 6 5 95 7 5 90 1 6 95 4 6 96 6 6 95 7 6 90 1 8 95 4 8 96 6 8 95 7 8 90 1 5 4 63 6 63 8 63 9 63 10 63 0 25 1 1 79 2 1 80 3 1 80 4 1 80 7 1 82 1 2 79 2 2 80 3 2 80 4 2 80 7 2 82 1 4 79 2 4 80 3 4 80 4 4 80 7 4 82 1 5 79 2 5 80 3 5 80 4 5 80 7 5 82 1 7 79 2 7 80 3 7 80 4 7 80 7 7 82 0 25 1 3 68 2 3 68 3 3 68 5 3 63 6 3 68 1 6 68 2 6 68 3 6 68 5 6 63 6 6 68 1 7 68 2 7 68 3 7 68 5 7 63 6 7 68 1 8 68 2 8 68 3 8 68 5 8 63 6 8 68 1 10 68 2 10 68 3 10 68 5 10 63 6 10 68 0 25 1 5 18 2 5 21 4 5 18 6 5 22 8 5 18 1 6 18 2 6 21 4 6 18 6 6 22 8 6 18 1 7 18 2 7 21 4 7 18 6 7 22 8 7 18 1 8 18 2 8 21 4 8 18 6 8 22 8 8 18 1 10 18 2 10 21 4 10 18 6 10 22 8 10 18 
15 0 15 1 2 30 3 2 30 7 2 30 1 3 30 3 3 30 7 3 30 1 4 30 3 4 30 7 4 30 1 7 30 3 7 30 7 7 30 1 10 30 3 10 30 7 10 30 0 30 1 1 34 3 1 37 5 1 27 6 1 32 7 1 27 8 1 32 1 4 34 3 4 37 5 4 27 6 4 32 7 4 27 8 4 32 1 6 34 3 6 37 5 6 27 6 6 32 7 6 27 8 6 32 1 9 34 3 9 37 5 9 27 6 9 32 7 9 27 8 9 32 1 10 34 3 10 37 5 10 27 6 10 32 7 10 27 8 10 32 0 20 1 2 28 2 2 19 4 2 29 6 2 27 1 3 28 2 3 19 4 3 29 6 3 27 1 6 28 2 6 19 4 6 29 6 6 27 1 9 28 2 9 19 4 9 29 6 9 27 1 10 28 2 10 19 4 10 29 6 10 27 0 20 2 3 95 3 3 95 6 3 95 8 3 92 2 6 95 3 6 95 6 6 95 8 6 92 2 8 95 3 8 95 6 8 95 8 8 92 2 9 95 3 9 95 6 9 95 8 9 92 2 10 95 3 10 95 6 10 95 8 10 92 0 15 3 2 83 5 2 84 7 2 84 3 4 83 5 4 84 7 4 84 3 6 83 5 6 84 7 6 84 3 8 83 5 8 84 7 8 84 3 9 83 5 9 84 7 9 84 0 10 3 2 66 4 2 61 3 4 66 4 4 61 3 7 66 4 7 61 3 8 66 4 8 61 3 9 66 4 9 61 0 20 3 1 24 4 1 18 5 1 18 8 1 15 3 5 24 4 5 18 5 5 18 8 5 15 3 6 24 4 6 18 5 6 18 8 6 15 3 8 24 4 8 18 5 8 18 8 8 15 3 9 24 4 9 18 5 9 18 8 9 15 0 35 1 4 82 2 4 83 3 4 82 4 4 83 5 4 83 6 4 83 8 4 83 1 5 82 2 5 83 3 5 82 4 5 83 5 5 83 6 5 83 8 5 83 1 8 82 2 8 83 3 8 82 4 8 83 5 8 83 6 8 83 8 8 83 1 9 82 2 9 83 3 9 82 4 9 83 5 9 83 6 9 83 8 9 83 1 10 82 2 10 83 3 10 82 4 10 83 5 10 83 6 10 83 8 10 83 0 15 2 2 35 4 2 38 8 2 38 2 4 35 4 4 38 8 4 38 2 5 35 4 5 38 8 5 38 2 7 35 4 7 38 8 7 38 2 10 35 4 10 38 8 10 38 0 15 2 1 74 3 1 68 5 1 74 2 3 74 3 3 68 5 3 74 2 7 74 3 7 68 5 7 74 2 9 74 3 9 68 5 9 74 2 10 74 3 10 68 5 10 74 0 25 1 1 47 2 1 43 4 1 48 5 1 42 7 1 45 1 2 47 2 2 43 4 2 48 5 2 42 7 2 45 1 5 47 2 5 43 4 5 48 5 5 42 7 5 45 1 7 47 2 7 43 4 7 48 5 7 42 7 7 45 1 8 47 2 8 43 4 8 48 5 8 42 7 8 45 0 30 1 2 91 3 2 95 5 2 95 6 2 92 7 2 98 8 2 95 1 3 91 3 3 95 5 3 95 6 3 92 7 3 98 8 3 95 1 4 91 3 4 95 5 4 95 6 4 92 7 4 98 8 4 95 1 7 91 3 7 95 5 7 95 6 7 92 7 7 98 8 7 95 1 8 91 3 8 95 5 8 95 6 8 92 7 8 98 8 8 95 1 5 2 30 4 30 7 30 9 30 10 30 0 20 2 1 35 3 1 37 5 1 35 8 1 35 2 4 35 3 4 37 5 4 35 8 4 35 2 5 35 3 5 37 5 5 35 8 5 35 2 7 35 3 7 37 5 7 35 8 7 35 2 9 35 3 9 37 5 9 35 8 9 35 0 25 3 2 88 4 2 87 6 2 89 7 2 87 8 2 88 3 3 88 4 3 87 6 3 89 7 3 87 8 3 88 3 7 88 4 7 87 6 7 89 7 7 87 8 7 88 3 8 88 4 8 87 6 8 89 7 8 87 8 8 88 3 10 88 4 10 87 6 10 89 7 10 87 8 10 88 
17 0 20 1 3 73 3 3 77 4 3 73 5 3 72 1 4 73 3 4 77 4 4 73 5 4 72 1 7 73 3 7 77 4 7 73 5 7 72 1 9 73 3 9 77 4 9 73 5 9 72 1 10 73 3 10 77 4 10 73 5 10 72 1 5 4 82 6 82 7 82 8 82 10 82 0 25 1 1 49 3 1 49 4 1 48 5 1 49 6 1 45 1 3 49 3 3 49 4 3 48 5 3 49 6 3 45 1 4 49 3 4 49 4 4 48 5 4 49 6 4 45 1 6 49 3 6 49 4 6 48 5 6 49 6 6 45 1 7 49 3 7 49 4 7 48 5 7 49 6 7 45 1 5 1 31 2 31 5 31 6 31 7 31 0 25 1 1 43 3 1 47 6 1 51 7 1 47 8 1 49 1 3 43 3 3 47 6 3 51 7 3 47 8 3 49 1 4 43 3 4 47 6 4 51 7 4 47 8 4 49 1 5 43 3 5 47 6 5 51 7 5 47 8 5 49 1 8 43 3 8 47 6 8 51 7 8 47 8 8 49 0 25 1 2 61 2 2 66 4 2 61 6 2 65 7 2 61 1 5 61 2 5 66 4 5 61 6 5 65 7 5 61 1 6 61 2 6 66 4 6 61 6 6 65 7 6 61 1 8 61 2 8 66 4 8 61 6 8 65 7 8 61 1 9 61 2 9 66 4 9 61 6 9 65 7 9 61 0 30 2 2 56 3 2 62 4 2 58 5 2 56 7 2 54 8 2 56 2 4 56 3 4 62 4 4 58 5 4 56 7 4 54 8 4 56 2 7 56 3 7 62 4 7 58 5 7 56 7 7 54 8 7 56 2 8 56 3 8 62 4 8 58 5 8 56 7 8 54 8 8 56 2 9 56 3 9 62 4 9 58 5 9 56 7 9 54 8 9 56 1 5 1 95 3 95 6 95 8 95 10 95 0 20 1 1 70 2 1 71 5 1 71 7 1 71 1 2 70 2 2 71 5 2 71 7 2 71 1 4 70 2 4 71 5 4 71 7 4 71 1 6 70 2 6 71 5 6 71 7 6 71 1 8 70 2 8 71 5 8 71 7 8 71 0 30 1 1 76 2 1 75 4 1 79 5 1 76 7 1 76 8 1 79 1 7 76 2 7 75 4 7 79 5 7 76 7 7 76 8 7 79 1 8 76 2 8 75 4 8 79 5 8 76 7 8 76 8 8 79 1 9 76 2 9 75 4 9 79 5 9 76 7 9 76 8 9 79 1 10 76 2 10 75 4 10 79 5 10 76 7 10 76 8 10 79 1 5 2 13 3 13 4 13 5 13 10 13 0 25 1 1 37 2 1 34 3 1 34 4 1 35 7 1 38 1 5 37 2 5 34 3 5 34 4 5 35 7 5 38 1 7 37 2 7 34 3 7 34 4 7 35 7 7 38 1 8 37 2 8 34 3 8 34 4 8 35 7 8 38 1 10 37 2 10 34 3 10 34 4 10 35 7 10 38 0 15 4 4 59 7 4 55 8 4 59 4 5 59 7 5 55 8 5 59 4 6 59 7 6 55 8 6 59 4 7 59 7 7 55 8 7 59 4 8 59 7 8 55 8 8 59 0 20 1 2 53 4 2 49 6 2 53 8 2 56 1 3 53 4 3 49 6 3 53 8 3 56 1 6 53 4 6 49 6 6 53 8 6 56 1 7 53 4 7 49 6 7 53 8 7 56 1 9 53 4 9 49 6 9 53 8 9 56 0 10 4 2 26 5 2 20 4 3 26 5 3 20 4 7 26 5 7 20 4 8 26 5 8 20 4 9 26 5 9 20 0 20 1 2 57 2 2 57 3 2 55 5 2 53 1 5 57 2 5 57 3 5 55 5 5 53 1 6 57 2 6 57 3 6 55 5 6 53 1 8 57 2 8 57 3 8 55 5 8 53 1 9 57 2 9 57 3 9 55 5 9 53 0 10 2 2 82 3 2 87 2 3 82 3 3 87 2 6 82 3 6 87 2 7 82 3 7 87 2 9 82 3 9 87 
25 0 10 4 3 48 8 3 45 4 4 48 8 4 45 4 5 48 8 5 45 4 7 48 8 7 45 4 8 48 8 8 45 0 30 1 1 71 2 1 67 4 1 75 5 1 71 6 1 75 7 1 69 1 3 71 2 3 67 4 3 75 5 3 71 6 3 75 7 3 69 1 4 71 2 4 67 4 4 75 5 4 71 6 4 75 7 4 69 1 8 71 2 8 67 4 8 75 5 8 71 6 8 75 7 8 69 1 9 71 2 9 67 4 9 75 5 9 71 6 9 75 7 9 69 0 25 2 1 33 3 1 30 4 1 31 7 1 35 8 1 33 2 2 33 3 2 30 4 2 31 7 2 35 8 2 33 2 7 33 3 7 30 4 7 31 7 7 35 8 7 33 2 9 33 3 9 30 4 9 31 7 9 35 8 9 33 2 10 33 3 10 30 4 10 31 7 10 35 8 10 33 0 15 2 2 44 4 2 48 6 2 52 2 6 44 4 6 48 6 6 52 2 7 44 4 7 48 6 7 52 2 8 44 4 8 48 6 8 52 2 10 44 4 10 48 6 10 52 0 20 1 3 48 6 3 50 7 3 51 8 3 55 1 5 48 6 5 50 7 5 51 8 5 55 1 6 48 6 6 50 7 6 51 8 6 55 1 7 48 6 7 50 7 7 51 8 7 55 1 9 48 6 9 50 7 9 51 8 9 55 0 15 4 2 43 5 2 34 8 2 39 4 6 43 5 6 34 8 6 39 4 7 43 5 7 34 8 7 39 4 9 43 5 9 34 8 9 39 4 10 43 5 10 34 8 10 39 1 5 1 68 2 68 5 68 7 68 9 68 0 15 3 1 40 4 1 38 6 1 34 3 3 40 4 3 38 6 3 34 3 6 40 4 6 38 6 6 34 3 7 40 4 7 38 6 7 34 3 9 40 4 9 38 6 9 34 0 15 4 3 69 5 3 66 7 3 69 4 4 69 5 4 66 7 4 69 4 6 69 5 6 66 7 6 69 4 7 69 5 7 66 7 7 69 4 10 69 5 10 66 7 10 69 0 15 1 4 63 4 4 65 6 4 69 1 5 63 4 5 65 6 5 69 1 6 63 4 6 65 6 6 69 1 7 63 4 7 65 6 7 69 1 8 63 4 8 65 6 8 69 1 5 3 40 5 40 7 40 9 40 10 40 0 25 1 1 26 2 1 22 3 1 16 6 1 26 8 1 24 1 2 26 2 2 22 3 2 16 6 2 26 8 2 24 1 4 26 2 4 22 3 4 16 6 4 26 8 4 24 1 6 26 2 6 22 3 6 16 6 6 26 8 6 24 1 8 26 2 8 22 3 8 16 6 8 26 8 8 24 0 15 3 1 33 5 1 33 7 1 33 3 3 33 5 3 33 7 3 33 3 4 33 5 4 33 7 4 33 3 5 33 5 5 33 7 5 33 3 6 33 5 6 33 7 6 33 0 20 1 3 43 2 3 42 4 3 43 5 3 44 1 4 43 2 4 42 4 4 43 5 4 44 1 6 43 2 6 42 4 6 43 5 6 44 1 8 43 2 8 42 4 8 43 5 8 44 1 10 43 2 10 42 4 10 43 5 10 44 0 10 3 1 90 8 1 87 3 2 90 8 2 87 3 6 90 8 6 87 3 8 90 8 8 87 3 9 90 8 9 87 0 20 1 2 58 2 2 53 5 2 62 7 2 58 1 3 58 2 3 53 5 3 62 7 3 58 1 4 58 2 4 53 5 4 62 7 4 58 1 5 58 2 5 53 5 5 62 7 5 58 1 10 58 2 10 53 5 10 62 7 10 58 0 15 1 1 41 4 1 37 7 1 38 1 3 41 4 3 37 7 3 38 1 4 41 4 4 37 7 4 38 1 5 41 4 5 37 7 5 38 1 6 41 4 6 37 7 6 38 0 25 1 3 67 4 3 67 6 3 72 7 3 65 8 3 65 1 5 67 4 5 67 6 5 72 7 5 65 8 5 65 1 6 67 4 6 67 6 6 72 7 6 65 8 6 65 1 9 67 4 9 67 6 9 72 7 9 65 8 9 65 1 10 67 4 10 67 6 10 72 7 10 65 8 10 65 0 25 1 1 29 2 1 27 3 1 25 4 1 30 7 1 25 1 2 29 2 2 27 3 2 25 4 2 30 7 2 25 1 5 29 2 5 27 3 5 25 4 5 30 7 5 25 1 7 29 2 7 27 3 7 25 4 7 30 7 7 25 1 9 29 2 9 27 3 9 25 4 9 30 7 9 25 0 30 1 3 29 2 3 27 5 3 29 6 3 26 7 3 29 8 3 29 1 5 29 2 5 27 5 5 29 6 5 26 7 5 29 8 5 29 1 6 29 2 6 27 5 6 29 6 6 26 7 6 29 8 6 29 1 8 29 2 8 27 5 8 29 6 8 26 7 8 29 8 8 29 1 10 29 2 10 27 5 10 29 6 10 26 7 10 29 8 10 29 0 15 1 2 65 2 2 63 6 2 64 1 4 65 2 4 63 6 4 64 1 6 65 2 6 63 6 6 64 1 7 65 2 7 63 6 7 64 1 9 65 2 9 63 6 9 64 0 15 3 1 58 4 1 57 6 1 56 3 3 58 4 3 57 6 3 56 3 5 58 4 5 57 6 5 56 3 6 58 4 6 57 6 6 56 3 9 58 4 9 57 6 9 56 0 20 2 3 62 3 3 68 5 3 62 8 3 62 2 4 62 3 4 68 5 4 62 8 4 62 2 6 62 3 6 68 5 6 62 8 6 62 2 7 62 3 7 68 5 7 62 8 7 62 2 8 62 3 8 68 5 8 62 8 8 62 0 15 1 3 33 4 3 38 6 3 39 1 6 33 4 6 38 6 6 39 1 7 33 4 7 38 6 7 39 1 8 33 4 8 38 6 8 39 1 10 33 4 10 38 6 10 39 1 5 1 42 2 42 4 42 7 42 9 42 
23 1 5 6 79 7 79 8 79 9 79 10 79 0 35 1 2 43 2 2 43 4 2 45 5 2 42 6 2 47 7 2 43 8 2 43 1 5 43 2 5 43 4 5 45 5 5 42 6 5 47 7 5 43 8 5 43 1 8 43 2 8 43 4 8 45 5 8 42 6 8 47 7 8 43 8 8 43 1 9 43 2 9 43 4 9 45 5 9 42 6 9 47 7 9 43 8 9 43 1 10 43 2 10 43 4 10 45 5 10 42 6 10 47 7 10 43 8 10 43 1 5 2 83 3 83 7 83 8 83 9 83 0 10 1 2 56 2 2 53 1 3 56 2 3 53 1 7 56 2 7 53 1 8 56 2 8 53 1 9 56 2 9 53 0 10 1 2 68 4 2 73 1 4 68 4 4 73 1 5 68 4 5 73 1 9 68 4 9 73 1 10 68 4 10 73 0 25 2 1 32 3 1 37 4 1 35 6 1 33 8 1 37 2 3 32 3 3 37 4 3 35 6 3 33 8 3 37 2 4 32 3 4 37 4 4 35 6 4 33 8 4 37 2 5 32 3 5 37 4 5 35 6 5 33 8 5 37 2 10 32 3 10 37 4 10 35 6 10 33 8 10 37 0 25 2 1 75 3 1 80 6 1 74 7 1 76 8 1 76 2 3 75 3 3 80 6 3 74 7 3 76 8 3 76 2 7 75 3 7 80 6 7 74 7 7 76 8 7 76 2 9 75 3 9 80 6 9 74 7 9 76 8 9 76 2 10 75 3 10 80 6 10 74 7 10 76 8 10 76 0 35 1 2 44 2 2 43 3 2 45 4 2 42 5 2 45 6 2 44 8 2 41 1 5 44 2 5 43 3 5 45 4 5 42 5 5 45 6 5 44 8 5 41 1 6 44 2 6 43 3 6 45 4 6 42 5 6 45 6 6 44 8 6 41 1 7 44 2 7 43 3 7 45 4 7 42 5 7 45 6 7 44 8 7 41 1 10 44 2 10 43 3 10 45 4 10 42 5 10 45 6 10 44 8 10 41 0 15 2 5 79 7 5 78 8 5 80 2 6 79 7 6 78 8 6 80 2 8 79 7 8 78 8 8 80 2 9 79 7 9 78 8 9 80 2 10 79 7 10 78 8 10 80 0 5 4 1 41 4 4 41 4 5 41 4 7 41 4 9 41 0 10 3 2 22 5 2 17 3 3 22 5 3 17 3 5 22 5 5 17 3 6 22 5 6 17 3 8 22 5 8 17 0 10 1 4 62 2 4 62 1 5 62 2 5 62 1 8 62 2 8 62 1 9 62 2 9 62 1 10 62 2 10 62 0 30 1 1 94 3 1 92 4 1 94 5 1 96 7 1 93 8 1 94 1 3 94 3 3 92 4 3 94 5 3 96 7 3 93 8 3 94 1 4 94 3 4 92 4 4 94 5 4 96 7 4 93 8 4 94 1 7 94 3 7 92 4 7 94 5 7 96 7 7 93 8 7 94 1 8 94 3 8 92 4 8 94 5 8 96 7 8 93 8 8 94 0 10 3 1 17 5 1 22 3 2 17 5 2 22 3 5 17 5 5 22 3 8 17 5 8 22 3 9 17 5 9 22 0 15 2 2 32 5 2 35 7 2 37 2 3 32 5 3 35 7 3 37 2 4 32 5 4 35 7 4 37 2 5 32 5 5 35 7 5 37 2 7 32 5 7 35 7 7 37 1 5 1 99 5 99 6 99 7 99 8 99 1 5 2 83 3 83 6 83 9 83 10 83 0 30 2 2 47 3 2 47 4 2 47 5 2 48 6 2 44 7 2 48 2 3 47 3 3 47 4 3 47 5 3 48 6 3 44 7 3 48 2 5 47 3 5 47 4 5 47 5 5 48 6 5 44 7 5 48 2 6 47 3 6 47 4 6 47 5 6 48 6 6 44 7 6 48 2 7 47 3 7 47 4 7 47 5 7 48 6 7 44 7 7 48 0 25 2 1 78 4 1 80 5 1 78 7 1 82 8 1 79 2 4 78 4 4 80 5 4 78 7 4 82 8 4 79 2 6 78 4 6 80 5 6 78 7 6 82 8 6 79 2 7 78 4 7 80 5 7 78 7 7 82 8 7 79 2 8 78 4 8 80 5 8 78 7 8 82 8 8 79 1 5 2 40 4 40 5 40 6 40 7 40 0 15 1 2 54 2 2 53 7 2 55 1 3 54 2 3 53 7 3 55 1 5 54 2 5 53 7 5 55 1 6 54 2 6 53 7 6 55 1 8 54 2 8 53 7 8 55 0 25 1 1 59 5 1 56 6 1 60 7 1 56 8 1 60 1 2 59 5 2 56 6 2 60 7 2 56 8 2 60 1 3 59 5 3 56 6 3 60 7 3 56 8 3 60 1 6 59 5 6 56 6 6 60 7 6 56 8 6 60 1 10 59 5 10 56 6 10 60 7 10 56 8 10 60 0 30 2 2 31 3 2 36 4 2 33 5 2 36 6 2 37 7 2 29 2 3 31 3 3 36 4 3 33 5 3 36 6 3 37 7 3 29 2 7 31 3 7 36 4 7 33 5 7 36 6 7 37 7 7 29 2 8 31 3 8 36 4 8 33 5 8 36 6 8 37 7 8 29 2 10 31 3 10 36 4 10 33 5 10 36 6 10 37 7 10 29 
19 1 5 1 56 5 56 6 56 8 56 9 56 0 10 2 4 52 5 4 52 2 5 52 5 5 52 2 7 52 5 7 52 2 8 52 5 8 52 2 9 52 5 9 52 0 25 2 3 83 3 3 88 4 3 88 6 3 87 8 3 84 2 5 83 3 5 88 4 5 88 6 5 87 8 5 84 2 6 83 3 6 88 4 6 88 6 6 87 8 6 84 2 8 83 3 8 88 4 8 88 6 8 87 8 8 84 2 10 83 3 10 88 4 10 88 6 10 87 8 10 84 0 20 1 1 34 2 1 34 4 1 33 5 1 36 1 4 34 2 4 34 4 4 33 5 4 36 1 5 34 2 5 34 4 5 33 5 5 36 1 8 34 2 8 34 4 8 33 5 8 36 1 10 34 2 10 34 4 10 33 5 10 36 0 25 2 3 75 4 3 77 5 3 77 7 3 79 8 3 76 2 4 75 4 4 77 5 4 77 7 4 79 8 4 76 2 8 75 4 8 77 5 8 77 7 8 79 8 8 76 2 9 75 4 9 77 5 9 77 7 9 79 8 9 76 2 10 75 4 10 77 5 10 77 7 10 79 8 10 76 0 15 1 1 42 4 1 44 8 1 40 1 5 42 4 5 44 8 5 40 1 6 42 4 6 44 8 6 40 1 9 42 4 9 44 8 9 40 1 10 42 4 10 44 8 10 40 0 25 1 2 33 2 2 35 3 2 33 6 2 31 7 2 34 1 6 33 2 6 35 3 6 33 6 6 31 7 6 34 1 7 33 2 7 35 3 7 33 6 7 31 7 7 34 1 8 33 2 8 35 3 8 33 6 8 31 7 8 34 1 10 33 2 10 35 3 10 33 6 10 31 7 10 34 0 35 1 1 47 2 1 42 3 1 46 4 1 39 5 1 42 6 1 40 8 1 44 1 3 47 2 3 42 3 3 46 4 3 39 5 3 42 6 3 40 8 3 44 1 5 47 2 5 42 3 5 46 4 5 39 5 5 42 6 5 40 8 5 44 1 7 47 2 7 42 3 7 46 4 7 39 5 7 42 6 7 40 8 7 44 1 9 47 2 9 42 3 9 46 4 9 39 5 9 42 6 9 40 8 9 44 0 20 4 2 77 5 2 77 7 2 73 8 2 79 4 3 77 5 3 77 7 3 73 8 3 79 4 5 77 5 5 77 7 5 73 8 5 79 4 7 77 5 7 77 7 7 73 8 7 79 4 8 77 5 8 77 7 8 73 8 8 79 1 5 4 65 6 65 7 65 8 65 10 65 1 5 1 62 2 62 3 62 7 62 9 62 0 15 1 1 74 4 1 77 7 1 72 1 2 74 4 2 77 7 2 72 1 3 74 4 3 77 7 3 72 1 6 74 4 6 77 7 6 72 1 10 74 4 10 77 7 10 72 0 25 1 3 28 3 3 26 5 3 27 6 3 27 8 3 26 1 4 28 3 4 26 5 4 27 6 4 27 8 4 26 1 5 28 3 5 26 5 5 27 6 5 27 8 5 26 1 6 28 3 6 26 5 6 27 6 6 27 8 6 26 1 9 28 3 9 26 5 9 27 6 9 27 8 9 26 0 25 2 1 47 3 1 48 4 1 48 5 1 50 7 1 51 2 2 47 3 2 48 4 2 48 5 2 50 7 2 51 2 4 47 3 4 48 4 4 48 5 4 50 7 4 51 2 7 47 3 7 48 4 7 48 5 7 50 7 7 51 2 10 47 3 10 48 4 10 48 5 10 50 7 10 51 0 20 1 4 18 2 4 18 3 4 18 7 4 20 1 5 18 2 5 18 3 5 18 7 5 20 1 6 18 2 6 18 3 6 18 7 6 20 1 8 18 2 8 18 3 8 18 7 8 20 1 9 18 2 9 18 3 9 18 7 9 20 0 25 2 1 43 3 1 36 5 1 39 6 1 43 7 1 41 2 4 43 3 4 36 5 4 39 6 4 43 7 4 41 2 5 43 3 5 36 5 5 39 6 5 43 7 5 41 2 9 43 3 9 36 5 9 39 6 9 43 7 9 41 2 10 43 3 10 36 5 10 39 6 10 43 7 10 41 0 5 7 3 24 7 7 24 7 8 24 7 9 24 7 10 24 0 15 2 2 71 3 2 77 5 2 75 2 3 71 3 3 77 5 3 75 2 8 71 3 8 77 5 8 75 2 9 71 3 9 77 5 9 75 2 10 71 3 10 77 5 10 75 0 25 1 1 90 2 1 90 3 1 90 5 1 90 7 1 90 1 2 90 2 2 90 3 2 90 5 2 90 7 2 90 1 4 90 2 4 90 3 4 90 5 4 90 7 4 90 1 7 90 2 7 90 3 7 90 5 7 90 7 7 90 1 10 90 2 10 90 3 10 90 5 10 90 7 10 90 
19 0 20 1 3 60 3 3 60 4 3 60 5 3 64 1 4 60 3 4 60 4 4 60 5 4 64 1 5 60 3 5 60 4 5 60 5 5 64 1 8 60 3 8 60 4 8 60 5 8 64 1 10 60 3 10 60 4 10 60 5 10 64 0 10 2 2 90 6 2 87 2 3 90 6 3 87 2 6 90 6 6 87 2 7 90 6 7 87 2 8 90 6 8 87 0 15 1 3 53 6 3 56 8 3 51 1 4 53 6 4 56 8 4 51 1 6 53 6 6 56 8 6 51 1 7 53 6 7 56 8 7 51 1 8 53 6 8 56 8 8 51 0 15 1 2 79 2 2 82 7 2 79 1 3 79 2 3 82 7 3 79 1 4 79 2 4 82 7 4 79 1 5 79 2 5 82 7 5 79 1 8 79 2 8 82 7 8 79 0 20 1 1 60 2 1 56 5 1 64 8 1 55 1 2 60 2 2 56 5 2 64 8 2 55 1 7 60 2 7 56 5 7 64 8 7 55 1 8 60 2 8 56 5 8 64 8 8 55 1 10 60 2 10 56 5 10 64 8 10 55 0 20 2 2 59 5 2 59 7 2 54 8 2 60 2 5 59 5 5 59 7 5 54 8 5 60 2 7 59 5 7 59 7 7 54 8 7 60 2 8 59 5 8 59 7 8 54 8 8 60 2 9 59 5 9 59 7 9 54 8 9 60 0 15 3 4 89 7 4 92 8 4 89 3 5 89 7 5 92 8 5 89 3 7 89 7 7 92 8 7 89 3 8 89 7 8 92 8 8 89 3 9 89 7 9 92 8 9 89 0 20 1 1 50 5 1 46 6 1 50 7 1 54 1 2 50 5 2 46 6 2 50 7 2 54 1 3 50 5 3 46 6 3 50 7 3 54 1 5 50 5 5 46 6 5 50 7 5 54 1 8 50 5 8 46 6 8 50 7 8 54 0 25 1 1 80 3 1 77 4 1 75 5 1 77 6 1 79 1 6 80 3 6 77 4 6 75 5 6 77 6 6 79 1 8 80 3 8 77 4 8 75 5 8 77 6 8 79 1 9 80 3 9 77 4 9 75 5 9 77 6 9 79 1 10 80 3 10 77 4 10 75 5 10 77 6 10 79 1 5 1 72 3 72 4 72 5 72 9 72 0 20 1 4 44 2 4 44 3 4 41 6 4 39 1 5 44 2 5 44 3 5 41 6 5 39 1 6 44 2 6 44 3 6 41 6 6 39 1 7 44 2 7 44 3 7 41 6 7 39 1 8 44 2 8 44 3 8 41 6 8 39 0 30 2 1 90 3 1 92 4 1 92 5 1 94 6 1 93 8 1 95 2 6 90 3 6 92 4 6 92 5 6 94 6 6 93 8 6 95 2 7 90 3 7 92 4 7 92 5 7 94 6 7 93 8 7 95 2 8 90 3 8 92 4 8 92 5 8 94 6 8 93 8 8 95 2 10 90 3 10 92 4 10 92 5 10 94 6 10 93 8 10 95 0 5 4 1 90 4 6 90 4 7 90 4 8 90 4 9 90 0 20 1 1 38 5 1 38 6 1 40 7 1 42 1 2 38 5 2 38 6 2 40 7 2 42 1 3 38 5 3 38 6 3 40 7 3 42 1 5 38 5 5 38 6 5 40 7 5 42 1 9 38 5 9 38 6 9 40 7 9 42 0 20 1 1 71 2 1 66 5 1 72 8 1 67 1 4 71 2 4 66 5 4 72 8 4 67 1 6 71 2 6 66 5 6 72 8 6 67 1 7 71 2 7 66 5 7 72 8 7 67 1 10 71 2 10 66 5 10 72 8 10 67 0 10 1 2 14 3 2 17 1 4 14 3 4 17 1 6 14 3 6 17 1 8 14 3 8 17 1 10 14 3 10 17 0 20 1 1 53 2 1 53 3 1 55 6 1 55 1 4 53 2 4 53 3 4 55 6 4 55 1 5 53 2 5 53 3 5 55 6 5 55 1 7 53 2 7 53 3 7 55 6 7 55 1 10 53 2 10 53 3 10 55 6 10 55 1 5 1 22 2 22 3 22 5 22 8 22 0 10 4 1 60 5 1 60 4 4 60 5 4 60 4 5 60 5 5 60 4 7 60 5 7 60 4 8 60 5 8 60 
21 0 30 1 2 19 2 2 22 3 2 22 4 2 25 6 2 23 7 2 21 1 5 19 2 5 22 3 5 22 4 5 25 6 5 23 7 5 21 1 7 19 2 7 22 3 7 22 4 7 25 6 7 23 7 7 21 1 9 19 2 9 22 3 9 22 4 9 25 6 9 23 7 9 21 1 10 19 2 10 22 3 10 22 4 10 25 6 10 23 7 10 21 0 15 3 2 86 5 2 85 7 2 81 3 3 86 5 3 85 7 3 81 3 6 86 5 6 85 7 6 81 3 9 86 5 9 85 7 9 81 3 10 86 5 10 85 7 10 81 0 10 2 1 26 3 1 23 2 5 26 3 5 23 2 6 26 3 6 23 2 7 26 3 7 23 2 9 26 3 9 23 0 20 3 1 81 6 1 83 7 1 83 8 1 84 3 5 81 6 5 83 7 5 83 8 5 84 3 7 81 6 7 83 7 7 83 8 7 84 3 8 81 6 8 83 7 8 83 8 8 84 3 10 81 6 10 83 7 10 83 8 10 84 0 15 1 2 46 5 2 47 8 2 50 1 3 46 5 3 47 8 3 50 1 4 46 5 4 47 8 4 50 1 5 46 5 5 47 8 5 50 1 10 46 5 10 47 8 10 50 1 5 1 50 2 50 6 50 8 50 9 50 0 15 2 1 63 4 1 62 6 1 61 2 3 63 4 3 62 6 3 61 2 4 63 4 4 62 6 4 61 2 6 63 4 6 62 6 6 61 2 10 63 4 10 62 6 10 61 0 20 1 4 22 2 4 24 6 4 22 7 4 20 1 5 22 2 5 24 6 5 22 7 5 20 1 6 22 2 6 24 6 6 22 7 6 20 1 7 22 2 7 24 6 7 22 7 7 20 1 9 22 2 9 24 6 9 22 7 9 20 0 20 2 2 64 3 2 69 7 2 64 8 2 66 2 3 64 3 3 69 7 3 64 8 3 66 2 6 64 3 6 69 7 6 64 8 6 66 2 7 64 3 7 69 7 7 64 8 7 66 2 8 64 3 8 69 7 8 64 8 8 66 0 25 2 1 73 3 1 65 4 1 72 6 1 69 7 1 67 2 2 73 3 2 65 4 2 72 6 2 69 7 2 67 2 5 73 3 5 65 4 5 72 6 5 69 7 5 67 2 6 73 3 6 65 4 6 72 6 6 69 7 6 67 2 10 73 3 10 65 4 10 72 6 10 69 7 10 67 0 25 1 1 46 2 1 48 5 1 46 6 1 44 7 1 44 1 4 46 2 4 48 5 4 46 6 4 44 7 4 44 1 5 46 2 5 48 5 5 46 6 5 44 7 5 44 1 7 46 2 7 48 5 7 46 6 7 44 7 7 44 1 10 46 2 10 48 5 10 46 6 10 44 7 10 44 0 25 4 3 47 5 3 51 6 3 47 7 3 42 8 3 51 4 4 47 5 4 51 6 4 47 7 4 42 8 4 51 4 6 47 5 6 51 6 6 47 7 6 42 8 6 51 4 8 47 5 8 51 6 8 47 7 8 42 8 8 51 4 10 47 5 10 51 6 10 47 7 10 42 8 10 51 0 20 1 3 40 4 3 40 5 3 39 6 3 38 1 6 40 4 6 40 5 6 39 6 6 38 1 7 40 4 7 40 5 7 39 6 7 38 1 9 40 4 9 40 5 9 39 6 9 38 1 10 40 4 10 40 5 10 39 6 10 38 0 25 1 1 19 2 1 14 3 1 12 6 1 14 7 1 17 1 4 19 2 4 14 3 4 12 6 4 14 7 4 17 1 5 19 2 5 14 3 5 12 6 5 14 7 5 17 1 6 19 2 6 14 3 6 12 6 6 14 7 6 17 1 8 19 2 8 14 3 8 12 6 8 14 7 8 17 1 5 3 79 4 79 6 79 7 79 10 79 0 15 3 2 16 6 2 20 7 2 18 3 3 16 6 3 20 7 3 18 3 4 16 6 4 20 7 4 18 3 5 16 6 5 20 7 5 18 3 7 16 6 7 20 7 7 18 0 20 2 1 96 4 1 91 6 1 92 8 1 92 2 4 96 4 4 91 6 4 92 8 4 92 2 6 96 4 6 91 6 6 92 8 6 92 2 9 96 4 9 91 6 9 92 8 9 92 2 10 96 4 10 91 6 10 92 8 10 92 0 30 3 1 33 4 1 29 5 1 25 6 1 33 7 1 27 8 1 29 3 5 33 4 5 29 5 5 25 6 5 33 7 5 27 8 5 29 3 7 33 4 7 29 5 7 25 6 7 33 7 7 27 8 7 29 3 9 33 4 9 29 5 9 25 6 9 33 7 9 27 8 9 29 3 10 33 4 10 29 5 10 25 6 10 33 7 10 27 8 10 29 0 25 2 5 85 3 5 81 5 5 81 6 5 80 8 5 81 2 6 85 3 6 81 5 6 81 6 6 80 8 6 81 2 7 85 3 7 81 5 7 81 6 7 80 8 7 81 2 8 85 3 8 81 5 8 81 6 8 80 8 8 81 2 10 85 3 10 81 5 10 81 6 10 80 8 10 81 0 20 1 1 38 2 1 33 5 1 38 7 1 36 1 2 38 2 2 33 5 2 38 7 2 36 1 3 38 2 3 33 5 3 38 7 3 36 1 4 38 2 4 33 5 4 38 7 4 36 1 10 38 2 10 33 5 10 38 7 10 36 0 25 1 1 46 2 1 40 5 1 47 6 1 42 8 1 43 1 2 46 2 2 40 5 2 47 6 2 42 8 2 43 1 3 46 2 3 40 5 3 47 6 3 42 8 3 43 1 4 46 2 4 40 5 4 47 6 4 42 8 4 43 1 7 46 2 7 40 5 7 47 6 7 42 8 7 43 
16 0 15 1 2 45 4 2 43 6 2 50 1 5 45 4 5 43 6 5 50 1 6 45 4 6 43 6 6 50 1 8 45 4 8 43 6 8 50 1 10 45 4 10 43 6 10 50 0 25 1 1 51 2 1 51 4 1 51 5 1 46 8 1 51 1 2 51 2 2 51 4 2 51 5 2 46 8 2 51 1 3 51 2 3 51 4 3 51 5 3 46 8 3 51 1 4 51 2 4 51 4 4 51 5 4 46 8 4 51 1 9 51 2 9 51 4 9 51 5 9 46 8 9 51 0 25 3 1 54 4 1 58 5 1 55 6 1 61 7 1 62 3 3 54 4 3 58 5 3 55 6 3 61 7 3 62 3 4 54 4 4 58 5 4 55 6 4 61 7 4 62 3 7 54 4 7 58 5 7 55 6 7 61 7 7 62 3 10 54 4 10 58 5 10 55 6 10 61 7 10 62 0 20 2 3 57 4 3 54 5 3 57 7 3 56 2 4 57 4 4 54 5 4 57 7 4 56 2 6 57 4 6 54 5 6 57 7 6 56 2 9 57 4 9 54 5 9 57 7 9 56 2 10 57 4 10 54 5 10 57 7 10 56 0 15 1 2 25 3 2 29 8 2 30 1 3 25 3 3 29 8 3 30 1 5 25 3 5 29 8 5 30 1 8 25 3 8 29 8 8 30 1 10 25 3 10 29 8 10 30 0 20 1 1 88 4 1 88 5 1 92 8 1 94 1 3 88 4 3 88 5 3 92 8 3 94 1 6 88 4 6 88 5 6 92 8 6 94 1 7 88 4 7 88 5 7 92 8 7 94 1 9 88 4 9 88 5 9 92 8 9 94 0 30 1 2 88 3 2 87 4 2 89 6 2 85 7 2 88 8 2 90 1 3 88 3 3 87 4 3 89 6 3 85 7 3 88 8 3 90 1 6 88 3 6 87 4 6 89 6 6 85 7 6 88 8 6 90 1 7 88 3 7 87 4 7 89 6 7 85 7 7 88 8 7 90 1 8 88 3 8 87 4 8 89 6 8 85 7 8 88 8 8 90 1 5 4 45 5 45 6 45 7 45 9 45 0 10 1 2 63 5 2 62 1 3 63 5 3 62 1 7 63 5 7 62 1 8 63 5 8 62 1 9 63 5 9 62 0 20 3 2 80 4 2 80 5 2 80 8 2 79 3 4 80 4 4 80 5 4 80 8 4 79 3 5 80 4 5 80 5 5 80 8 5 79 3 6 80 4 6 80 5 6 80 8 6 79 3 7 80 4 7 80 5 7 80 8 7 79 0 10 6 3 99 7 3 91 6 4 99 7 4 91 6 5 99 7 5 91 6 6 99 7 6 91 6 7 99 7 7 91 0 10 4 5 87 5 5 86 4 7 87 5 7 86 4 8 87 5 8 86 4 9 87 5 9 86 4 10 87 5 10 86 0 20 1 1 86 3 1 86 5 1 86 8 1 82 1 2 86 3 2 86 5 2 86 8 2 82 1 5 86 3 5 86 5 5 86 8 5 82 1 7 86 3 7 86 5 7 86 8 7 82 1 10 86 3 10 86 5 10 86 8 10 82 0 15 1 1 61 3 1 58 4 1 62 1 3 61 3 3 58 4 3 62 1 7 61 3 7 58 4 7 62 1 9 61 3 9 58 4 9 62 1 10 61 3 10 58 4 10 62 0 25 3 5 19 5 5 19 6 5 19 7 5 19 8 5 19 3 7 19 5 7 19 6 7 19 7 7 19 8 7 19 3 8 19 5 8 19 6 8 19 7 8 19 8 8 19 3 9 19 5 9 19 6 9 19 7 9 19 8 9 19 3 10 19 5 10 19 6 10 19 7 10 19 8 10 19 0 20 4 1 91 5 1 93 6 1 91 7 1 95 4 3 91 5 3 93 6 3 91 7 3 95 4 5 91 5 5 93 6 5 91 7 5 95 4 7 91 5 7 93 6 7 91 7 7 95 4 9 91 5 9 93 6 9 91 7 9 95 
16 0 25 3 1 60 5 1 63 6 1 64 7 1 64 8 1 64 3 2 60 5 2 63 6 2 64 7 2 64 8 2 64 3 3 60 5 3 63 6 3 64 7 3 64 8 3 64 3 6 60 5 6 63 6 6 64 7 6 64 8 6 64 3 9 60 5 9 63 6 9 64 7 9 64 8 9 64 0 25 1 1 76 3 1 75 6 1 71 7 1 71 8 1 66 1 2 76 3 2 75 6 2 71 7 2 71 8 2 66 1 5 76 3 5 75 6 5 71 7 5 71 8 5 66 1 6 76 3 6 75 6 6 71 7 6 71 8 6 66 1 9 76 3 9 75 6 9 71 7 9 71 8 9 66 0 20 1 1 92 2 1 96 7 1 91 8 1 89 1 2 92 2 2 96 7 2 91 8 2 89 1 5 92 2 5 96 7 5 91 8 5 89 1 6 92 2 6 96 7 6 91 8 6 89 1 10 92 2 10 96 7 10 91 8 10 89 0 20 4 2 48 5 2 43 7 2 44 8 2 44 4 3 48 5 3 43 7 3 44 8 3 44 4 4 48 5 4 43 7 4 44 8 4 44 4 6 48 5 6 43 7 6 44 8 6 44 4 8 48 5 8 43 7 8 44 8 8 44 0 40 1 4 49 2 4 53 3 4 53 4 4 53 5 4 53 6 4 56 7 4 49 8 4 52 1 6 49 2 6 53 3 6 53 4 6 53 5 6 53 6 6 56 7 6 49 8 6 52 1 8 49 2 8 53 3 8 53 4 8 53 5 8 53 6 8 56 7 8 49 8 8 52 1 9 49 2 9 53 3 9 53 4 9 53 5 9 53 6 9 56 7 9 49 8 9 52 1 10 49 2 10 53 3 10 53 4 10 53 5 10 53 6 10 56 7 10 49 8 10 52 0 30 1 2 61 2 2 57 3 2 60 4 2 62 6 2 56 8 2 63 1 3 61 2 3 57 3 3 60 4 3 62 6 3 56 8 3 63 1 4 61 2 4 57 3 4 60 4 4 62 6 4 56 8 4 63 1 8 61 2 8 57 3 8 60 4 8 62 6 8 56 8 8 63 1 10 61 2 10 57 3 10 60 4 10 62 6 10 56 8 10 63 0 15 3 2 29 4 2 26 5 2 26 3 3 29 4 3 26 5 3 26 3 4 29 4 4 26 5 4 26 3 6 29 4 6 26 5 6 26 3 7 29 4 7 26 5 7 26 0 20 3 1 86 6 1 82 7 1 86 8 1 86 3 2 86 6 2 82 7 2 86 8 2 86 3 3 86 6 3 82 7 3 86 8 3 86 3 4 86 6 4 82 7 4 86 8 4 86 3 5 86 6 5 82 7 5 86 8 5 86 0 25 2 1 18 3 1 16 4 1 11 5 1 15 7 1 20 2 2 18 3 2 16 4 2 11 5 2 15 7 2 20 2 3 18 3 3 16 4 3 11 5 3 15 7 3 20 2 5 18 3 5 16 4 5 11 5 5 15 7 5 20 2 9 18 3 9 16 4 9 11 5 9 15 7 9 20 1 5 1 17 2 17 3 17 5 17 7 17 0 25 1 3 66 2 3 66 4 3 70 5 3 69 8 3 66 1 4 66 2 4 66 4 4 70 5 4 69 8 4 66 1 6 66 2 6 66 4 6 70 5 6 69 8 6 66 1 7 66 2 7 66 4 7 70 5 7 69 8 7 66 1 10 66 2 10 66 4 10 70 5 10 69 8 10 66 0 25 1 2 55 3 2 62 5 2 63 6 2 61 8 2 58 1 4 55 3 4 62 5 4 63 6 4 61 8 4 58 1 7 55 3 7 62 5 7 63 6 7 61 8 7 58 1 8 55 3 8 62 5 8 63 6 8 61 8 8 58 1 9 55 3 9 62 5 9 63 6 9 61 8 9 58 0 30 2 1 40 3 1 42 4 1 46 5 1 42 6 1 40 7 1 45 2 2 40 3 2 42 4 2 46 5 2 42 6 2 40 7 2 45 2 3 40 3 3 42 4 3 46 5 3 42 6 3 40 7 3 45 2 5 40 3 5 42 4 5 46 5 5 42 6 5 40 7 5 45 2 7 40 3 7 42 4 7 46 5 7 42 6 7 40 7 7 45 0 10 6 1 68 7 1 68 6 2 68 7 2 68 6 3 68 7 3 68 6 4 68 7 4 68 6 8 68 7 8 68 0 25 1 1 75 3 1 77 5 1 70 6 1 77 8 1 73 1 2 75 3 2 77 5 2 70 6 2 77 8 2 73 1 4 75 3 4 77 5 4 70 6 4 77 8 4 73 1 7 75 3 7 77 5 7 70 6 7 77 8 7 73 1 9 75 3 9 77 5 9 70 6 9 77 8 9 73 0 25 1 1 52 2 1 49 4 1 49 5 1 49 7 1 49 1 2 52 2 2 49 4 2 49 5 2 49 7 2 49 1 6 52 2 6 49 4 6 49 5 6 49 7 6 49 1 7 52 2 7 49 4 7 49 5 7 49 7 7 49 1 10 52 2 10 49 4 10 49 5 10 49 7 10 49 
25 1 5 3 21 4 21 6 21 8 21 9 21 0 15 2 1 53 3 1 50 4 1 50 2 2 53 3 2 50 4 2 50 2 3 53 3 3 50 4 3 50 2 8 53 3 8 50 4 8 50 2 9 53 3 9 50 4 9 50 0 15 3 1 73 4 1 74 5 1 73 3 5 73 4 5 74 5 5 73 3 6 73 4 6 74 5 6 73 3 7 73 4 7 74 5 7 73 3 9 73 4 9 74 5 9 73 0 25 1 1 30 2 1 28 3 1 30 5 1 28 7 1 31 1 4 30 2 4 28 3 4 30 5 4 28 7 4 31 1 5 30 2 5 28 3 5 30 5 5 28 7 5 31 1 6 30 2 6 28 3 6 30 5 6 28 7 6 31 1 9 30 2 9 28 3 9 30 5 9 28 7 9 31 0 25 1 1 37 2 1 40 3 1 42 7 1 37 8 1 41 1 3 37 2 3 40 3 3 42 7 3 37 8 3 41 1 4 37 2 4 40 3 4 42 7 4 37 8 4 41 1 5 37 2 5 40 3 5 42 7 5 37 8 5 41 1 9 37 2 9 40 3 9 42 7 9 37 8 9 41 0 20 3 2 18 4 2 16 5 2 12 7 2 19 3 3 18 4 3 16 5 3 12 7 3 19 3 5 18 4 5 16 5 5 12 7 5 19 3 8 18 4 8 16 5 8 12 7 8 19 3 9 18 4 9 16 5 9 12 7 9 19 0 20 1 5 45 3 5 50 5 5 47 7 5 47 1 6 45 3 6 50 5 6 47 7 6 47 1 7 45 3 7 50 5 7 47 7 7 47 1 9 45 3 9 50 5 9 47 7 9 47 1 10 45 3 10 50 5 10 47 7 10 47 0 15 1 3 22 7 3 26 8 3 19 1 5 22 7 5 26 8 5 19 1 7 22 7 7 26 8 7 19 1 8 22 7 8 26 8 8 19 1 9 22 7 9 26 8 9 19 1 5 1 70 2 70 7 70 9 70 10 70 0 15 1 1 36 2 1 31 4 1 37 1 2 36 2 2 31 4 2 37 1 4 36 2 4 31 4 4 37 1 6 36 2 6 31 4 6 37 1 9 36 2 9 31 4 9 37 0 30 1 2 89 2 2 85 3 2 88 4 2 86 5 2 88 6 2 87 1 3 89 2 3 85 3 3 88 4 3 86 5 3 88 6 3 87 1 8 89 2 8 85 3 8 88 4 8 86 5 8 88 6 8 87 1 9 89 2 9 85 3 9 88 4 9 86 5 9 88 6 9 87 1 10 89 2 10 85 3 10 88 4 10 86 5 10 88 6 10 87 0 10 5 2 18 7 2 20 5 3 18 7 3 20 5 4 18 7 4 20 5 7 18 7 7 20 5 10 18 7 10 20 1 5 1 58 3 58 6 58 8 58 10 58 0 10 3 2 47 7 2 50 3 3 47 7 3 50 3 4 47 7 4 50 3 5 47 7 5 50 3 10 47 7 10 50 0 25 2 2 80 3 2 78 4 2 78 6 2 80 8 2 76 2 3 80 3 3 78 4 3 78 6 3 80 8 3 76 2 4 80 3 4 78 4 4 78 6 4 80 8 4 76 2 5 80 3 5 78 4 5 78 6 5 80 8 5 76 2 8 80 3 8 78 4 8 78 6 8 80 8 8 76 0 15 5 2 77 7 2 78 8 2 78 5 3 77 7 3 78 8 3 78 5 7 77 7 7 78 8 7 78 5 8 77 7 8 78 8 8 78 5 9 77 7 9 78 8 9 78 0 25 1 3 74 4 3 73 6 3 73 7 3 77 8 3 72 1 4 74 4 4 73 6 4 73 7 4 77 8 4 72 1 5 74 4 5 73 6 5 73 7 5 77 8 5 72 1 9 74 4 9 73 6 9 73 7 9 77 8 9 72 1 10 74 4 10 73 6 10 73 7 10 77 8 10 72 0 5 1 1 83 1 3 83 1 5 83 1 6 83 1 7 83 0 20 1 1 32 2 1 40 6 1 36 8 1 38 1 5 32 2 5 40 6 5 36 8 5 38 1 8 32 2 8 40 6 8 36 8 8 38 1 9 32 2 9 40 6 9 36 8 9 38 1 10 32 2 10 40 6 10 36 8 10 38 0 30 1 5 57 2 5 54 3 5 54 5 5 56 6 5 51 8 5 54 1 6 57 2 6 54 3 6 54 5 6 56 6 6 51 8 6 54 1 7 57 2 7 54 3 7 54 5 7 56 6 7 51 8 7 54 1 8 57 2 8 54 3 8 54 5 8 56 6 8 51 8 8 54 1 9 57 2 9 54 3 9 54 5 9 56 6 9 51 8 9 54 0 20 2 1 25 4 1 28 5 1 20 8 1 28 2 4 25 4 4 28 5 4 20 8 4 28 2 7 25 4 7 28 5 7 20 8 7 28 2 8 25 4 8 28 5 8 20 8 8 28 2 9 25 4 9 28 5 9 20 8 9 28 0 20 1 2 48 4 2 48 5 2 45 7 2 48 1 5 48 4 5 48 5 5 45 7 5 48 1 8 48 4 8 48 5 8 45 7 8 48 1 9 48 4 9 48 5 9 45 7 9 48 1 10 48 4 10 48 5 10 45 7 10 48 0 25 1 1 34 3 1 34 5 1 36 6 1 34 8 1 31 1 3 34 3 3 34 5 3 36 6 3 34 8 3 31 1 5 34 3 5 34 5 5 36 6 5 34 8 5 31 1 6 34 3 6 34 5 6 36 6 6 34 8 6 31 1 9 34 3 9 34 5 9 36 6 9 34 8 9 31 0 20 2 1 46 3 1 41 5 1 45 8 1 43 2 3 46 3 3 41 5 3 45 8 3 43 2 6 46 3 6 41 5 6 45 8 6 43 2 7 46 3 7 41 5 7 45 8 7 43 2 8 46 3 8 41 5 8 45 8 8 43 0 10 2 1 32 8 1 32 2 2 32 8 2 32 2 3 32 8 3 32 2 4 32 8 4 32 2 5 32 8 5 32 
