10 5 7
15 0 12 1 1 42 2 1 42 3 1 42 1 2 42 2 2 42 3 2 42 1 4 42 2 4 42 3 4 42 1 7 42 2 7 42 3 7 42 0 4 3 2 62 3 3 62 3 4 62 3 5 62 1 4 2 22 3 22 5 22 7 22 0 8 1 1 16 4 1 16 1 2 16 4 2 16 1 3 16 4 3 16 1 5 16 4 5 16 0 12 1 2 96 3 2 96 5 2 96 1 3 96 3 3 96 5 3 96 1 4 96 3 4 96 5 4 96 1 5 96 3 5 96 5 5 96 1 4 2 24 3 24 4 24 7 24 0 8 2 2 63 5 2 63 2 3 63 5 3 63 2 5 63 5 5 63 2 6 63 5 6 63 0 16 1 2 29 2 2 29 3 2 29 5 2 29 1 3 29 2 3 29 3 3 29 5 3 29 1 6 29 2 6 29 3 6 29 5 6 29 1 7 29 2 7 29 3 7 29 5 7 29 1 4 1 83 2 83 4 83 7 83 0 12 1 2 23 2 2 23 5 2 23 1 4 23 2 4 23 5 4 23 1 6 23 2 6 23 5 6 23 1 7 23 2 7 23 5 7 23 0 4 3 2 66 3 5 66 3 6 66 3 7 66 0 4 5 2 29 5 3 29 5 4 29 5 7 29 1 4 1 11 2 11 4 11 7 11 0 12 1 1 62 3 1 62 5 1 62 1 3 62 3 3 62 5 3 62 1 5 62 3 5 62 5 5 62 1 6 62 3 6 62 5 6 62 0 8 1 1 94 4 1 94 1 2 94 4 2 94 1 3 94 4 3 94 1 6 94 4 6 94 
20 0 12 2 2 41 3 2 41 4 2 41 2 3 41 3 3 41 4 3 41 2 6 41 3 6 41 4 6 41 2 7 41 3 7 41 4 7 41 0 20 1 1 90 2 1 90 3 1 90 4 1 90 5 1 90 1 2 90 2 2 90 3 2 90 4 2 90 5 2 90 1 4 90 2 4 90 3 4 90 4 4 90 5 4 90 1 7 90 2 7 90 3 7 90 4 7 90 5 7 90 0 12 2 2 63 4 2 63 5 2 63 2 3 63 4 3 63 5 3 63 2 6 63 4 6 63 5 6 63 2 7 63 4 7 63 5 7 63 0 4 1 1 45 1 3 45 1 4 45 1 5 45 0 20 1 1 91 2 1 91 3 1 91 4 1 91 5 1 91 1 3 91 2 3 91 3 3 91 4 3 91 5 3 91 1 5 91 2 5 91 3 5 91 4 5 91 5 5 91 1 6 91 2 6 91 3 6 91 4 6 91 5 6 91 0 12 1 1 73 2 1 73 4 1 73 1 2 73 2 2 73 4 2 73 1 3 73 2 3 73 4 3 73 1 7 73 2 7 73 4 7 73 0 4 1 1 31 1 3 31 1 4 31 1 5 31 0 16 1 1 97 2 1 97 3 1 97 5 1 97 1 5 97 2 5 97 3 5 97 5 5 97 1 6 97 2 6 97 3 6 97 5 6 97 1 7 97 2 7 97 3 7 97 5 7 97 0 12 1 2 11 2 2 11 5 2 11 1 3 11 2 3 11 5 3 11 1 4 11 2 4 11 5 4 11 1 6 11 2 6 11 5 6 11 0 4 1 1 20 1 2 20 1 3 20 1 4 20 0 12 2 1 90 3 1 90 5 1 90 2 2 90 3 2 90 5 2 90 2 4 90 3 4 90 5 4 90 2 6 90 3 6 90 5 6 90 0 4 3 1 21 3 2 21 3 4 21 3 5 21 1 4 2 78 4 78 6 78 7 78 1 4 2 37 3 37 5 37 7 37 0 16 1 1 68 2 1 68 3 1 68 5 1 68 1 2 68 2 2 68 3 2 68 5 2 68 1 3 68 2 3 68 3 3 68 5 3 68 1 7 68 2 7 68 3 7 68 5 7 68 1 4 2 48 4 48 5 48 6 48 0 8 4 2 55 5 2 55 4 5 55 5 5 55 4 6 55 5 6 55 4 7 55 5 7 55 0 4 1 2 38 1 3 38 1 6 38 1 7 38 1 4 2 49 3 49 4 49 7 49 0 16 2 1 69 3 1 69 4 1 69 5 1 69 2 2 69 3 2 69 4 2 69 5 2 69 2 5 69 3 5 69 4 5 69 5 5 69 2 7 69 3 7 69 4 7 69 5 7 69 
23 0 8 2 1 73 4 1 73 2 2 73 4 2 73 2 4 73 4 4 73 2 5 73 4 5 73 0 20 1 1 80 2 1 80 3 1 80 4 1 80 5 1 80 1 5 80 2 5 80 3 5 80 4 5 80 5 5 80 1 6 80 2 6 80 3 6 80 4 6 80 5 6 80 1 7 80 2 7 80 3 7 80 4 7 80 5 7 80 0 12 1 1 83 3 1 83 4 1 83 1 2 83 3 2 83 4 2 83 1 4 83 3 4 83 4 4 83 1 5 83 3 5 83 4 5 83 0 8 2 1 39 3 1 39 2 4 39 3 4 39 2 5 39 3 5 39 2 7 39 3 7 39 1 4 1 98 2 98 3 98 7 98 0 8 3 3 71 5 3 71 3 4 71 5 4 71 3 5 71 5 5 71 3 7 71 5 7 71 0 16 1 1 24 2 1 24 3 1 24 4 1 24 1 2 24 2 2 24 3 2 24 4 2 24 1 3 24 2 3 24 3 3 24 4 3 24 1 7 24 2 7 24 3 7 24 4 7 24 0 8 1 2 89 5 2 89 1 3 89 5 3 89 1 5 89 5 5 89 1 7 89 5 7 89 0 12 3 1 73 4 1 73 5 1 73 3 2 73 4 2 73 5 2 73 3 6 73 4 6 73 5 6 73 3 7 73 4 7 73 5 7 73 0 16 1 1 44 2 1 44 3 1 44 4 1 44 1 3 44 2 3 44 3 3 44 4 3 44 1 4 44 2 4 44 3 4 44 4 4 44 1 5 44 2 5 44 3 5 44 4 5 44 0 16 2 1 61 3 1 61 4 1 61 5 1 61 2 2 61 3 2 61 4 2 61 5 2 61 2 5 61 3 5 61 4 5 61 5 5 61 2 7 61 3 7 61 4 7 61 5 7 61 0 8 1 1 53 3 1 53 1 2 53 3 2 53 1 4 53 3 4 53 1 7 53 3 7 53 0 8 2 1 35 5 1 35 2 2 35 5 2 35 2 3 35 5 3 35 2 5 35 5 5 35 1 4 2 95 4 95 5 95 6 95 0 12 1 1 33 2 1 33 5 1 33 1 4 33 2 4 33 5 4 33 1 5 33 2 5 33 5 5 33 1 6 33 2 6 33 5 6 33 1 4 2 59 4 59 5 59 6 59 1 4 1 68 2 68 4 68 7 68 0 16 1 2 61 2 2 61 4 2 61 5 2 61 1 3 61 2 3 61 4 3 61 5 3 61 1 5 61 2 5 61 4 5 61 5 5 61 1 6 61 2 6 61 4 6 61 5 6 61 0 16 1 3 56 3 3 56 4 3 56 5 3 56 1 4 56 3 4 56 4 4 56 5 4 56 1 5 56 3 5 56 4 5 56 5 5 56 1 7 56 3 7 56 4 7 56 5 7 56 1 4 2 28 4 28 5 28 7 28 0 16 1 1 18 2 1 18 4 1 18 5 1 18 1 2 18 2 2 18 4 2 18 5 2 18 1 5 18 2 5 18 4 5 18 5 5 18 1 6 18 2 6 18 4 6 18 5 6 18 0 8 4 1 35 5 1 35 4 3 35 5 3 35 4 5 35 5 5 35 4 6 35 5 6 35 1 4 1 73 2 73 3 73 6 73 
18 0 4 5 3 78 5 4 78 5 6 78 5 7 78 0 16 2 1 70 3 1 70 4 1 70 5 1 70 2 4 70 3 4 70 4 4 70 5 4 70 2 5 70 3 5 70 4 5 70 5 5 70 2 7 70 3 7 70 4 7 70 5 7 70 0 4 5 2 65 5 3 65 5 5 65 5 7 65 0 12 1 1 44 3 1 44 5 1 44 1 3 44 3 3 44 5 3 44 1 4 44 3 4 44 5 4 44 1 6 44 3 6 44 5 6 44 0 8 3 1 56 5 1 56 3 2 56 5 2 56 3 4 56 5 4 56 3 6 56 5 6 56 1 4 1 60 2 60 3 60 4 60 0 12 2 2 69 3 2 69 5 2 69 2 3 69 3 3 69 5 3 69 2 5 69 3 5 69 5 5 69 2 6 69 3 6 69 5 6 69 1 4 2 94 3 94 5 94 7 94 1 4 1 28 3 28 4 28 5 28 1 4 1 63 2 63 3 63 5 63 0 8 4 2 17 5 2 17 4 3 17 5 3 17 4 4 17 5 4 17 4 7 17 5 7 17 0 8 1 1 61 2 1 61 1 2 61 2 2 61 1 6 61 2 6 61 1 7 61 2 7 61 0 8 2 4 34 4 4 34 2 5 34 4 5 34 2 6 34 4 6 34 2 7 34 4 7 34 0 8 3 1 96 4 1 96 3 2 96 4 2 96 3 3 96 4 3 96 3 4 96 4 4 96 0 16 1 1 31 2 1 31 3 1 31 4 1 31 1 2 31 2 2 31 3 2 31 4 2 31 1 4 31 2 4 31 3 4 31 4 4 31 1 7 31 2 7 31 3 7 31 4 7 31 0 16 1 1 82 2 1 82 4 1 82 5 1 82 1 2 82 2 2 82 4 2 82 5 2 82 1 4 82 2 4 82 4 4 82 5 4 82 1 6 82 2 6 82 4 6 82 5 6 82 1 4 2 40 4 40 5 40 6 40 0 8 3 1 63 5 1 63 3 2 63 5 2 63 3 6 63 5 6 63 3 7 63 5 7 63 
21 0 4 4 1 95 4 3 95 4 4 95 4 5 95 0 16 1 1 68 3 1 68 4 1 68 5 1 68 1 2 68 3 2 68 4 2 68 5 2 68 1 3 68 3 3 68 4 3 68 5 3 68 1 6 68 3 6 68 4 6 68 5 6 68 1 4 1 91 5 91 6 91 7 91 0 12 2 2 43 3 2 43 4 2 43 2 3 43 3 3 43 4 3 43 2 4 43 3 4 43 4 4 43 2 6 43 3 6 43 4 6 43 0 12 2 2 32 3 2 32 5 2 32 2 3 32 3 3 32 5 3 32 2 4 32 3 4 32 5 4 32 2 7 32 3 7 32 5 7 32 0 12 1 1 54 2 1 54 5 1 54 1 5 54 2 5 54 5 5 54 1 6 54 2 6 54 5 6 54 1 7 54 2 7 54 5 7 54 0 16 1 3 92 3 3 92 4 3 92 5 3 92 1 4 92 3 4 92 4 4 92 5 4 92 1 6 92 3 6 92 4 6 92 5 6 92 1 7 92 3 7 92 4 7 92 5 7 92 0 8 1 1 40 4 1 40 1 2 40 4 2 40 1 5 40 4 5 40 1 6 40 4 6 40 0 8 1 2 84 5 2 84 1 3 84 5 3 84 1 5 84 5 5 84 1 7 84 5 7 84 1 4 2 38 4 38 5 38 6 38 1 4 3 94 4 94 5 94 7 94 0 12 3 1 63 4 1 63 5 1 63 3 2 63 4 2 63 5 2 63 3 5 63 4 5 63 5 5 63 3 7 63 4 7 63 5 7 63 0 4 1 2 99 1 3 99 1 4 99 1 5 99 0 8 4 2 45 5 2 45 4 4 45 5 4 45 4 5 45 5 5 45 4 7 45 5 7 45 0 12 1 4 28 3 4 28 4 4 28 1 5 28 3 5 28 4 5 28 1 6 28 3 6 28 4 6 28 1 7 28 3 7 28 4 7 28 0 16 1 1 59 2 1 59 4 1 59 5 1 59 1 3 59 2 3 59 4 3 59 5 3 59 1 5 59 2 5 59 4 5 59 5 5 59 1 6 59 2 6 59 4 6 59 5 6 59 0 4 2 2 97 2 5 97 2 6 97 2 7 97 0 4 1 2 69 1 3 69 1 5 69 1 6 69 0 12 1 1 61 3 1 61 5 1 61 1 4 61 3 4 61 5 4 61 1 5 61 3 5 61 5 5 61 1 7 61 3 7 61 5 7 61 1 4 1 98 4 98 5 98 6 98 0 8 1 1 42 4 1 42 1 3 42 4 3 42 1 6 42 4 6 42 1 7 42 4 7 42 
15 0 16 1 2 100 2 2 100 4 2 100 5 2 100 1 3 100 2 3 100 4 3 100 5 3 100 1 4 100 2 4 100 4 4 100 5 4 100 1 5 100 2 5 100 4 5 100 5 5 100 0 8 1 1 68 2 1 68 1 4 68 2 4 68 1 6 68 2 6 68 1 7 68 2 7 68 0 4 4 1 83 4 4 83 4 5 83 4 7 83 1 4 1 69 3 69 5 69 6 69 0 8 4 1 17 5 1 17 4 3 17 5 3 17 4 4 17 5 4 17 4 6 17 5 6 17 0 8 2 3 26 5 3 26 2 4 26 5 4 26 2 5 26 5 5 26 2 6 26 5 6 26 0 12 2 1 29 4 1 29 5 1 29 2 2 29 4 2 29 5 2 29 2 5 29 4 5 29 5 5 29 2 6 29 4 6 29 5 6 29 0 16 1 1 20 2 1 20 3 1 20 5 1 20 1 2 20 2 2 20 3 2 20 5 2 20 1 3 20 2 3 20 3 3 20 5 3 20 1 6 20 2 6 20 3 6 20 5 6 20 0 16 1 1 100 2 1 100 3 1 100 4 1 100 1 3 100 2 3 100 3 3 100 4 3 100 1 5 100 2 5 100 3 5 100 4 5 100 1 7 100 2 7 100 3 7 100 4 7 100 0 8 1 2 87 2 2 87 1 4 87 2 4 87 1 6 87 2 6 87 1 7 87 2 7 87 0 4 5 1 67 5 2 67 5 6 67 5 7 67 0 20 1 1 16 2 1 16 3 1 16 4 1 16 5 1 16 1 4 16 2 4 16 3 4 16 4 4 16 5 4 16 1 5 16 2 5 16 3 5 16 4 5 16 5 5 16 1 6 16 2 6 16 3 6 16 4 6 16 5 6 16 0 8 1 2 86 4 2 86 1 3 86 4 3 86 1 4 86 4 4 86 1 6 86 4 6 86 0 12 2 1 36 4 1 36 5 1 36 2 2 36 4 2 36 5 2 36 2 3 36 4 3 36 5 3 36 2 6 36 4 6 36 5 6 36 0 20 1 1 73 2 1 73 3 1 73 4 1 73 5 1 73 1 2 73 2 2 73 3 2 73 4 2 73 5 2 73 1 3 73 2 3 73 3 3 73 4 3 73 5 3 73 1 7 73 2 7 73 3 7 73 4 7 73 5 7 73 
17 1 4 1 41 5 41 6 41 7 41 0 12 2 1 100 4 1 100 5 1 100 2 4 100 4 4 100 5 4 100 2 6 100 4 6 100 5 6 100 2 7 100 4 7 100 5 7 100 0 8 1 1 23 4 1 23 1 3 23 4 3 23 1 5 23 4 5 23 1 6 23 4 6 23 0 8 1 1 33 4 1 33 1 2 33 4 2 33 1 3 33 4 3 33 1 6 33 4 6 33 0 12 2 1 92 3 1 92 4 1 92 2 2 92 3 2 92 4 2 92 2 4 92 3 4 92 4 4 92 2 7 92 3 7 92 4 7 92 0 16 1 4 74 3 4 74 4 4 74 5 4 74 1 5 74 3 5 74 4 5 74 5 5 74 1 6 74 3 6 74 4 6 74 5 6 74 1 7 74 3 7 74 4 7 74 5 7 74 0 16 1 1 90 2 1 90 4 1 90 5 1 90 1 4 90 2 4 90 4 4 90 5 4 90 1 5 90 2 5 90 4 5 90 5 5 90 1 6 90 2 6 90 4 6 90 5 6 90 0 4 1 3 49 1 5 49 1 6 49 1 7 49 0 4 1 2 34 1 3 34 1 6 34 1 7 34 0 4 4 1 47 4 2 47 4 4 47 4 5 47 0 12 2 2 62 3 2 62 4 2 62 2 4 62 3 4 62 4 4 62 2 6 62 3 6 62 4 6 62 2 7 62 3 7 62 4 7 62 0 8 1 1 59 5 1 59 1 2 59 5 2 59 1 3 59 5 3 59 1 7 59 5 7 59 0 4 5 1 98 5 4 98 5 6 98 5 7 98 0 8 2 3 73 3 3 73 2 4 73 3 4 73 2 6 73 3 6 73 2 7 73 3 7 73 0 12 1 1 79 3 1 79 5 1 79 1 3 79 3 3 79 5 3 79 1 5 79 3 5 79 5 5 79 1 7 79 3 7 79 5 7 79 1 4 2 10 5 10 6 10 7 10 1 4 1 32 2 32 4 32 7 32 
25 0 8 1 1 55 3 1 55 1 3 55 3 3 55 1 4 55 3 4 55 1 6 55 3 6 55 0 8 1 1 53 2 1 53 1 2 53 2 2 53 1 6 53 2 6 53 1 7 53 2 7 53 0 8 3 1 19 5 1 19 3 4 19 5 4 19 3 5 19 5 5 19 3 7 19 5 7 19 0 4 1 1 55 1 3 55 1 4 55 1 7 55 0 16 2 1 88 3 1 88 4 1 88 5 1 88 2 2 88 3 2 88 4 2 88 5 2 88 2 5 88 3 5 88 4 5 88 5 5 88 2 6 88 3 6 88 4 6 88 5 6 88 0 8 3 2 46 5 2 46 3 3 46 5 3 46 3 4 46 5 4 46 3 5 46 5 5 46 0 4 1 1 73 1 2 73 1 4 73 1 6 73 0 4 1 1 30 1 2 30 1 4 30 1 5 30 0 12 1 1 48 3 1 48 4 1 48 1 4 48 3 4 48 4 4 48 1 5 48 3 5 48 4 5 48 1 6 48 3 6 48 4 6 48 1 4 1 50 2 50 5 50 6 50 0 12 2 2 37 3 2 37 5 2 37 2 3 37 3 3 37 5 3 37 2 4 37 3 4 37 5 4 37 2 7 37 3 7 37 5 7 37 0 12 1 3 75 3 3 75 5 3 75 1 4 75 3 4 75 5 4 75 1 5 75 3 5 75 5 5 75 1 6 75 3 6 75 5 6 75 1 4 3 36 4 36 5 36 6 36 0 16 1 1 71 3 1 71 4 1 71 5 1 71 1 3 71 3 3 71 4 3 71 5 3 71 1 5 71 3 5 71 4 5 71 5 5 71 1 7 71 3 7 71 4 7 71 5 7 71 0 12 2 2 66 3 2 66 4 2 66 2 4 66 3 4 66 4 4 66 2 5 66 3 5 66 4 5 66 2 6 66 3 6 66 4 6 66 0 16 2 1 39 3 1 39 4 1 39 5 1 39 2 2 39 3 2 39 4 2 39 5 2 39 2 3 39 3 3 39 4 3 39 5 3 39 2 7 39 3 7 39 4 7 39 5 7 39 0 12 2 4 17 4 4 17 5 4 17 2 5 17 4 5 17 5 5 17 2 6 17 4 6 17 5 6 17 2 7 17 4 7 17 5 7 17 0 8 2 2 30 5 2 30 2 4 30 5 4 30 2 5 30 5 5 30 2 7 30 5 7 30 0 12 3 3 42 4 3 42 5 3 42 3 5 42 4 5 42 5 5 42 3 6 42 4 6 42 5 6 42 3 7 42 4 7 42 5 7 42 0 12 2 1 94 3 1 94 4 1 94 2 2 94 3 2 94 4 2 94 2 3 94 3 3 94 4 3 94 2 7 94 3 7 94 4 7 94 0 4 2 1 59 2 3 59 2 5 59 2 6 59 0 8 1 2 36 4 2 36 1 3 36 4 3 36 1 6 36 4 6 36 1 7 36 4 7 36 0 8 1 4 68 4 4 68 1 5 68 4 5 68 1 6 68 4 6 68 1 7 68 4 7 68 0 8 1 1 21 5 1 21 1 2 21 5 2 21 1 3 21 5 3 21 1 7 21 5 7 21 0 4 5 1 25 5 2 25 5 3 25 5 6 25 
23 0 4 5 1 65 5 2 65 5 4 65 5 7 65 0 8 2 3 58 3 3 58 2 4 58 3 4 58 2 5 58 3 5 58 2 6 58 3 6 58 0 8 1 1 65 3 1 65 1 2 65 3 2 65 1 4 65 3 4 65 1 7 65 3 7 65 0 12 1 2 36 2 2 36 4 2 36 1 3 36 2 3 36 4 3 36 1 5 36 2 5 36 4 5 36 1 7 36 2 7 36 4 7 36 0 8 3 1 45 4 1 45 3 4 45 4 4 45 3 5 45 4 5 45 3 7 45 4 7 45 0 8 2 1 82 4 1 82 2 2 82 4 2 82 2 5 82 4 5 82 2 7 82 4 7 82 0 8 1 1 42 4 1 42 1 3 42 4 3 42 1 4 42 4 4 42 1 5 42 4 5 42 1 4 1 82 2 82 3 82 6 82 0 8 2 1 51 4 1 51 2 2 51 4 2 51 2 4 51 4 4 51 2 5 51 4 5 51 0 12 3 2 75 4 2 75 5 2 75 3 4 75 4 4 75 5 4 75 3 5 75 4 5 75 5 5 75 3 6 75 4 6 75 5 6 75 0 12 1 3 35 3 3 35 5 3 35 1 5 35 3 5 35 5 5 35 1 6 35 3 6 35 5 6 35 1 7 35 3 7 35 5 7 35 1 4 1 78 2 78 4 78 5 78 0 4 1 2 43 1 3 43 1 5 43 1 7 43 0 8 3 1 77 5 1 77 3 2 77 5 2 77 3 3 77 5 3 77 3 6 77 5 6 77 0 12 1 1 42 3 1 42 5 1 42 1 3 42 3 3 42 5 3 42 1 4 42 3 4 42 5 4 42 1 5 42 3 5 42 5 5 42 0 8 1 1 18 2 1 18 1 3 18 2 3 18 1 4 18 2 4 18 1 6 18 2 6 18 0 16 1 1 63 2 1 63 3 1 63 4 1 63 1 2 63 2 2 63 3 2 63 4 2 63 1 6 63 2 6 63 3 6 63 4 6 63 1 7 63 2 7 63 3 7 63 4 7 63 1 4 3 99 5 99 6 99 7 99 0 12 1 1 16 3 1 16 4 1 16 1 5 16 3 5 16 4 5 16 1 6 16 3 6 16 4 6 16 1 7 16 3 7 16 4 7 16 0 12 2 2 34 3 2 34 5 2 34 2 3 34 3 3 34 5 3 34 2 4 34 3 4 34 5 4 34 2 6 34 3 6 34 5 6 34 0 12 2 1 99 4 1 99 5 1 99 2 2 99 4 2 99 5 2 99 2 4 99 4 4 99 5 4 99 2 5 99 4 5 99 5 5 99 0 4 2 3 87 2 4 87 2 5 87 2 6 87 0 12 1 1 46 3 1 46 5 1 46 1 2 46 3 2 46 5 2 46 1 3 46 3 3 46 5 3 46 1 7 46 3 7 46 5 7 46 
19 0 16 2 3 81 3 3 81 4 3 81 5 3 81 2 4 81 3 4 81 4 4 81 5 4 81 2 5 81 3 5 81 4 5 81 5 5 81 2 7 81 3 7 81 4 7 81 5 7 81 0 12 1 2 41 2 2 41 4 2 41 1 3 41 2 3 41 4 3 41 1 4 41 2 4 41 4 4 41 1 7 41 2 7 41 4 7 41 0 8 1 3 58 5 3 58 1 4 58 5 4 58 1 5 58 5 5 58 1 6 58 5 6 58 0 8 1 3 57 4 3 57 1 4 57 4 4 57 1 6 57 4 6 57 1 7 57 4 7 57 0 8 1 2 30 4 2 30 1 3 30 4 3 30 1 6 30 4 6 30 1 7 30 4 7 30 0 8 1 1 60 3 1 60 1 2 60 3 2 60 1 3 60 3 3 60 1 4 60 3 4 60 0 8 2 1 52 3 1 52 2 2 52 3 2 52 2 3 52 3 3 52 2 5 52 3 5 52 0 4 5 1 92 5 3 92 5 4 92 5 5 92 0 12 1 1 32 2 1 32 5 1 32 1 3 32 2 3 32 5 3 32 1 4 32 2 4 32 5 4 32 1 6 32 2 6 32 5 6 32 1 4 3 80 5 80 6 80 7 80 0 12 1 1 42 3 1 42 5 1 42 1 2 42 3 2 42 5 2 42 1 5 42 3 5 42 5 5 42 1 6 42 3 6 42 5 6 42 0 4 2 1 33 2 2 33 2 5 33 2 7 33 0 12 1 1 40 3 1 40 4 1 40 1 2 40 3 2 40 4 2 40 1 3 40 3 3 40 4 3 40 1 7 40 3 7 40 4 7 40 0 8 1 2 80 5 2 80 1 4 80 5 4 80 1 5 80 5 5 80 1 6 80 5 6 80 0 12 1 2 72 3 2 72 4 2 72 1 4 72 3 4 72 4 4 72 1 5 72 3 5 72 4 5 72 1 7 72 3 7 72 4 7 72 0 12 1 3 64 3 3 64 5 3 64 1 4 64 3 4 64 5 4 64 1 6 64 3 6 64 5 6 64 1 7 64 3 7 64 5 7 64 0 16 2 1 77 3 1 77 4 1 77 5 1 77 2 4 77 3 4 77 4 4 77 5 4 77 2 5 77 3 5 77 4 5 77 5 5 77 2 6 77 3 6 77 4 6 77 5 6 77 0 12 1 4 23 2 4 23 5 4 23 1 5 23 2 5 23 5 5 23 1 6 23 2 6 23 5 6 23 1 7 23 2 7 23 5 7 23 0 8 1 1 50 5 1 50 1 2 50 5 2 50 1 4 50 5 4 50 1 5 50 5 5 50 
