20 10 12
15 0 18 4 3 67 7 3 69 8 3 67 4 4 67 7 4 69 8 4 67 4 5 67 7 5 69 8 5 67 4 7 67 7 7 69 8 7 67 4 10 67 7 10 69 8 10 67 4 11 67 7 11 69 8 11 67 1 6 1 32 2 32 4 32 5 32 8 32 10 32 0 6 5 1 16 5 4 16 5 6 16 5 7 16 5 9 16 5 10 16 0 6 8 4 66 8 5 66 8 6 66 8 9 66 8 10 66 8 12 66 0 6 6 4 90 6 5 90 6 7 90 6 8 90 6 10 90 6 11 90 0 18 4 1 44 8 1 46 9 1 38 4 2 44 8 2 46 9 2 38 4 3 44 8 3 46 9 3 38 4 4 44 8 4 46 9 4 38 4 6 44 8 6 46 9 6 38 4 12 44 8 12 46 9 12 38 0 6 9 1 89 9 3 89 9 4 89 9 6 89 9 7 89 9 11 89 0 6 9 1 63 9 3 63 9 6 63 9 9 63 9 10 63 9 12 63 0 6 2 2 44 2 4 44 2 8 44 2 9 44 2 10 44 2 11 44 0 6 7 1 87 7 2 87 7 3 87 7 4 87 7 7 87 7 12 87 0 6 3 4 73 3 6 73 3 8 73 3 9 73 3 11 73 3 12 73 0 12 2 1 33 9 1 31 2 2 33 9 2 31 2 3 33 9 3 31 2 6 33 9 6 31 2 10 33 9 10 31 2 11 33 9 11 31 0 18 2 2 90 3 2 92 7 2 96 2 3 90 3 3 92 7 3 96 2 7 90 3 7 92 7 7 96 2 9 90 3 9 92 7 9 96 2 10 90 3 10 92 7 10 96 2 12 90 3 12 92 7 12 96 0 6 2 1 16 2 4 16 2 5 16 2 6 16 2 9 16 2 11 16 0 6 1 1 19 1 6 19 1 7 19 1 9 19 1 11 19 1 12 19 
20 0 6 4 1 90 4 3 90 4 5 90 4 6 90 4 7 90 4 8 90 0 12 3 3 27 10 3 27 3 4 27 10 4 27 3 5 27 10 5 27 3 6 27 10 6 27 3 7 27 10 7 27 3 10 27 10 10 27 0 6 9 2 77 9 3 77 9 6 77 9 8 77 9 9 77 9 11 77 0 6 10 1 40 10 2 40 10 5 40 10 9 40 10 11 40 10 12 40 0 6 8 2 70 8 5 70 8 6 70 8 8 70 8 9 70 8 11 70 0 18 1 1 47 9 1 45 10 1 47 1 2 47 9 2 45 10 2 47 1 5 47 9 5 45 10 5 47 1 6 47 9 6 45 10 6 47 1 7 47 9 7 45 10 7 47 1 9 47 9 9 45 10 9 47 0 6 1 5 56 1 6 56 1 7 56 1 9 56 1 10 56 1 12 56 0 6 6 1 44 6 4 44 6 5 44 6 6 44 6 7 44 6 9 44 0 12 3 3 50 5 3 50 3 4 50 5 4 50 3 6 50 5 6 50 3 9 50 5 9 50 3 10 50 5 10 50 3 12 50 5 12 50 1 6 5 68 6 68 7 68 9 68 10 68 12 68 0 18 1 1 75 4 1 73 10 1 74 1 2 75 4 2 73 10 2 74 1 3 75 4 3 73 10 3 74 1 4 75 4 4 73 10 4 74 1 10 75 4 10 73 10 10 74 1 11 75 4 11 73 10 11 74 0 6 10 3 75 10 5 75 10 9 75 10 10 75 10 11 75 10 12 75 0 12 5 1 79 10 1 79 5 2 79 10 2 79 5 4 79 10 4 79 5 5 79 10 5 79 5 8 79 10 8 79 5 9 79 10 9 79 0 6 6 1 45 6 3 45 6 4 45 6 5 45 6 6 45 6 9 45 0 6 10 1 94 10 2 94 10 4 94 10 10 94 10 11 94 10 12 94 0 6 7 1 65 7 2 65 7 4 65 7 6 65 7 7 65 7 11 65 0 12 2 2 31 10 2 25 2 4 31 10 4 25 2 5 31 10 5 25 2 9 31 10 9 25 2 11 31 10 11 25 2 12 31 10 12 25 0 6 4 1 85 4 2 85 4 4 85 4 5 85 4 7 85 4 8 85 0 18 3 6 75 6 6 71 8 6 71 3 7 75 6 7 71 8 7 71 3 9 75 6 9 71 8 9 71 3 10 75 6 10 71 8 10 71 3 11 75 6 11 71 8 11 71 3 12 75 6 12 71 8 12 71 0 18 1 1 44 4 1 45 6 1 45 1 2 44 4 2 45 6 2 45 1 3 44 4 3 45 6 3 45 1 6 44 4 6 45 6 6 45 1 10 44 4 10 45 6 10 45 1 11 44 4 11 45 6 11 45 
23 0 6 1 1 55 1 3 55 1 4 55 1 6 55 1 8 55 1 9 55 0 6 4 2 53 4 4 53 4 5 53 4 6 53 4 9 53 4 12 53 0 6 4 2 35 4 4 35 4 5 35 4 6 35 4 8 35 4 11 35 0 6 5 1 93 5 2 93 5 4 93 5 5 93 5 8 93 5 11 93 0 6 10 4 33 10 5 33 10 7 33 10 9 33 10 10 33 10 12 33 0 6 8 2 62 8 4 62 8 5 62 8 9 62 8 10 62 8 12 62 0 6 5 3 66 5 4 66 5 9 66 5 10 66 5 11 66 5 12 66 0 6 10 1 61 10 3 61 10 6 61 10 8 61 10 9 61 10 10 61 0 6 7 1 56 7 4 56 7 7 56 7 8 56 7 9 56 7 10 56 1 6 2 29 4 29 5 29 6 29 8 29 9 29 1 6 1 22 2 22 7 22 8 22 9 22 11 22 0 6 1 3 37 1 4 37 1 6 37 1 7 37 1 9 37 1 12 37 0 12 3 1 71 4 1 66 3 2 71 4 2 66 3 4 71 4 4 66 3 7 71 4 7 66 3 11 71 4 11 66 3 12 71 4 12 66 0 12 2 1 76 5 1 72 2 2 76 5 2 72 2 3 76 5 3 72 2 6 76 5 6 72 2 9 76 5 9 72 2 10 76 5 10 72 0 6 4 2 69 4 4 69 4 7 69 4 9 69 4 10 69 4 12 69 1 6 1 67 2 67 5 67 8 67 10 67 12 67 0 6 10 2 49 10 5 49 10 6 49 10 8 49 10 9 49 10 12 49 0 6 2 3 57 2 4 57 2 6 57 2 7 57 2 10 57 2 11 57 0 18 4 3 57 7 3 60 9 3 59 4 4 57 7 4 60 9 4 59 4 7 57 7 7 60 9 7 59 4 8 57 7 8 60 9 8 59 4 11 57 7 11 60 9 11 59 4 12 57 7 12 60 9 12 59 0 12 2 2 63 4 2 67 2 3 63 4 3 67 2 5 63 4 5 67 2 6 63 4 6 67 2 10 63 4 10 67 2 11 63 4 11 67 0 6 5 1 90 5 2 90 5 6 90 5 7 90 5 8 90 5 10 90 0 6 10 2 27 10 7 27 10 8 27 10 9 27 10 10 27 10 11 27 0 6 5 2 58 5 3 58 5 4 58 5 8 58 5 9 58 5 12 58 
18 0 12 8 2 22 9 2 24 8 5 22 9 5 24 8 6 22 9 6 24 8 9 22 9 9 24 8 10 22 9 10 24 8 12 22 9 12 24 0 6 3 2 61 3 3 61 3 4 61 3 6 61 3 10 61 3 11 61 0 6 2 3 35 2 4 35 2 8 35 2 9 35 2 10 35 2 12 35 0 6 6 1 92 6 4 92 6 5 92 6 7 92 6 11 92 6 12 92 0 6 4 1 30 4 2 30 4 4 30 4 6 30 4 8 30 4 12 30 0 6 10 1 79 10 5 79 10 6 79 10 8 79 10 10 79 10 11 79 1 6 1 42 2 42 3 42 9 42 11 42 12 42 0 12 1 2 62 8 2 63 1 3 62 8 3 63 1 4 62 8 4 63 1 9 62 8 9 63 1 10 62 8 10 63 1 11 62 8 11 63 0 6 1 1 93 1 2 93 1 3 93 1 5 93 1 9 93 1 12 93 0 6 1 3 69 1 4 69 1 6 69 1 9 69 1 11 69 1 12 69 1 6 4 89 5 89 6 89 8 89 9 89 11 89 0 6 7 2 49 7 4 49 7 6 49 7 7 49 7 9 49 7 11 49 0 6 2 1 38 2 4 38 2 5 38 2 6 38 2 7 38 2 12 38 0 18 4 1 54 6 1 54 8 1 54 4 2 54 6 2 54 8 2 54 4 7 54 6 7 54 8 7 54 4 8 54 6 8 54 8 8 54 4 9 54 6 9 54 8 9 54 4 10 54 6 10 54 8 10 54 0 6 7 1 87 7 4 87 7 5 87 7 10 87 7 11 87 7 12 87 0 12 3 2 46 7 2 38 3 3 46 7 3 38 3 5 46 7 5 38 3 7 46 7 7 38 3 9 46 7 9 38 3 11 46 7 11 38 1 6 2 81 3 81 4 81 7 81 8 81 11 81 0 12 3 5 40 9 5 40 3 6 40 9 6 40 3 7 40 9 7 40 3 9 40 9 9 40 3 10 40 9 10 40 3 12 40 9 12 40 
21 0 6 3 1 86 3 2 86 3 3 86 3 7 86 3 9 86 3 12 86 0 6 6 1 65 6 2 65 6 4 65 6 5 65 6 9 65 6 12 65 0 6 2 2 94 2 3 94 2 4 94 2 8 94 2 10 94 2 12 94 1 6 2 50 5 50 8 50 9 50 11 50 12 50 1 6 2 31 6 31 8 31 9 31 10 31 12 31 0 6 9 1 59 9 2 59 9 4 59 9 6 59 9 7 59 9 8 59 0 6 4 1 92 4 3 92 4 7 92 4 8 92 4 10 92 4 11 92 1 6 1 67 2 67 6 67 7 67 9 67 10 67 1 6 1 60 2 60 4 60 9 60 10 60 12 60 0 6 9 1 93 9 3 93 9 5 93 9 10 93 9 11 93 9 12 93 0 6 5 3 45 5 7 45 5 8 45 5 9 45 5 11 45 5 12 45 0 6 8 1 95 8 2 95 8 4 95 8 7 95 8 9 95 8 12 95 1 6 3 63 5 63 6 63 8 63 10 63 11 63 0 6 7 3 79 7 5 79 7 6 79 7 7 79 7 10 79 7 11 79 0 6 2 1 68 2 2 68 2 4 68 2 5 68 2 6 68 2 12 68 0 12 8 1 21 9 1 21 8 4 21 9 4 21 8 6 21 9 6 21 8 8 21 9 8 21 8 10 21 9 10 21 8 11 21 9 11 21 0 6 3 1 35 3 2 35 3 3 35 3 4 35 3 8 35 3 10 35 0 6 10 4 36 10 5 36 10 6 36 10 8 36 10 10 36 10 11 36 0 12 9 2 24 10 2 24 9 3 24 10 3 24 9 7 24 10 7 24 9 8 24 10 8 24 9 9 24 10 9 24 9 12 24 10 12 24 1 6 1 90 3 90 7 90 9 90 10 90 12 90 0 6 6 1 85 6 2 85 6 3 85 6 5 85 6 10 85 6 11 85 
15 0 6 10 5 70 10 6 70 10 8 70 10 9 70 10 10 70 10 12 70 1 6 1 20 2 20 4 20 6 20 7 20 11 20 0 6 8 1 81 8 3 81 8 6 81 8 8 81 8 9 81 8 12 81 0 6 5 5 42 5 7 42 5 8 42 5 9 42 5 10 42 5 12 42 0 6 10 1 70 10 5 70 10 7 70 10 8 70 10 9 70 10 10 70 0 6 5 1 43 5 3 43 5 4 43 5 5 43 5 8 43 5 9 43 0 6 2 3 95 2 5 95 2 6 95 2 9 95 2 10 95 2 11 95 0 6 10 3 22 10 4 22 10 8 22 10 9 22 10 11 22 10 12 22 0 6 10 2 35 10 4 35 10 5 35 10 6 35 10 8 35 10 10 35 0 6 5 1 87 5 3 87 5 4 87 5 5 87 5 8 87 5 11 87 0 6 6 2 72 6 5 72 6 7 72 6 8 72 6 10 72 6 11 72 1 6 1 86 3 86 4 86 7 86 8 86 9 86 0 6 10 2 52 10 6 52 10 7 52 10 9 52 10 11 52 10 12 52 0 6 6 1 32 6 2 32 6 3 32 6 6 32 6 8 32 6 10 32 0 6 5 1 47 5 3 47 5 4 47 5 7 47 5 8 47 5 10 47 
17 0 6 3 1 62 3 6 62 3 7 62 3 8 62 3 10 62 3 12 62 0 18 4 2 55 6 2 58 10 2 60 4 3 55 6 3 58 10 3 60 4 5 55 6 5 58 10 5 60 4 6 55 6 6 58 10 6 60 4 9 55 6 9 58 10 9 60 4 10 55 6 10 58 10 10 60 0 24 7 1 89 8 1 96 9 1 95 10 1 92 7 2 89 8 2 96 9 2 95 10 2 92 7 5 89 8 5 96 9 5 95 10 5 92 7 6 89 8 6 96 9 6 95 10 6 92 7 9 89 8 9 96 9 9 95 10 9 92 7 10 89 8 10 96 9 10 95 10 10 92 0 12 1 1 70 4 1 71 1 4 70 4 4 71 1 7 70 4 7 71 1 8 70 4 8 71 1 9 70 4 9 71 1 11 70 4 11 71 0 12 1 1 72 6 1 76 1 3 72 6 3 76 1 5 72 6 5 76 1 6 72 6 6 76 1 8 72 6 8 76 1 12 72 6 12 76 0 6 8 3 15 8 4 15 8 8 15 8 9 15 8 10 15 8 12 15 0 6 10 2 36 10 5 36 10 7 36 10 9 36 10 11 36 10 12 36 0 6 7 1 55 7 2 55 7 5 55 7 6 55 7 8 55 7 11 55 1 6 3 48 4 48 7 48 8 48 9 48 10 48 0 6 2 1 22 2 2 22 2 5 22 2 7 22 2 11 22 2 12 22 0 12 7 4 59 9 4 58 7 5 59 9 5 58 7 6 59 9 6 58 7 8 59 9 8 58 7 10 59 9 10 58 7 11 59 9 11 58 0 6 8 2 80 8 3 80 8 6 80 8 7 80 8 10 80 8 12 80 0 6 8 3 45 8 5 45 8 6 45 8 9 45 8 10 45 8 11 45 0 6 5 5 71 5 7 71 5 9 71 5 10 71 5 11 71 5 12 71 0 6 2 2 33 2 5 33 2 7 33 2 8 33 2 9 33 2 12 33 0 18 2 1 48 8 1 52 10 1 51 2 3 48 8 3 52 10 3 51 2 4 48 8 4 52 10 4 51 2 7 48 8 7 52 10 7 51 2 11 48 8 11 52 10 11 51 2 12 48 8 12 52 10 12 51 0 6 3 1 51 3 2 51 3 4 51 3 6 51 3 7 51 3 10 51 
25 0 6 5 1 34 5 3 34 5 4 34 5 6 34 5 7 34 5 8 34 0 6 3 2 75 3 3 75 3 6 75 3 8 75 3 9 75 3 11 75 0 6 10 3 41 10 4 41 10 6 41 10 7 41 10 10 41 10 11 41 0 12 2 1 70 7 1 67 2 4 70 7 4 67 2 5 70 7 5 67 2 9 70 7 9 67 2 10 70 7 10 67 2 11 70 7 11 67 0 6 6 1 63 6 2 63 6 5 63 6 6 63 6 9 63 6 11 63 0 12 6 1 40 10 1 44 6 3 40 10 3 44 6 4 40 10 4 44 6 5 40 10 5 44 6 7 40 10 7 44 6 10 40 10 10 44 0 6 10 2 21 10 3 21 10 4 21 10 6 21 10 7 21 10 10 21 0 18 6 2 31 8 2 36 9 2 33 6 3 31 8 3 36 9 3 33 6 7 31 8 7 36 9 7 33 6 9 31 8 9 36 9 9 33 6 10 31 8 10 36 9 10 33 6 11 31 8 11 36 9 11 33 1 6 1 45 2 45 7 45 8 45 10 45 11 45 0 6 10 4 94 10 5 94 10 7 94 10 8 94 10 10 94 10 12 94 0 12 3 1 55 4 1 62 3 2 55 4 2 62 3 6 55 4 6 62 3 7 55 4 7 62 3 9 55 4 9 62 3 10 55 4 10 62 0 6 8 1 38 8 2 38 8 3 38 8 8 38 8 10 38 8 12 38 0 6 2 3 70 2 4 70 2 7 70 2 8 70 2 9 70 2 12 70 0 6 1 1 25 1 3 25 1 5 25 1 6 25 1 8 25 1 9 25 0 12 1 3 29 4 3 29 1 4 29 4 4 29 1 6 29 4 6 29 1 9 29 4 9 29 1 10 29 4 10 29 1 11 29 4 11 29 0 6 2 2 64 2 4 64 2 7 64 2 9 64 2 10 64 2 11 64 1 6 4 57 6 57 8 57 9 57 10 57 12 57 0 6 7 2 63 7 4 63 7 5 63 7 6 63 7 8 63 7 12 63 0 6 1 1 42 1 2 42 1 3 42 1 6 42 1 8 42 1 12 42 0 12 1 3 47 4 3 44 1 7 47 4 7 44 1 8 47 4 8 44 1 9 47 4 9 44 1 10 47 4 10 44 1 11 47 4 11 44 0 6 1 1 82 1 3 82 1 5 82 1 6 82 1 7 82 1 9 82 1 6 1 43 2 43 5 43 6 43 8 43 9 43 0 6 7 4 79 7 6 79 7 7 79 7 9 79 7 11 79 7 12 79 0 6 1 1 51 1 2 51 1 7 51 1 8 51 1 11 51 1 12 51 0 6 6 1 74 6 2 74 6 5 74 6 7 74 6 9 74 6 11 74 
23 0 6 2 1 37 2 3 37 2 4 37 2 5 37 2 7 37 2 10 37 1 6 2 76 3 76 5 76 6 76 8 76 9 76 0 6 3 3 46 3 4 46 3 6 46 3 8 46 3 9 46 3 11 46 0 6 1 1 75 1 6 75 1 7 75 1 9 75 1 10 75 1 12 75 0 6 1 1 47 1 2 47 1 3 47 1 5 47 1 7 47 1 10 47 1 6 1 22 2 22 3 22 10 22 11 22 12 22 0 6 8 3 65 8 6 65 8 8 65 8 9 65 8 10 65 8 12 65 0 6 6 2 99 6 4 99 6 7 99 6 8 99 6 9 99 6 11 99 0 6 2 4 20 2 6 20 2 7 20 2 8 20 2 9 20 2 12 20 0 6 6 2 41 6 3 41 6 5 41 6 6 41 6 7 41 6 11 41 0 6 6 1 97 6 3 97 6 4 97 6 6 97 6 10 97 6 12 97 0 6 3 1 84 3 3 84 3 6 84 3 7 84 3 8 84 3 12 84 0 6 6 3 44 6 4 44 6 8 44 6 9 44 6 10 44 6 11 44 0 6 2 2 82 2 3 82 2 4 82 2 9 82 2 10 82 2 11 82 0 6 10 1 41 10 2 41 10 4 41 10 6 41 10 10 41 10 11 41 0 6 9 2 61 9 3 61 9 7 61 9 8 61 9 9 61 9 11 61 0 6 5 1 56 5 2 56 5 8 56 5 9 56 5 10 56 5 12 56 0 6 1 1 33 1 2 33 1 5 33 1 6 33 1 8 33 1 11 33 0 12 2 1 60 3 1 64 2 2 60 3 2 64 2 6 60 3 6 64 2 8 60 3 8 64 2 10 60 3 10 64 2 12 60 3 12 64 0 12 5 2 49 8 2 55 5 7 49 8 7 55 5 8 49 8 8 55 5 10 49 8 10 55 5 11 49 8 11 55 5 12 49 8 12 55 0 18 4 3 86 5 3 88 7 3 88 4 4 86 5 4 88 7 4 88 4 5 86 5 5 88 7 5 88 4 8 86 5 8 88 7 8 88 4 9 86 5 9 88 7 9 88 4 12 86 5 12 88 7 12 88 0 12 4 3 35 8 3 30 4 4 35 8 4 30 4 6 35 8 6 30 4 7 35 8 7 30 4 9 35 8 9 30 4 11 35 8 11 30 0 12 5 1 79 10 1 78 5 4 79 10 4 78 5 7 79 10 7 78 5 8 79 10 8 78 5 9 79 10 9 78 5 10 79 10 10 78 
19 0 6 2 1 41 2 3 41 2 5 41 2 6 41 2 9 41 2 10 41 0 6 9 3 35 9 4 35 9 8 35 9 9 35 9 10 35 9 12 35 0 6 3 4 40 3 6 40 3 8 40 3 9 40 3 10 40 3 11 40 1 6 3 77 4 77 7 77 8 77 9 77 11 77 0 6 7 1 69 7 4 69 7 6 69 7 8 69 7 10 69 7 11 69 0 24 3 1 62 7 1 64 9 1 65 10 1 63 3 2 62 7 2 64 9 2 65 10 2 63 3 3 62 7 3 64 9 3 65 10 3 63 3 7 62 7 7 64 9 7 65 10 7 63 3 11 62 7 11 64 9 11 65 10 11 63 3 12 62 7 12 64 9 12 65 10 12 63 0 6 1 6 74 1 7 74 1 8 74 1 10 74 1 11 74 1 12 74 0 6 7 2 24 7 5 24 7 8 24 7 9 24 7 10 24 7 11 24 0 6 7 2 51 7 3 51 7 5 51 7 8 51 7 11 51 7 12 51 0 6 2 2 21 2 4 21 2 5 21 2 6 21 2 9 21 2 12 21 0 12 6 2 45 10 2 37 6 5 45 10 5 37 6 7 45 10 7 37 6 10 45 10 10 37 6 11 45 10 11 37 6 12 45 10 12 37 0 18 2 3 25 7 3 25 9 3 23 2 4 25 7 4 25 9 4 23 2 5 25 7 5 25 9 5 23 2 7 25 7 7 25 9 7 23 2 9 25 7 9 25 9 9 23 2 11 25 7 11 25 9 11 23 0 12 1 1 73 8 1 75 1 2 73 8 2 75 1 5 73 8 5 75 1 6 73 8 6 75 1 7 73 8 7 75 1 9 73 8 9 75 0 6 3 1 86 3 3 86 3 6 86 3 8 86 3 11 86 3 12 86 1 6 1 60 3 60 7 60 8 60 10 60 11 60 0 6 4 3 90 4 4 90 4 5 90 4 7 90 4 9 90 4 10 90 0 6 3 2 54 3 4 54 3 5 54 3 9 54 3 11 54 3 12 54 0 6 2 1 79 2 4 79 2 6 79 2 7 79 2 8 79 2 11 79 0 6 4 2 60 4 3 60 4 4 60 4 8 60 4 10 60 4 12 60 
19 0 6 9 2 63 9 3 63 9 4 63 9 8 63 9 9 63 9 11 63 0 12 3 4 88 4 4 87 3 5 88 4 5 87 3 6 88 4 6 87 3 7 88 4 7 87 3 8 88 4 8 87 3 10 88 4 10 87 0 6 4 4 46 4 5 46 4 8 46 4 9 46 4 11 46 4 12 46 0 12 2 1 83 6 1 79 2 3 83 6 3 79 2 4 83 6 4 79 2 8 83 6 8 79 2 9 83 6 9 79 2 12 83 6 12 79 0 6 2 2 69 2 3 69 2 5 69 2 7 69 2 8 69 2 9 69 0 6 6 1 47 6 4 47 6 5 47 6 7 47 6 10 47 6 11 47 0 6 10 1 91 10 3 91 10 4 91 10 5 91 10 10 91 10 11 91 0 18 3 4 86 4 4 88 9 4 83 3 7 86 4 7 88 9 7 83 3 8 86 4 8 88 9 8 83 3 9 86 4 9 88 9 9 83 3 11 86 4 11 88 9 11 83 3 12 86 4 12 88 9 12 83 0 6 4 1 38 4 4 38 4 5 38 4 7 38 4 8 38 4 12 38 0 6 4 6 68 4 7 68 4 8 68 4 10 68 4 11 68 4 12 68 0 6 8 1 20 8 3 20 8 4 20 8 5 20 8 6 20 8 11 20 0 6 6 1 51 6 3 51 6 4 51 6 8 51 6 10 51 6 11 51 0 6 6 1 22 6 4 22 6 5 22 6 7 22 6 10 22 6 12 22 0 6 4 1 60 4 5 60 4 6 60 4 7 60 4 8 60 4 10 60 0 6 9 2 22 9 4 22 9 5 22 9 7 22 9 9 22 9 12 22 1 6 3 82 4 82 5 82 7 82 10 82 11 82 0 6 2 2 23 2 4 23 2 5 23 2 6 23 2 10 23 2 12 23 1 6 1 83 3 83 4 83 7 83 8 83 9 83 0 6 3 1 50 3 3 50 3 4 50 3 7 50 3 8 50 3 12 50 
21 0 6 8 2 52 8 3 52 8 6 52 8 8 52 8 9 52 8 12 52 0 12 6 3 62 10 3 59 6 5 62 10 5 59 6 7 62 10 7 59 6 9 62 10 9 59 6 10 62 10 10 59 6 12 62 10 12 59 0 12 3 1 21 5 1 16 3 2 21 5 2 16 3 4 21 5 4 16 3 5 21 5 5 16 3 10 21 5 10 16 3 11 21 5 11 16 0 6 4 1 64 4 3 64 4 8 64 4 10 64 4 11 64 4 12 64 0 6 9 1 67 9 5 67 9 6 67 9 7 67 9 10 67 9 11 67 1 6 1 46 2 46 3 46 6 46 9 46 12 46 0 12 2 2 47 4 2 47 2 3 47 4 3 47 2 4 47 4 4 47 2 7 47 4 7 47 2 9 47 4 9 47 2 10 47 4 10 47 0 6 3 1 38 3 4 38 3 6 38 3 7 38 3 10 38 3 12 38 0 6 5 1 12 5 2 12 5 4 12 5 6 12 5 11 12 5 12 12 0 6 6 1 78 6 3 78 6 4 78 6 5 78 6 9 78 6 10 78 0 6 9 2 13 9 6 13 9 7 13 9 9 13 9 11 13 9 12 13 0 6 9 1 93 9 2 93 9 4 93 9 7 93 9 9 93 9 11 93 0 6 1 4 28 1 5 28 1 6 28 1 8 28 1 9 28 1 11 28 0 6 7 2 81 7 3 81 7 4 81 7 6 81 7 9 81 7 11 81 0 24 2 1 33 4 1 37 5 1 40 6 1 39 2 3 33 4 3 37 5 3 40 6 3 39 2 6 33 4 6 37 5 6 40 6 6 39 2 7 33 4 7 37 5 7 40 6 7 39 2 10 33 4 10 37 5 10 40 6 10 39 2 11 33 4 11 37 5 11 40 6 11 39 0 6 8 2 40 8 3 40 8 5 40 8 7 40 8 8 40 8 9 40 0 6 2 2 45 2 4 45 2 5 45 2 7 45 2 9 45 2 10 45 0 6 7 1 51 7 2 51 7 3 51 7 4 51 7 6 51 7 9 51 0 6 9 4 59 9 5 59 9 6 59 9 7 59 9 8 59 9 10 59 0 6 4 2 55 4 3 55 4 4 55 4 9 55 4 10 55 4 12 55 0 6 10 1 30 10 3 30 10 5 30 10 7 30 10 10 30 10 11 30 
16 0 6 9 4 97 9 5 97 9 6 97 9 8 97 9 9 97 9 11 97 1 6 1 84 2 84 3 84 7 84 10 84 12 84 0 12 1 2 41 4 2 42 1 3 41 4 3 42 1 4 41 4 4 42 1 9 41 4 9 42 1 11 41 4 11 42 1 12 41 4 12 42 0 6 8 4 56 8 5 56 8 7 56 8 8 56 8 9 56 8 11 56 1 6 2 80 3 80 4 80 5 80 8 80 11 80 0 6 7 2 94 7 3 94 7 5 94 7 7 94 7 10 94 7 11 94 1 6 1 87 2 87 3 87 5 87 7 87 12 87 0 6 1 1 86 1 4 86 1 5 86 1 9 86 1 10 86 1 12 86 0 12 2 2 57 5 2 58 2 3 57 5 3 58 2 5 57 5 5 58 2 9 57 5 9 58 2 10 57 5 10 58 2 12 57 5 12 58 0 6 5 1 22 5 4 22 5 6 22 5 7 22 5 8 22 5 12 22 0 6 1 7 88 1 8 88 1 9 88 1 10 88 1 11 88 1 12 88 0 6 8 1 65 8 3 65 8 4 65 8 5 65 8 9 65 8 12 65 0 6 8 1 67 8 2 67 8 3 67 8 6 67 8 8 67 8 12 67 0 6 6 2 91 6 4 91 6 5 91 6 7 91 6 8 91 6 10 91 0 6 5 1 40 5 2 40 5 4 40 5 7 40 5 11 40 5 12 40 0 18 4 1 53 8 1 49 9 1 57 4 5 53 8 5 49 9 5 57 4 6 53 8 6 49 9 6 57 4 7 53 8 7 49 9 7 57 4 9 53 8 9 49 9 9 57 4 11 53 8 11 49 9 11 57 
16 0 6 3 1 60 3 3 60 3 4 60 3 6 60 3 9 60 3 12 60 0 18 3 2 26 8 2 27 9 2 27 3 6 26 8 6 27 9 6 27 3 8 26 8 8 27 9 8 27 3 9 26 8 9 27 9 9 27 3 10 26 8 10 27 9 10 27 3 11 26 8 11 27 9 11 27 1 6 2 81 3 81 5 81 6 81 10 81 11 81 1 6 2 14 4 14 6 14 7 14 10 14 11 14 0 6 8 1 17 8 5 17 8 7 17 8 8 17 8 9 17 8 11 17 0 6 1 1 63 1 2 63 1 5 63 1 9 63 1 10 63 1 12 63 0 6 6 5 60 6 6 60 6 7 60 6 8 60 6 9 60 6 12 60 0 6 2 1 42 2 2 42 2 6 42 2 7 42 2 9 42 2 11 42 0 6 9 2 69 9 4 69 9 8 69 9 10 69 9 11 69 9 12 69 0 6 2 1 73 2 2 73 2 5 73 2 8 73 2 10 73 2 12 73 0 6 8 2 50 8 3 50 8 4 50 8 5 50 8 7 50 8 12 50 0 6 10 1 23 10 2 23 10 4 23 10 7 23 10 8 23 10 9 23 0 6 4 1 48 4 3 48 4 4 48 4 7 48 4 8 48 4 12 48 0 6 3 2 72 3 3 72 3 4 72 3 7 72 3 8 72 3 11 72 1 6 1 28 3 28 4 28 7 28 9 28 10 28 1 6 1 36 4 36 8 36 9 36 11 36 12 36 
25 0 6 10 2 15 10 4 15 10 6 15 10 7 15 10 9 15 10 10 15 0 6 2 2 48 2 4 48 2 7 48 2 8 48 2 10 48 2 11 48 0 12 4 1 22 8 1 23 4 3 22 8 3 23 4 4 22 8 4 23 4 9 22 8 9 23 4 10 22 8 10 23 4 11 22 8 11 23 0 18 1 1 70 6 1 70 7 1 73 1 2 70 6 2 70 7 2 73 1 3 70 6 3 70 7 3 73 1 5 70 6 5 70 7 5 73 1 7 70 6 7 70 7 7 73 1 9 70 6 9 70 7 9 73 0 24 1 1 40 4 1 35 7 1 40 9 1 35 1 2 40 4 2 35 7 2 40 9 2 35 1 3 40 4 3 35 7 3 40 9 3 35 1 6 40 4 6 35 7 6 40 9 6 35 1 9 40 4 9 35 7 9 40 9 9 35 1 10 40 4 10 35 7 10 40 9 10 35 0 6 10 1 84 10 2 84 10 8 84 10 10 84 10 11 84 10 12 84 0 6 1 1 14 1 2 14 1 6 14 1 8 14 1 9 14 1 11 14 0 6 7 2 53 7 3 53 7 5 53 7 9 53 7 11 53 7 12 53 0 6 8 1 50 8 3 50 8 5 50 8 7 50 8 8 50 8 10 50 0 6 9 2 77 9 3 77 9 4 77 9 5 77 9 6 77 9 11 77 1 6 2 78 3 78 5 78 6 78 7 78 10 78 0 6 3 2 73 3 3 73 3 5 73 3 6 73 3 9 73 3 12 73 0 6 8 1 85 8 3 85 8 4 85 8 5 85 8 9 85 8 11 85 0 6 4 3 36 4 4 36 4 6 36 4 7 36 4 8 36 4 10 36 0 6 8 1 53 8 2 53 8 4 53 8 6 53 8 10 53 8 12 53 0 12 1 3 22 5 3 25 1 4 22 5 4 25 1 5 22 5 5 25 1 7 22 5 7 25 1 9 22 5 9 25 1 12 22 5 12 25 0 6 4 1 48 4 4 48 4 6 48 4 9 48 4 10 48 4 12 48 1 6 3 30 5 30 6 30 8 30 9 30 12 30 1 6 2 45 3 45 4 45 7 45 10 45 11 45 1 6 1 32 3 32 5 32 10 32 11 32 12 32 0 6 8 2 55 8 4 55 8 6 55 8 7 55 8 10 55 8 11 55 0 6 9 2 29 9 4 29 9 5 29 9 8 29 9 10 29 9 12 29 0 6 1 1 59 1 4 59 1 6 59 1 8 59 1 9 59 1 11 59 0 6 6 2 15 6 4 15 6 6 15 6 7 15 6 9 15 6 12 15 1 6 1 89 2 89 7 89 10 89 11 89 12 89 
17 0 6 6 1 55 6 2 55 6 5 55 6 6 55 6 7 55 6 9 55 0 6 1 1 69 1 2 69 1 3 69 1 4 69 1 6 69 1 8 69 0 18 1 6 64 3 6 63 5 6 63 1 7 64 3 7 63 5 7 63 1 8 64 3 8 63 5 8 63 1 9 64 3 9 63 5 9 63 1 11 64 3 11 63 5 11 63 1 12 64 3 12 63 5 12 63 0 6 4 1 39 4 2 39 4 4 39 4 7 39 4 9 39 4 12 39 0 6 8 3 29 8 4 29 8 9 29 8 10 29 8 11 29 8 12 29 0 6 4 1 38 4 4 38 4 6 38 4 7 38 4 10 38 4 12 38 0 6 10 3 67 10 4 67 10 5 67 10 6 67 10 11 67 10 12 67 0 6 8 3 58 8 4 58 8 5 58 8 7 58 8 10 58 8 12 58 0 6 3 1 43 3 2 43 3 4 43 3 8 43 3 10 43 3 12 43 0 6 5 4 38 5 5 38 5 8 38 5 10 38 5 11 38 5 12 38 0 12 4 2 67 8 2 63 4 3 67 8 3 63 4 5 67 8 5 63 4 10 67 8 10 63 4 11 67 8 11 63 4 12 67 8 12 63 0 6 6 3 83 6 8 83 6 9 83 6 10 83 6 11 83 6 12 83 0 6 8 2 26 8 7 26 8 8 26 8 9 26 8 10 26 8 12 26 0 12 6 5 34 7 5 32 6 6 34 7 6 32 6 7 34 7 7 32 6 8 34 7 8 32 6 9 34 7 9 32 6 10 34 7 10 32 0 6 3 1 82 3 2 82 3 3 82 3 5 82 3 6 82 3 11 82 0 6 10 2 72 10 3 72 10 6 72 10 9 72 10 11 72 10 12 72 0 12 2 2 68 7 2 68 2 5 68 7 5 68 2 6 68 7 6 68 2 7 68 7 7 68 2 10 68 7 10 68 2 12 68 7 12 68 
21 1 6 1 74 7 74 8 74 9 74 10 74 12 74 0 6 1 1 65 1 2 65 1 4 65 1 5 65 1 8 65 1 12 65 0 6 8 1 39 8 2 39 8 5 39 8 10 39 8 11 39 8 12 39 0 6 8 1 25 8 4 25 8 7 25 8 8 25 8 10 25 8 12 25 0 12 2 1 82 3 1 78 2 3 82 3 3 78 2 4 82 3 4 78 2 5 82 3 5 78 2 8 82 3 8 78 2 12 82 3 12 78 0 6 3 1 29 3 3 29 3 5 29 3 6 29 3 7 29 3 10 29 0 12 1 5 58 6 5 55 1 6 58 6 6 55 1 7 58 6 7 55 1 8 58 6 8 55 1 10 58 6 10 55 1 12 58 6 12 55 0 6 2 2 81 2 3 81 2 6 81 2 7 81 2 8 81 2 11 81 0 6 1 1 43 1 3 43 1 6 43 1 7 43 1 9 43 1 11 43 0 6 8 2 67 8 3 67 8 5 67 8 7 67 8 8 67 8 10 67 0 6 6 1 56 6 3 56 6 7 56 6 10 56 6 11 56 6 12 56 0 6 9 1 48 9 2 48 9 5 48 9 8 48 9 10 48 9 11 48 0 12 1 1 56 6 1 59 1 4 56 6 4 59 1 5 56 6 5 59 1 6 56 6 6 59 1 9 56 6 9 59 1 12 56 6 12 59 0 12 2 1 54 8 1 54 2 5 54 8 5 54 2 6 54 8 6 54 2 8 54 8 8 54 2 9 54 8 9 54 2 12 54 8 12 54 0 6 9 2 41 9 3 41 9 4 41 9 5 41 9 10 41 9 12 41 0 6 7 3 77 7 4 77 7 5 77 7 8 77 7 10 77 7 12 77 0 6 2 1 88 2 4 88 2 5 88 2 6 88 2 8 88 2 12 88 0 6 1 1 22 1 3 22 1 4 22 1 6 22 1 10 22 1 12 22 0 6 8 2 38 8 4 38 8 6 38 8 8 38 8 11 38 8 12 38 0 12 3 3 61 6 3 61 3 4 61 6 4 61 3 5 61 6 5 61 3 9 61 6 9 61 3 11 61 6 11 61 3 12 61 6 12 61 0 6 8 1 83 8 3 83 8 6 83 8 8 83 8 10 83 8 12 83 
17 0 12 4 2 16 8 2 15 4 3 16 8 3 15 4 8 16 8 8 15 4 9 16 8 9 15 4 11 16 8 11 15 4 12 16 8 12 15 0 18 5 1 43 8 1 39 10 1 39 5 3 43 8 3 39 10 3 39 5 6 43 8 6 39 10 6 39 5 7 43 8 7 39 10 7 39 5 8 43 8 8 39 10 8 39 5 12 43 8 12 39 10 12 39 0 6 6 1 16 6 2 16 6 3 16 6 6 16 6 7 16 6 10 16 0 6 3 2 78 3 3 78 3 5 78 3 7 78 3 9 78 3 12 78 0 12 1 2 47 7 2 47 1 3 47 7 3 47 1 6 47 7 6 47 1 8 47 7 8 47 1 9 47 7 9 47 1 10 47 7 10 47 0 12 6 1 78 8 1 77 6 2 78 8 2 77 6 5 78 8 5 77 6 6 78 8 6 77 6 11 78 8 11 77 6 12 78 8 12 77 0 6 9 3 23 9 4 23 9 5 23 9 6 23 9 10 23 9 12 23 1 6 1 92 3 92 4 92 7 92 10 92 11 92 0 18 3 3 73 4 3 75 8 3 75 3 4 73 4 4 75 8 4 75 3 5 73 4 5 75 8 5 75 3 6 73 4 6 75 8 6 75 3 7 73 4 7 75 8 7 75 3 9 73 4 9 75 8 9 75 0 6 4 1 44 4 2 44 4 4 44 4 7 44 4 8 44 4 10 44 0 6 6 1 84 6 2 84 6 4 84 6 5 84 6 8 84 6 9 84 0 12 5 1 76 6 1 73 5 5 76 6 5 73 5 8 76 6 8 73 5 10 76 6 10 73 5 11 76 6 11 73 5 12 76 6 12 73 0 6 8 1 90 8 7 90 8 8 90 8 9 90 8 10 90 8 11 90 0 12 1 1 39 6 1 39 1 3 39 6 3 39 1 5 39 6 5 39 1 9 39 6 9 39 1 11 39 6 11 39 1 12 39 6 12 39 0 6 2 1 47 2 2 47 2 4 47 2 6 47 2 9 47 2 12 47 0 6 3 1 94 3 4 94 3 6 94 3 7 94 3 10 94 3 11 94 0 6 8 3 90 8 5 90 8 6 90 8 7 90 8 8 90 8 11 90 
23 1 6 1 62 2 62 3 62 8 62 9 62 12 62 0 6 4 1 85 4 3 85 4 6 85 4 7 85 4 8 85 4 11 85 0 6 7 1 75 7 2 75 7 5 75 7 6 75 7 7 75 7 9 75 0 6 9 1 22 9 2 22 9 4 22 9 8 22 9 10 22 9 11 22 0 6 1 1 21 1 6 21 1 7 21 1 9 21 1 10 21 1 11 21 0 6 8 4 22 8 7 22 8 9 22 8 10 22 8 11 22 8 12 22 0 12 6 2 48 7 2 42 6 3 48 7 3 42 6 5 48 7 5 42 6 9 48 7 9 42 6 10 48 7 10 42 6 12 48 7 12 42 0 6 2 2 67 2 4 67 2 8 67 2 9 67 2 11 67 2 12 67 0 6 2 3 22 2 5 22 2 7 22 2 9 22 2 11 22 2 12 22 0 12 8 1 71 10 1 71 8 3 71 10 3 71 8 4 71 10 4 71 8 7 71 10 7 71 8 9 71 10 9 71 8 12 71 10 12 71 1 6 2 23 3 23 4 23 6 23 9 23 12 23 0 12 2 1 27 9 1 24 2 3 27 9 3 24 2 6 27 9 6 24 2 8 27 9 8 24 2 10 27 9 10 24 2 11 27 9 11 24 0 12 2 1 47 6 1 45 2 2 47 6 2 45 2 4 47 6 4 45 2 5 47 6 5 45 2 7 47 6 7 45 2 9 47 6 9 45 0 6 4 1 25 4 4 25 4 6 25 4 8 25 4 10 25 4 11 25 0 6 1 4 67 1 6 67 1 8 67 1 9 67 1 11 67 1 12 67 0 6 2 1 23 2 4 23 2 7 23 2 9 23 2 11 23 2 12 23 1 6 1 85 2 85 6 85 9 85 10 85 11 85 0 6 6 4 45 6 5 45 6 7 45 6 8 45 6 9 45 6 10 45 0 12 2 3 82 7 3 81 2 4 82 7 4 81 2 6 82 7 6 81 2 7 82 7 7 81 2 10 82 7 10 81 2 12 82 7 12 81 0 6 5 1 34 5 4 34 5 5 34 5 9 34 5 10 34 5 12 34 0 6 3 3 44 3 4 44 3 5 44 3 7 44 3 8 44 3 11 44 0 6 1 5 16 1 6 16 1 7 16 1 9 16 1 10 16 1 11 16 0 12 1 1 27 10 1 27 1 2 27 10 2 27 1 3 27 10 3 27 1 6 27 10 6 27 1 11 27 10 11 27 1 12 27 10 12 27 
16 0 12 3 1 51 4 1 48 3 5 51 4 5 48 3 7 51 4 7 48 3 9 51 4 9 48 3 10 51 4 10 48 3 11 51 4 11 48 0 6 1 5 19 1 6 19 1 8 19 1 9 19 1 11 19 1 12 19 0 6 6 3 92 6 6 92 6 7 92 6 9 92 6 11 92 6 12 92 0 6 2 1 27 2 3 27 2 8 27 2 9 27 2 10 27 2 12 27 0 12 3 2 34 7 2 32 3 3 34 7 3 32 3 4 34 7 4 32 3 8 34 7 8 32 3 10 34 7 10 32 3 12 34 7 12 32 0 6 1 1 92 1 2 92 1 4 92 1 8 92 1 11 92 1 12 92 0 6 8 1 68 8 3 68 8 7 68 8 8 68 8 9 68 8 10 68 0 6 1 3 47 1 4 47 1 6 47 1 7 47 1 10 47 1 12 47 0 12 4 4 48 6 4 44 4 5 48 6 5 44 4 6 48 6 6 44 4 7 48 6 7 44 4 9 48 6 9 44 4 10 48 6 10 44 0 6 6 1 54 6 2 54 6 5 54 6 7 54 6 9 54 6 12 54 1 6 1 89 2 89 3 89 4 89 8 89 11 89 0 6 7 1 76 7 2 76 7 5 76 7 9 76 7 10 76 7 11 76 0 6 8 1 72 8 2 72 8 5 72 8 6 72 8 7 72 8 8 72 0 12 3 1 55 7 1 57 3 2 55 7 2 57 3 5 55 7 5 57 3 7 55 7 7 57 3 10 55 7 10 57 3 12 55 7 12 57 0 6 1 1 67 1 6 67 1 7 67 1 9 67 1 11 67 1 12 67 0 6 9 5 82 9 6 82 9 8 82 9 9 82 9 11 82 9 12 82 
