10 5 7
15 0 8 1 2 42 3 2 42 1 4 42 3 4 42 1 5 42 3 5 42 1 7 42 3 7 42 0 4 3 1 62 3 2 62 3 3 62 3 7 62 0 4 5 1 22 5 2 22 5 3 22 5 6 22 0 8 2 1 16 4 1 16 2 3 16 4 3 16 2 4 16 4 4 16 2 6 16 4 6 16 1 4 1 96 4 96 5 96 6 96 0 4 5 2 24 5 3 24 5 6 24 5 7 24 0 4 5 3 63 5 5 63 5 6 63 5 7 63 0 12 1 3 29 3 3 29 5 3 29 1 4 29 3 4 29 5 4 29 1 5 29 3 5 29 5 5 29 1 6 29 3 6 29 5 6 29 0 4 2 1 83 2 3 83 2 4 83 2 6 83 0 4 3 2 23 3 3 23 3 5 23 3 6 23 0 4 5 2 66 5 5 66 5 6 66 5 7 66 0 4 2 1 29 2 2 29 2 3 29 2 6 29 0 4 5 1 11 5 4 11 5 6 11 5 7 11 1 4 1 62 3 62 6 62 7 62 1 4 2 94 3 94 6 94 7 94 
20 0 12 3 2 41 4 2 41 5 2 41 3 3 41 4 3 41 5 3 41 3 5 41 4 5 41 5 5 41 3 7 41 4 7 41 5 7 41 0 8 2 2 90 4 2 90 2 4 90 4 4 90 2 6 90 4 6 90 2 7 90 4 7 90 0 4 1 1 63 1 2 63 1 3 63 1 6 63 0 8 3 1 45 5 1 45 3 4 45 5 4 45 3 6 45 5 6 45 3 7 45 5 7 45 0 8 2 1 91 4 1 91 2 3 91 4 3 91 2 4 91 4 4 91 2 5 91 4 5 91 0 8 1 1 73 3 1 73 1 3 73 3 3 73 1 4 73 3 4 73 1 7 73 3 7 73 0 12 3 1 31 4 1 31 5 1 31 3 2 31 4 2 31 5 2 31 3 6 31 4 6 31 5 6 31 3 7 31 4 7 31 5 7 31 0 4 4 1 97 4 3 97 4 5 97 4 6 97 0 8 2 1 11 3 1 11 2 3 11 3 3 11 2 4 11 3 4 11 2 5 11 3 5 11 0 8 4 1 20 5 1 20 4 2 20 5 2 20 4 6 20 5 6 20 4 7 20 5 7 20 0 4 2 1 90 2 2 90 2 3 90 2 4 90 0 4 2 2 21 2 4 21 2 6 21 2 7 21 0 8 3 1 78 4 1 78 3 2 78 4 2 78 3 4 78 4 4 78 3 6 78 4 6 78 1 4 2 37 3 37 6 37 7 37 0 4 3 2 68 3 3 68 3 5 68 3 7 68 0 4 5 2 48 5 4 48 5 5 48 5 6 48 0 4 4 1 55 4 2 55 4 3 55 4 4 55 0 12 1 3 38 2 3 38 3 3 38 1 4 38 2 4 38 3 4 38 1 5 38 2 5 38 3 5 38 1 6 38 2 6 38 3 6 38 0 12 1 1 49 3 1 49 4 1 49 1 2 49 3 2 49 4 2 49 1 3 49 3 3 49 4 3 49 1 5 49 3 5 49 4 5 49 0 8 1 1 69 3 1 69 1 4 69 3 4 69 1 5 69 3 5 69 1 7 69 3 7 69 
23 0 12 2 1 73 4 1 73 5 1 73 2 3 73 4 3 73 5 3 73 2 4 73 4 4 73 5 4 73 2 6 73 4 6 73 5 6 73 0 12 2 1 80 4 1 80 5 1 80 2 2 80 4 2 80 5 2 80 2 5 80 4 5 80 5 5 80 2 6 80 4 6 80 5 6 80 0 4 5 2 83 5 3 83 5 4 83 5 7 83 0 4 2 1 39 2 2 39 2 3 39 2 7 39 0 8 3 2 98 5 2 98 3 3 98 5 3 98 3 6 98 5 6 98 3 7 98 5 7 98 0 12 1 2 71 2 2 71 4 2 71 1 3 71 2 3 71 4 3 71 1 4 71 2 4 71 4 4 71 1 5 71 2 5 71 4 5 71 1 4 1 24 2 24 3 24 7 24 0 4 4 2 89 4 3 89 4 5 89 4 7 89 0 8 1 1 73 3 1 73 1 2 73 3 2 73 1 5 73 3 5 73 1 7 73 3 7 73 0 8 3 1 44 4 1 44 3 2 44 4 2 44 3 3 44 4 3 44 3 5 44 4 5 44 0 4 1 2 61 1 3 61 1 4 61 1 7 61 0 4 4 2 53 4 3 53 4 4 53 4 5 53 0 8 4 2 35 5 2 35 4 4 35 5 4 35 4 5 35 5 5 35 4 7 35 5 7 35 0 4 1 1 95 1 4 95 1 5 95 1 6 95 0 4 4 2 33 4 4 33 4 5 33 4 6 33 0 12 3 1 59 4 1 59 5 1 59 3 2 59 4 2 59 5 2 59 3 3 59 4 3 59 5 3 59 3 7 59 4 7 59 5 7 59 0 8 3 1 68 4 1 68 3 4 68 4 4 68 3 6 68 4 6 68 3 7 68 4 7 68 1 4 2 61 3 61 4 61 6 61 0 8 1 2 56 5 2 56 1 4 56 5 4 56 1 5 56 5 5 56 1 7 56 5 7 56 0 4 4 1 28 4 4 28 4 5 28 4 7 28 0 8 3 1 18 4 1 18 3 2 18 4 2 18 3 4 18 4 4 18 3 7 18 4 7 18 1 4 4 35 5 35 6 35 7 35 0 4 4 1 73 4 2 73 4 3 73 4 7 73 
18 0 12 1 2 78 3 2 78 4 2 78 1 3 78 3 3 78 4 3 78 1 6 78 3 6 78 4 6 78 1 7 78 3 7 78 4 7 78 0 4 5 3 70 5 4 70 5 5 70 5 6 70 0 4 4 2 65 4 3 65 4 4 65 4 7 65 0 8 2 1 44 4 1 44 2 3 44 4 3 44 2 4 44 4 4 44 2 6 44 4 6 44 0 4 4 1 56 4 2 56 4 5 56 4 7 56 0 12 1 4 60 4 4 60 5 4 60 1 5 60 4 5 60 5 5 60 1 6 60 4 6 60 5 6 60 1 7 60 4 7 60 5 7 60 1 4 2 69 3 69 5 69 6 69 0 4 1 1 94 1 3 94 1 5 94 1 6 94 0 4 2 2 28 2 4 28 2 5 28 2 7 28 0 8 3 1 63 4 1 63 3 2 63 4 2 63 3 4 63 4 4 63 3 5 63 4 5 63 0 4 1 1 17 1 2 17 1 5 17 1 6 17 0 4 2 1 61 2 2 61 2 5 61 2 7 61 0 12 1 1 34 4 1 34 5 1 34 1 3 34 4 3 34 5 3 34 1 5 34 4 5 34 5 5 34 1 7 34 4 7 34 5 7 34 0 4 5 1 96 5 3 96 5 4 96 5 6 96 0 12 3 1 31 4 1 31 5 1 31 3 4 31 4 4 31 5 4 31 3 5 31 4 5 31 5 5 31 3 7 31 4 7 31 5 7 31 0 8 2 2 82 3 2 82 2 4 82 3 4 82 2 6 82 3 6 82 2 7 82 3 7 82 0 8 1 1 40 3 1 40 1 2 40 3 2 40 1 6 40 3 6 40 1 7 40 3 7 40 0 4 3 2 63 3 3 63 3 5 63 3 6 63 
21 0 12 1 2 95 2 2 95 3 2 95 1 4 95 2 4 95 3 4 95 1 5 95 2 5 95 3 5 95 1 6 95 2 6 95 3 6 95 0 12 1 1 68 2 1 68 4 1 68 1 2 68 2 2 68 4 2 68 1 5 68 2 5 68 4 5 68 1 7 68 2 7 68 4 7 68 0 12 1 1 91 4 1 91 5 1 91 1 2 91 4 2 91 5 2 91 1 6 91 4 6 91 5 6 91 1 7 91 4 7 91 5 7 91 0 8 3 1 43 4 1 43 3 2 43 4 2 43 3 4 43 4 4 43 3 7 43 4 7 43 0 8 3 1 32 5 1 32 3 2 32 5 2 32 3 5 32 5 5 32 3 7 32 5 7 32 0 12 1 2 54 2 2 54 3 2 54 1 3 54 2 3 54 3 3 54 1 6 54 2 6 54 3 6 54 1 7 54 2 7 54 3 7 54 0 8 1 1 92 3 1 92 1 3 92 3 3 92 1 6 92 3 6 92 1 7 92 3 7 92 0 4 2 1 40 2 3 40 2 4 40 2 5 40 0 8 1 2 84 3 2 84 1 3 84 3 3 84 1 4 84 3 4 84 1 6 84 3 6 84 0 4 1 2 38 1 3 38 1 5 38 1 7 38 0 4 2 4 94 2 5 94 2 6 94 2 7 94 0 4 1 1 63 1 3 63 1 4 63 1 7 63 1 4 2 99 5 99 6 99 7 99 1 4 1 45 3 45 4 45 6 45 1 4 1 28 2 28 4 28 5 28 1 4 2 59 3 59 5 59 7 59 0 8 4 1 97 5 1 97 4 3 97 5 3 97 4 4 97 5 4 97 4 5 97 5 5 97 0 4 5 1 69 5 2 69 5 3 69 5 7 69 0 4 5 1 61 5 4 61 5 5 61 5 6 61 0 4 5 1 98 5 2 98 5 4 98 5 6 98 0 4 3 2 42 3 3 42 3 5 42 3 7 42 
15 0 4 2 2 100 2 3 100 2 4 100 2 5 100 0 4 1 1 68 1 3 68 1 5 68 1 6 68 0 4 4 2 83 4 3 83 4 4 83 4 7 83 1 4 1 69 3 69 4 69 5 69 0 16 2 2 17 3 2 17 4 2 17 5 2 17 2 3 17 3 3 17 4 3 17 5 3 17 2 4 17 3 4 17 4 4 17 5 4 17 2 6 17 3 6 17 4 6 17 5 6 17 1 4 2 26 4 26 5 26 6 26 0 8 3 1 29 4 1 29 3 2 29 4 2 29 3 4 29 4 4 29 3 7 29 4 7 29 1 4 3 20 4 20 5 20 6 20 0 12 2 1 100 4 1 100 5 1 100 2 3 100 4 3 100 5 3 100 2 4 100 4 4 100 5 4 100 2 5 100 4 5 100 5 5 100 1 4 1 87 2 87 6 87 7 87 0 8 3 1 67 5 1 67 3 3 67 5 3 67 3 4 67 5 4 67 3 6 67 5 6 67 0 12 1 1 16 3 1 16 5 1 16 1 2 16 3 2 16 5 2 16 1 4 16 3 4 16 5 4 16 1 7 16 3 7 16 5 7 16 0 4 2 2 86 2 3 86 2 4 86 2 6 86 0 4 5 2 36 5 5 36 5 6 36 5 7 36 0 8 2 1 73 5 1 73 2 3 73 5 3 73 2 4 73 5 4 73 2 5 73 5 5 73 
17 0 4 5 1 41 5 2 41 5 4 41 5 5 41 0 4 4 1 100 4 2 100 4 3 100 4 4 100 0 4 4 4 23 4 5 23 4 6 23 4 7 23 0 8 4 2 33 5 2 33 4 3 33 5 3 33 4 4 33 5 4 33 4 5 33 5 5 33 1 4 3 92 5 92 6 92 7 92 0 4 3 1 74 3 4 74 3 5 74 3 6 74 0 4 5 2 90 5 3 90 5 5 90 5 6 90 0 8 1 2 49 5 2 49 1 3 49 5 3 49 1 4 49 5 4 49 1 5 49 5 5 49 0 4 4 1 34 4 2 34 4 3 34 4 6 34 0 4 4 3 47 4 5 47 4 6 47 4 7 47 0 4 5 3 62 5 4 62 5 6 62 5 7 62 0 4 1 2 59 1 4 59 1 5 59 1 7 59 0 8 4 3 98 5 3 98 4 4 98 5 4 98 4 5 98 5 5 98 4 6 98 5 6 98 0 4 4 3 73 4 5 73 4 6 73 4 7 73 0 12 1 1 79 4 1 79 5 1 79 1 3 79 4 3 79 5 3 79 1 5 79 4 5 79 5 5 79 1 6 79 4 6 79 5 6 79 0 4 1 1 10 1 2 10 1 4 10 1 5 10 0 4 3 1 32 3 2 32 3 3 32 3 7 32 
25 0 8 4 1 55 5 1 55 4 2 55 5 2 55 4 3 55 5 3 55 4 6 55 5 6 55 1 4 1 53 2 53 3 53 6 53 0 4 3 1 19 3 2 19 3 4 19 3 6 19 0 4 4 1 55 4 5 55 4 6 55 4 7 55 0 8 4 3 88 5 3 88 4 4 88 5 4 88 4 6 88 5 6 88 4 7 88 5 7 88 0 4 2 2 46 2 3 46 2 6 46 2 7 46 0 4 3 1 73 3 2 73 3 4 73 3 5 73 0 4 1 4 30 1 5 30 1 6 30 1 7 30 0 12 1 1 48 4 1 48 5 1 48 1 2 48 4 2 48 5 2 48 1 3 48 4 3 48 5 3 48 1 6 48 4 6 48 5 6 48 0 4 5 1 50 5 2 50 5 3 50 5 5 50 0 8 1 1 37 4 1 37 1 2 37 4 2 37 1 3 37 4 3 37 1 6 37 4 6 37 0 12 3 1 75 4 1 75 5 1 75 3 2 75 4 2 75 5 2 75 3 3 75 4 3 75 5 3 75 3 5 75 4 5 75 5 5 75 0 8 1 1 36 5 1 36 1 4 36 5 4 36 1 5 36 5 5 36 1 7 36 5 7 36 0 8 1 1 71 3 1 71 1 2 71 3 2 71 1 5 71 3 5 71 1 7 71 3 7 71 0 8 1 2 66 5 2 66 1 3 66 5 3 66 1 4 66 5 4 66 1 5 66 5 5 66 0 8 4 1 39 5 1 39 4 2 39 5 2 39 4 4 39 5 4 39 4 6 39 5 6 39 0 4 3 1 17 3 2 17 3 3 17 3 6 17 0 8 2 1 30 5 1 30 2 2 30 5 2 30 2 6 30 5 6 30 2 7 30 5 7 30 0 8 2 3 42 5 3 42 2 5 42 5 5 42 2 6 42 5 6 42 2 7 42 5 7 42 1 4 1 94 2 94 4 94 7 94 0 4 2 1 59 2 2 59 2 4 59 2 6 59 1 4 1 36 2 36 4 36 7 36 1 4 1 68 4 68 5 68 7 68 0 8 2 1 21 5 1 21 2 3 21 5 3 21 2 6 21 5 6 21 2 7 21 5 7 21 0 4 1 1 25 1 3 25 1 4 25 1 6 25 
23 0 8 2 2 65 3 2 65 2 4 65 3 4 65 2 6 65 3 6 65 2 7 65 3 7 65 0 8 1 3 58 3 3 58 1 5 58 3 5 58 1 6 58 3 6 58 1 7 58 3 7 58 1 4 3 65 5 65 6 65 7 65 0 8 1 1 36 2 1 36 1 4 36 2 4 36 1 5 36 2 5 36 1 7 36 2 7 36 1 4 1 45 2 45 3 45 4 45 0 16 2 1 82 3 1 82 4 1 82 5 1 82 2 2 82 3 2 82 4 2 82 5 2 82 2 3 82 3 3 82 4 3 82 5 3 82 2 7 82 3 7 82 4 7 82 5 7 82 0 4 2 1 42 2 3 42 2 4 42 2 7 42 0 12 1 2 82 2 2 82 4 2 82 1 3 82 2 3 82 4 3 82 1 4 82 2 4 82 4 4 82 1 5 82 2 5 82 4 5 82 1 4 2 51 3 51 5 51 7 51 1 4 2 75 4 75 6 75 7 75 0 4 3 1 35 3 2 35 3 4 35 3 7 35 0 4 2 1 78 2 2 78 2 5 78 2 6 78 0 8 2 1 43 3 1 43 2 2 43 3 2 43 2 4 43 3 4 43 2 6 43 3 6 43 0 8 4 3 77 5 3 77 4 4 77 5 4 77 4 5 77 5 5 77 4 7 77 5 7 77 0 8 1 1 42 3 1 42 1 2 42 3 2 42 1 3 42 3 3 42 1 6 42 3 6 42 0 12 2 2 18 3 2 18 5 2 18 2 3 18 3 3 18 5 3 18 2 4 18 3 4 18 5 4 18 2 5 18 3 5 18 5 5 18 0 8 2 1 63 5 1 63 2 2 63 5 2 63 2 5 63 5 5 63 2 7 63 5 7 63 0 4 2 3 99 2 4 99 2 5 99 2 6 99 0 4 3 1 16 3 2 16 3 4 16 3 5 16 0 12 2 3 34 4 3 34 5 3 34 2 5 34 4 5 34 5 5 34 2 6 34 4 6 34 5 6 34 2 7 34 4 7 34 5 7 34 0 8 1 1 99 2 1 99 1 2 99 2 2 99 1 3 99 2 3 99 1 5 99 2 5 99 0 4 2 1 87 2 2 87 2 3 87 2 6 87 0 4 4 1 46 4 2 46 4 6 46 4 7 46 
19 0 8 2 1 81 4 1 81 2 3 81 4 3 81 2 5 81 4 5 81 2 7 81 4 7 81 0 4 1 1 41 1 5 41 1 6 41 1 7 41 0 4 1 1 58 1 4 58 1 5 58 1 6 58 1 4 2 57 4 57 5 57 6 57 1 4 1 30 2 30 4 30 6 30 0 8 3 1 60 4 1 60 3 2 60 4 2 60 3 5 60 4 5 60 3 6 60 4 6 60 0 8 1 4 52 3 4 52 1 5 52 3 5 52 1 6 52 3 6 52 1 7 52 3 7 52 0 4 2 1 92 2 5 92 2 6 92 2 7 92 0 4 1 1 32 1 3 32 1 5 32 1 7 32 0 8 2 3 80 5 3 80 2 4 80 5 4 80 2 6 80 5 6 80 2 7 80 5 7 80 0 8 1 3 42 5 3 42 1 4 42 5 4 42 1 5 42 5 5 42 1 7 42 5 7 42 0 4 5 1 33 5 4 33 5 5 33 5 7 33 0 8 1 2 40 2 2 40 1 3 40 2 3 40 1 4 40 2 4 40 1 6 40 2 6 40 0 4 2 1 80 2 5 80 2 6 80 2 7 80 0 8 2 3 72 3 3 72 2 4 72 3 4 72 2 5 72 3 5 72 2 6 72 3 6 72 0 4 3 1 64 3 2 64 3 4 64 3 7 64 0 12 1 1 77 2 1 77 5 1 77 1 2 77 2 2 77 5 2 77 1 3 77 2 3 77 5 3 77 1 7 77 2 7 77 5 7 77 1 4 1 23 4 23 5 23 7 23 0 8 1 1 50 5 1 50 1 2 50 5 2 50 1 4 50 5 4 50 1 6 50 5 6 50 
