15 8 10
15 0 5 4 2 27 4 3 27 4 4 27 4 5 27 4 8 27 0 5 8 2 60 8 5 60 8 7 60 8 8 60 8 9 60 0 5 1 4 36 1 5 36 1 7 36 1 8 36 1 10 36 0 5 4 2 80 4 3 80 4 4 80 4 6 80 4 8 80 0 5 7 1 26 7 4 26 7 7 26 7 8 26 7 9 26 0 10 1 2 68 3 2 65 1 4 68 3 4 65 1 6 68 3 6 65 1 9 68 3 9 65 1 10 68 3 10 65 1 5 1 30 3 30 6 30 8 30 9 30 1 5 2 16 3 16 4 16 6 16 7 16 1 5 1 56 2 56 3 56 6 56 10 56 0 5 6 1 90 6 5 90 6 6 90 6 7 90 6 9 90 0 5 1 2 42 1 5 42 1 7 42 1 8 42 1 10 42 0 5 5 1 90 5 4 90 5 5 90 5 6 90 5 10 90 0 15 2 1 67 5 1 68 6 1 67 2 2 67 5 2 68 6 2 67 2 5 67 5 5 68 6 5 67 2 6 67 5 6 68 6 6 67 2 9 67 5 9 68 6 9 67 1 5 1 46 2 46 3 46 8 46 10 46 0 5 1 4 89 1 5 89 1 6 89 1 8 89 1 10 89 
20 0 5 6 4 68 6 5 68 6 8 68 6 9 68 6 10 68 0 5 6 3 34 6 4 34 6 6 34 6 7 34 6 9 34 0 5 3 1 92 3 2 92 3 3 92 3 6 92 3 9 92 0 15 3 1 16 7 1 17 8 1 18 3 2 16 7 2 17 8 2 18 3 6 16 7 6 17 8 6 18 3 8 16 7 8 17 8 8 18 3 9 16 7 9 17 8 9 18 0 5 3 4 24 3 5 24 3 6 24 3 8 24 3 10 24 0 5 1 2 91 1 3 91 1 4 91 1 5 91 1 9 91 0 5 7 1 24 7 5 24 7 7 24 7 9 24 7 10 24 0 5 8 2 73 8 3 73 8 4 73 8 6 73 8 10 73 0 5 5 3 37 5 4 37 5 7 37 5 8 37 5 9 37 0 5 7 2 67 7 4 67 7 8 67 7 9 67 7 10 67 0 5 4 1 49 4 3 49 4 5 49 4 6 49 4 7 49 0 15 3 1 55 6 1 55 7 1 55 3 3 55 6 3 55 7 3 55 3 4 55 6 4 55 7 4 55 3 5 55 6 5 55 7 5 55 3 9 55 6 9 55 7 9 55 0 5 3 2 39 3 3 39 3 6 39 3 7 39 3 10 39 0 5 2 1 50 2 2 50 2 6 50 2 8 50 2 10 50 0 5 1 5 69 1 6 69 1 8 69 1 9 69 1 10 69 0 5 6 3 70 6 5 70 6 7 70 6 8 70 6 10 70 0 5 7 3 77 7 6 77 7 7 77 7 8 77 7 9 77 0 5 6 1 85 6 5 85 6 8 85 6 9 85 6 10 85 1 5 1 41 2 41 6 41 9 41 10 41 0 5 3 2 89 3 4 89 3 6 89 3 7 89 3 10 89 
23 0 5 1 4 74 1 5 74 1 6 74 1 8 74 1 9 74 0 10 1 2 24 4 2 27 1 3 24 4 3 27 1 5 24 4 5 27 1 7 24 4 7 27 1 8 24 4 8 27 0 15 4 1 85 5 1 85 6 1 85 4 4 85 5 4 85 6 4 85 4 5 85 5 5 85 6 5 85 4 6 85 5 6 85 6 6 85 4 8 85 5 8 85 6 8 85 0 5 5 3 71 5 4 71 5 7 71 5 9 71 5 10 71 0 5 5 1 47 5 2 47 5 4 47 5 6 47 5 7 47 0 10 3 2 60 5 2 56 3 4 60 5 4 56 3 6 60 5 6 56 3 9 60 5 9 56 3 10 60 5 10 56 0 5 6 1 56 6 7 56 6 8 56 6 9 56 6 10 56 1 5 2 37 5 37 7 37 8 37 9 37 0 5 6 1 95 6 2 95 6 5 95 6 6 95 6 10 95 0 5 8 1 36 8 2 36 8 3 36 8 5 36 8 10 36 0 5 5 1 58 5 4 58 5 6 58 5 8 58 5 9 58 0 5 2 1 69 2 3 69 2 4 69 2 7 69 2 10 69 0 5 3 1 61 3 3 61 3 4 61 3 5 61 3 10 61 1 5 2 56 4 56 6 56 7 56 8 56 1 5 1 35 2 35 3 35 4 35 5 35 0 5 2 1 25 2 4 25 2 5 25 2 6 25 2 9 25 0 10 2 3 41 6 3 35 2 4 41 6 4 35 2 5 41 6 5 35 2 7 41 6 7 35 2 10 41 6 10 35 0 5 7 1 75 7 2 75 7 3 75 7 8 75 7 9 75 0 15 2 4 76 4 4 78 7 4 76 2 5 76 4 5 78 7 5 76 2 6 76 4 6 78 7 6 76 2 7 76 4 7 78 7 7 76 2 9 76 4 9 78 7 9 76 0 10 2 2 69 4 2 69 2 5 69 4 5 69 2 6 69 4 6 69 2 7 69 4 7 69 2 8 69 4 8 69 0 5 1 1 67 1 3 67 1 4 67 1 5 67 1 8 67 0 5 7 4 41 7 5 41 7 7 41 7 8 41 7 9 41 0 5 3 1 56 3 2 56 3 5 56 3 7 56 3 9 56 
18 0 5 7 3 62 7 5 62 7 7 62 7 9 62 7 10 62 1 5 2 66 3 66 5 66 6 66 9 66 0 5 7 3 93 7 4 93 7 6 93 7 7 93 7 10 93 0 5 5 1 33 5 3 33 5 8 33 5 9 33 5 10 33 1 5 3 62 4 62 5 62 9 62 10 62 0 5 2 3 22 2 4 22 2 6 22 2 8 22 2 10 22 0 5 2 3 58 2 5 58 2 6 58 2 9 58 2 10 58 0 5 6 2 36 6 3 36 6 5 36 6 7 36 6 8 36 0 5 6 1 94 6 2 94 6 4 94 6 6 94 6 7 94 0 10 4 1 31 7 1 35 4 2 31 7 2 35 4 3 31 7 3 35 4 6 31 7 6 35 4 10 31 7 10 35 0 5 5 1 77 5 4 77 5 7 77 5 9 77 5 10 77 0 5 1 4 38 1 6 38 1 7 38 1 9 38 1 10 38 0 5 1 2 62 1 3 62 1 4 62 1 5 62 1 6 62 0 10 1 3 91 4 3 90 1 5 91 4 5 90 1 6 91 4 6 90 1 8 91 4 8 90 1 10 91 4 10 90 0 5 5 2 66 5 3 66 5 5 66 5 6 66 5 9 66 0 5 6 1 87 6 3 87 6 4 87 6 5 87 6 6 87 0 5 2 2 47 2 7 47 2 8 47 2 9 47 2 10 47 0 5 7 2 34 7 5 34 7 6 34 7 8 34 7 10 34 
21 0 5 5 1 54 5 2 54 5 4 54 5 8 54 5 9 54 0 10 5 1 88 8 1 91 5 4 88 8 4 91 5 6 88 8 6 91 5 8 88 8 8 91 5 10 88 8 10 91 0 15 2 2 41 5 2 43 7 2 41 2 5 41 5 5 43 7 5 41 2 7 41 5 7 43 7 7 41 2 8 41 5 8 43 7 8 41 2 10 41 5 10 43 7 10 41 0 5 5 1 81 5 4 81 5 6 81 5 7 81 5 8 81 0 5 5 2 41 5 6 41 5 8 41 5 9 41 5 10 41 0 5 8 3 95 8 4 95 8 6 95 8 7 95 8 10 95 0 5 5 3 62 5 4 62 5 5 62 5 6 62 5 7 62 0 5 6 2 90 6 5 90 6 6 90 6 7 90 6 8 90 0 10 1 1 51 2 1 47 1 4 51 2 4 47 1 7 51 2 7 47 1 8 51 2 8 47 1 9 51 2 9 47 0 5 7 3 36 7 5 36 7 7 36 7 9 36 7 10 36 0 5 8 3 59 8 4 59 8 5 59 8 8 59 8 9 59 0 5 5 1 96 5 2 96 5 3 96 5 6 96 5 8 96 0 5 5 1 67 5 3 67 5 5 67 5 6 67 5 9 67 0 5 6 5 59 6 6 59 6 7 59 6 9 59 6 10 59 0 15 4 1 93 5 1 93 8 1 88 4 3 93 5 3 93 8 3 88 4 6 93 5 6 93 8 6 88 4 8 93 5 8 93 8 8 88 4 9 93 5 9 93 8 9 88 1 5 1 48 2 48 3 48 5 48 8 48 1 5 1 95 2 95 8 95 9 95 10 95 0 5 4 2 64 4 4 64 4 5 64 4 6 64 4 10 64 0 10 2 2 80 3 2 80 2 3 80 3 3 80 2 5 80 3 5 80 2 6 80 3 6 80 2 7 80 3 7 80 1 5 1 68 2 68 3 68 7 68 9 68 0 5 5 2 21 5 3 21 5 5 21 5 7 21 5 8 21 
15 0 5 4 3 30 4 4 30 4 6 30 4 7 30 4 10 30 0 5 4 3 30 4 4 30 4 5 30 4 7 30 4 10 30 0 10 5 2 24 7 2 20 5 3 24 7 3 20 5 6 24 7 6 20 5 8 24 7 8 20 5 9 24 7 9 20 0 5 1 1 98 1 3 98 1 6 98 1 9 98 1 10 98 0 10 2 2 86 8 2 89 2 3 86 8 3 89 2 4 86 8 4 89 2 5 86 8 5 89 2 6 86 8 6 89 0 10 4 3 65 8 3 64 4 4 65 8 4 64 4 5 65 8 5 64 4 7 65 8 7 64 4 9 65 8 9 64 0 10 5 2 20 6 2 20 5 3 20 6 3 20 5 5 20 6 5 20 5 6 20 6 6 20 5 9 20 6 9 20 0 5 4 1 83 4 2 83 4 6 83 4 8 83 4 10 83 0 5 2 1 41 2 2 41 2 3 41 2 4 41 2 9 41 0 5 8 2 71 8 4 71 8 5 71 8 7 71 8 8 71 1 5 3 43 5 43 7 43 8 43 9 43 0 5 3 2 90 3 4 90 3 7 90 3 9 90 3 10 90 0 5 6 1 24 6 2 24 6 4 24 6 5 24 6 8 24 0 5 7 2 36 7 3 36 7 4 36 7 6 36 7 10 36 0 5 6 2 84 6 3 84 6 4 84 6 5 84 6 8 84 
17 0 5 5 1 72 5 2 72 5 3 72 5 4 72 5 7 72 0 5 3 1 86 3 2 86 3 4 86 3 6 86 3 9 86 0 5 2 3 54 2 4 54 2 5 54 2 6 54 2 7 54 0 5 6 1 36 6 3 36 6 4 36 6 6 36 6 9 36 0 5 6 4 51 6 5 51 6 7 51 6 8 51 6 10 51 0 5 4 1 60 4 2 60 4 3 60 4 4 60 4 7 60 0 5 4 1 55 4 2 55 4 5 55 4 6 55 4 8 55 0 5 5 1 93 5 3 93 5 4 93 5 6 93 5 8 93 0 5 3 1 66 3 6 66 3 7 66 3 8 66 3 9 66 0 5 1 2 76 1 3 76 1 6 76 1 7 76 1 8 76 0 5 6 2 15 6 4 15 6 6 15 6 7 15 6 8 15 0 5 5 4 35 5 5 35 5 7 35 5 9 35 5 10 35 0 10 7 1 54 8 1 55 7 3 54 8 3 55 7 4 54 8 4 55 7 5 54 8 5 55 7 7 54 8 7 55 0 5 4 1 50 4 2 50 4 4 50 4 6 50 4 9 50 0 5 5 1 19 5 3 19 5 4 19 5 9 19 5 10 19 0 5 4 1 55 4 2 55 4 4 55 4 8 55 4 9 55 1 5 2 80 3 80 5 80 6 80 9 80 
25 0 5 5 3 52 5 4 52 5 7 52 5 9 52 5 10 52 0 5 7 1 71 7 2 71 7 3 71 7 4 71 7 10 71 0 5 8 2 33 8 4 33 8 5 33 8 6 33 8 9 33 0 5 4 2 53 4 3 53 4 4 53 4 5 53 4 7 53 0 5 1 4 53 1 6 53 1 8 53 1 9 53 1 10 53 0 5 5 4 38 5 5 38 5 6 38 5 7 38 5 10 38 0 5 4 5 71 4 6 71 4 7 71 4 9 71 4 10 71 0 5 4 1 38 4 2 38 4 4 38 4 5 38 4 9 38 0 5 8 3 69 8 4 69 8 5 69 8 7 69 8 10 69 0 5 8 1 65 8 2 65 8 4 65 8 5 65 8 6 65 0 5 4 2 44 4 3 44 4 4 44 4 5 44 4 8 44 0 5 8 1 17 8 4 17 8 5 17 8 7 17 8 9 17 0 5 5 2 33 5 6 33 5 7 33 5 9 33 5 10 33 0 5 3 1 43 3 2 43 3 3 43 3 5 43 3 7 43 0 5 8 1 90 8 3 90 8 5 90 8 7 90 8 8 90 1 5 1 61 2 61 7 61 8 61 10 61 0 5 5 1 37 5 2 37 5 4 37 5 7 37 5 9 37 0 5 1 1 67 1 5 67 1 6 67 1 7 67 1 8 67 1 5 3 29 5 29 6 29 7 29 8 29 0 5 7 1 29 7 4 29 7 5 29 7 6 29 7 9 29 0 5 7 1 64 7 5 64 7 6 64 7 8 64 7 10 64 0 5 3 3 59 3 4 59 3 5 59 3 8 59 3 10 59 1 5 1 63 2 63 6 63 7 63 9 63 0 15 6 2 38 7 2 38 8 2 38 6 4 38 7 4 38 8 4 38 6 5 38 7 5 38 8 5 38 6 9 38 7 9 38 8 9 38 6 10 38 7 10 38 8 10 38 0 15 1 4 47 2 4 42 5 4 45 1 5 47 2 5 42 5 5 45 1 7 47 2 7 42 5 7 45 1 8 47 2 8 42 5 8 45 1 10 47 2 10 42 5 10 45 
23 0 5 4 1 76 4 3 76 4 4 76 4 5 76 4 7 76 0 5 1 3 43 1 5 43 1 7 43 1 8 43 1 10 43 1 5 1 79 4 79 5 79 6 79 10 79 1 5 2 56 5 56 6 56 8 56 10 56 0 5 8 4 75 8 6 75 8 8 75 8 9 75 8 10 75 0 5 6 1 37 6 2 37 6 4 37 6 7 37 6 8 37 0 5 8 1 78 8 2 78 8 3 78 8 5 78 8 9 78 0 5 7 2 46 7 6 46 7 7 46 7 8 46 7 9 46 0 10 5 3 75 7 3 76 5 4 75 7 4 76 5 5 75 7 5 76 5 8 75 7 8 76 5 9 75 7 9 76 0 5 8 1 44 8 2 44 8 3 44 8 4 44 8 10 44 0 5 4 4 22 4 5 22 4 6 22 4 7 22 4 9 22 0 10 1 2 64 8 2 58 1 3 64 8 3 58 1 4 64 8 4 58 1 5 64 8 5 58 1 10 64 8 10 58 0 5 7 4 91 7 5 91 7 6 91 7 9 91 7 10 91 0 5 1 2 21 1 3 21 1 4 21 1 8 21 1 9 21 0 10 6 4 33 8 4 40 6 6 33 8 6 40 6 7 33 8 7 40 6 8 33 8 8 40 6 10 33 8 10 40 0 5 3 3 90 3 4 90 3 5 90 3 8 90 3 10 90 0 5 7 2 83 7 3 83 7 7 83 7 8 83 7 9 83 0 5 6 1 49 6 3 49 6 5 49 6 7 49 6 9 49 1 5 1 80 5 80 7 80 8 80 9 80 0 5 6 1 43 6 4 43 6 5 43 6 8 43 6 10 43 0 10 1 1 61 6 1 58 1 5 61 6 5 58 1 8 61 6 8 58 1 9 61 6 9 58 1 10 61 6 10 58 0 5 7 1 60 7 3 60 7 5 60 7 6 60 7 10 60 0 5 1 1 29 1 3 29 1 5 29 1 7 29 1 10 29 
19 0 5 4 1 60 4 2 60 4 5 60 4 7 60 4 10 60 0 5 3 2 52 3 3 52 3 4 52 3 6 52 3 7 52 0 15 4 4 88 6 4 88 7 4 87 4 5 88 6 5 88 7 5 87 4 7 88 6 7 88 7 7 87 4 9 88 6 9 88 7 9 87 4 10 88 6 10 88 7 10 87 0 10 5 2 34 6 2 34 5 3 34 6 3 34 5 6 34 6 6 34 5 9 34 6 9 34 5 10 34 6 10 34 0 5 5 1 82 5 2 82 5 3 82 5 4 82 5 10 82 1 5 2 44 3 44 4 44 8 44 9 44 0 5 7 1 40 7 5 40 7 8 40 7 9 40 7 10 40 0 5 4 1 43 4 2 43 4 3 43 4 6 43 4 7 43 0 5 1 2 81 1 4 81 1 6 81 1 8 81 1 9 81 0 5 1 1 68 1 3 68 1 7 68 1 9 68 1 10 68 0 10 3 1 64 6 1 60 3 2 64 6 2 60 3 5 64 6 5 60 3 6 64 6 6 60 3 7 64 6 7 60 0 5 5 3 77 5 4 77 5 5 77 5 8 77 5 10 77 0 5 2 3 27 2 4 27 2 5 27 2 6 27 2 8 27 1 5 1 51 2 51 4 51 7 51 9 51 0 5 6 3 21 6 5 21 6 6 21 6 7 21 6 9 21 0 5 2 2 40 2 3 40 2 7 40 2 8 40 2 10 40 1 5 1 25 3 25 4 25 9 25 10 25 0 5 6 1 76 6 4 76 6 6 76 6 9 76 6 10 76 0 5 3 2 94 3 6 94 3 7 94 3 9 94 3 10 94 
19 0 5 8 1 65 8 4 65 8 5 65 8 9 65 8 10 65 0 5 6 3 89 6 5 89 6 6 89 6 7 89 6 9 89 1 5 1 53 2 53 5 53 9 53 10 53 0 5 4 1 78 4 7 78 4 8 78 4 9 78 4 10 78 0 10 2 1 60 8 1 65 2 4 60 8 4 65 2 7 60 8 7 65 2 8 60 8 8 65 2 10 60 8 10 65 0 5 6 2 58 6 4 58 6 5 58 6 6 58 6 7 58 0 10 2 2 90 6 2 87 2 6 90 6 6 87 2 7 90 6 7 87 2 8 90 6 8 87 2 10 90 6 10 87 0 5 4 5 47 4 6 47 4 7 47 4 8 47 4 10 47 0 5 4 1 79 4 2 79 4 6 79 4 7 79 4 9 79 1 5 3 69 5 69 7 69 9 69 10 69 0 5 7 1 44 7 3 44 7 5 44 7 7 44 7 8 44 0 5 1 1 94 1 3 94 1 6 94 1 7 94 1 9 94 0 5 6 4 86 6 5 86 6 6 86 6 8 86 6 10 86 0 5 5 2 38 5 4 38 5 5 38 5 7 38 5 9 38 0 5 7 1 69 7 2 69 7 6 69 7 7 69 7 10 69 0 5 3 1 18 3 3 18 3 4 18 3 5 18 3 7 18 0 5 4 2 56 4 4 56 4 5 56 4 8 56 4 10 56 0 5 6 2 19 6 4 19 6 5 19 6 9 19 6 10 19 0 5 3 2 56 3 3 56 3 5 56 3 7 56 3 10 56 
21 0 5 4 1 25 4 6 25 4 7 25 4 9 25 4 10 25 0 5 8 2 85 8 5 85 8 6 85 8 7 85 8 9 85 0 5 3 3 20 3 5 20 3 7 20 3 9 20 3 10 20 0 5 1 2 85 1 6 85 1 8 85 1 9 85 1 10 85 0 5 1 1 55 1 2 55 1 4 55 1 7 55 1 8 55 0 5 4 1 50 4 3 50 4 4 50 4 8 50 4 10 50 0 5 4 3 62 4 6 62 4 7 62 4 9 62 4 10 62 0 10 7 1 20 8 1 20 7 2 20 8 2 20 7 3 20 8 3 20 7 9 20 8 9 20 7 10 20 8 10 20 0 5 6 3 68 6 5 68 6 6 68 6 7 68 6 10 68 0 10 3 3 68 6 3 69 3 4 68 6 4 69 3 6 68 6 6 69 3 7 68 6 7 69 3 10 68 6 10 69 0 15 4 1 43 5 1 45 7 1 46 4 2 43 5 2 45 7 2 46 4 5 43 5 5 45 7 5 46 4 6 43 5 6 45 7 6 46 4 9 43 5 9 45 7 9 46 0 5 6 2 47 6 4 47 6 6 47 6 8 47 6 10 47 0 5 2 3 37 2 5 37 2 6 37 2 7 37 2 10 37 1 5 4 13 6 13 7 13 9 13 10 13 0 5 2 4 80 2 6 80 2 7 80 2 8 80 2 10 80 0 5 1 1 12 1 2 12 1 5 12 1 6 12 1 9 12 0 5 4 1 90 4 3 90 4 5 90 4 7 90 4 8 90 0 5 8 1 26 8 2 26 8 4 26 8 6 26 8 10 26 0 5 8 3 81 8 7 81 8 8 81 8 9 81 8 10 81 0 5 6 1 43 6 2 43 6 3 43 6 7 43 6 8 43 0 20 1 3 45 5 3 42 7 3 43 8 3 43 1 4 45 5 4 42 7 4 43 8 4 43 1 8 45 5 8 42 7 8 43 8 8 43 1 9 45 5 9 42 7 9 43 8 9 43 1 10 45 5 10 42 7 10 43 8 10 43 
16 0 5 1 1 41 1 3 41 1 7 41 1 8 41 1 9 41 1 5 3 51 5 51 7 51 8 51 10 51 0 5 1 2 57 1 5 57 1 6 57 1 7 57 1 9 57 0 5 2 1 59 2 2 59 2 3 59 2 6 59 2 8 59 0 5 1 2 30 1 4 30 1 7 30 1 8 30 1 10 30 0 5 6 3 90 6 4 90 6 5 90 6 6 90 6 7 90 0 10 2 1 89 4 1 92 2 2 89 4 2 92 2 4 89 4 4 92 2 9 89 4 9 92 2 10 89 4 10 92 0 15 1 1 39 3 1 46 5 1 41 1 2 39 3 2 46 5 2 41 1 5 39 3 5 46 5 5 41 1 6 39 3 6 46 5 6 41 1 7 39 3 7 46 5 7 41 0 5 4 1 59 4 3 59 4 4 59 4 9 59 4 10 59 0 5 3 2 78 3 3 78 3 5 78 3 7 78 3 9 78 0 5 4 3 92 4 4 92 4 6 92 4 7 92 4 8 92 0 5 1 2 84 1 3 84 1 4 84 1 5 84 1 10 84 0 5 3 1 90 3 2 90 3 7 90 3 8 90 3 10 90 0 5 1 1 55 1 2 55 1 3 55 1 5 55 1 8 55 1 5 2 17 3 17 4 17 9 17 10 17 0 5 3 2 91 3 3 91 3 4 91 3 7 91 3 9 91 
16 0 5 4 1 65 4 5 65 4 6 65 4 9 65 4 10 65 0 15 1 2 74 5 2 71 6 2 71 1 3 74 5 3 71 6 3 71 1 8 74 5 8 71 6 8 71 1 9 74 5 9 71 6 9 71 1 10 74 5 10 71 6 10 71 0 5 7 2 90 7 3 90 7 4 90 7 7 90 7 9 90 0 5 8 1 44 8 2 44 8 4 44 8 8 44 8 10 44 0 5 4 3 52 4 4 52 4 6 52 4 8 52 4 10 52 0 5 2 1 60 2 2 60 2 5 60 2 6 60 2 7 60 0 5 8 1 30 8 2 30 8 3 30 8 4 30 8 6 30 0 5 6 2 88 6 3 88 6 6 88 6 7 88 6 8 88 0 5 1 3 21 1 4 21 1 6 21 1 8 21 1 9 21 0 10 1 2 17 6 2 18 1 6 17 6 6 18 1 8 17 6 8 18 1 9 17 6 9 18 1 10 17 6 10 18 0 5 6 2 68 6 3 68 6 5 68 6 7 68 6 10 68 0 5 5 2 59 5 6 59 5 7 59 5 8 59 5 9 59 0 5 3 6 45 3 7 45 3 8 45 3 9 45 3 10 45 0 5 2 1 64 2 5 64 2 8 64 2 9 64 2 10 64 0 5 4 1 74 4 2 74 4 4 74 4 6 74 4 10 74 0 5 5 2 53 5 3 53 5 5 53 5 7 53 5 10 53 
25 0 5 4 2 28 4 5 28 4 6 28 4 7 28 4 9 28 0 5 7 4 50 7 5 50 7 7 50 7 8 50 7 9 50 0 5 5 1 71 5 2 71 5 6 71 5 8 71 5 9 71 0 5 2 1 24 2 2 24 2 6 24 2 8 24 2 9 24 0 5 6 5 36 6 6 36 6 7 36 6 9 36 6 10 36 1 5 1 15 3 15 7 15 8 15 10 15 0 5 2 2 45 2 5 45 2 6 45 2 8 45 2 9 45 0 5 7 1 22 7 2 22 7 3 22 7 4 22 7 9 22 0 5 5 2 75 5 5 75 5 6 75 5 8 75 5 9 75 0 10 2 1 34 6 1 40 2 3 34 6 3 40 2 4 34 6 4 40 2 6 34 6 6 40 2 7 34 6 7 40 1 5 1 88 4 88 7 88 8 88 9 88 0 5 8 1 19 8 2 19 8 5 19 8 6 19 8 8 19 0 5 2 2 54 2 5 54 2 8 54 2 9 54 2 10 54 0 5 2 1 46 2 2 46 2 4 46 2 8 46 2 10 46 0 10 6 4 79 8 4 77 6 5 79 8 5 77 6 6 79 8 6 77 6 9 79 8 9 77 6 10 79 8 10 77 1 5 2 76 4 76 5 76 7 76 10 76 0 5 3 2 70 3 3 70 3 5 70 3 6 70 3 7 70 0 5 7 3 88 7 5 88 7 7 88 7 8 88 7 9 88 0 5 5 1 35 5 7 35 5 8 35 5 9 35 5 10 35 1 5 1 54 5 54 6 54 7 54 9 54 1 5 3 25 5 25 6 25 7 25 9 25 0 5 3 1 48 3 2 48 3 3 48 3 4 48 3 9 48 0 5 2 2 34 2 3 34 2 4 34 2 6 34 2 10 34 1 5 3 45 4 45 6 45 7 45 9 45 0 5 7 1 32 7 5 32 7 6 32 7 9 32 7 10 32 
